tweets;related;rainfall (mm/30min);Normalized tweets;Normalized related;Normalized rainfall (mm/30min);Next batch rainfall (mm/30min);Next batch rainfall class
0;0;0.0;0.0;0.0;0.0;0.0;0
0;0;0.0;0.0;0.0;0.0;0.0;0
0;0;0.0;0.0;0.0;0.0;0.0;0
0;0;0.2;0.0;0.0;0.006000600060006001;0.0;0
1;0;0.0;0.047619047619047616;0.0;0.0;0.0;0
1;0;0.0;0.047619047619047616;0.0;0.0;0.0;0
0;0;0.0;0.0;0.0;0.0;0.0;0
0;0;0.0;0.0;0.0;0.0;0.0;0
0;0;0.0;0.0;0.0;0.0;0.0;0
0;0;0.0;0.0;0.0;0.0;0.0;0
0;0;0.79;0.0;0.0;0.023702370237023703;1.57;0
0;0;0.0;0.0;0.0;0.0;0.0;0
0;0;0.0;0.0;0.0;0.0;0.0;0
1;0;0.0;0.047619047619047616;0.0;0.0;0.0;0
3;0;0.0;0.14285714285714285;0.0;0.0;0.0;0
0;0;4.31;0.0;0.0;0.12931293129312932;2.55;1
0;0;0.0;0.0;0.0;0.0;0.0;0
0;0;0.0;0.0;0.0;0.0;0.2;0
0;0;0.0;0.0;0.0;0.0;0.0;0
0;0;0.4;0.0;0.0;0.012001200120012002;0.2;0
0;0;0.98;0.0;0.0;0.029402940294029404;1.18;0
0;0;0.0;0.0;0.0;0.0;0.0;0
0;0;0.0;0.0;0.0;0.0;0.0;0
0;0;0.0;0.0;0.0;0.0;0.0;0
0;0;0.0;0.0;0.0;0.0;0.0;0
0;0;0.0;0.0;0.0;0.0;0.0;0
0;0;0.0;0.0;0.0;0.0;1.18;0
1;0;0.0;0.047619047619047616;0.0;0.0;0.0;0
0;0;0.0;0.0;0.0;0.0;0.0;0
0;0;0.0;0.0;0.0;0.0;0.0;0
0;0;0.0;0.0;0.0;0.0;0.0;0
0;0;2.55;0.0;0.0;0.07650765076507651;0.4;0
0;0;0.0;0.0;0.0;0.0;0.0;0
0;0;0.0;0.0;0.0;0.0;0.0;0
0;0;0.0;0.0;0.0;0.0;0.0;0
0;0;0.0;0.0;0.0;0.0;0.0;0
0;0;0.0;0.0;0.0;0.0;0.0;0
2;0;0.0;0.09523809523809523;0.0;0.0;0.0;0
1;0;0.0;0.047619047619047616;0.0;0.0;0.2;0
0;0;0.2;0.0;0.0;0.006000600060006001;0.0;0
0;0;0.0;0.0;0.0;0.0;0.0;0
0;0;0.2;0.0;0.0;0.006000600060006001;0.0;0
0;0;0.0;0.0;0.0;0.0;0.0;0
0;0;0.2;0.0;0.0;0.006000600060006001;0.0;0
0;0;0.0;0.0;0.0;0.0;0.0;0
1;0;0.0;0.047619047619047616;0.0;0.0;0.79;0
1;0;0.0;0.047619047619047616;0.0;0.0;0.0;0
0;0;0.0;0.0;0.0;0.0;0.0;0
0;0;0.0;0.0;0.0;0.0;0.0;0
0;0;0.0;0.0;0.0;0.0;0.0;0
0;0;0.0;0.0;0.0;0.0;0.0;0
0;0;0.0;0.0;0.0;0.0;0.0;0
0;0;0.0;0.0;0.0;0.0;0.0;0
1;0;0.0;0.047619047619047616;0.0;0.0;0.0;0
0;0;0.0;0.0;0.0;0.0;0.0;0
0;0;0.0;0.0;0.0;0.0;0.0;0
1;0;0.0;0.047619047619047616;0.0;0.0;0.0;0
1;0;0.0;0.047619047619047616;0.0;0.0;0.0;0
0;0;0.0;0.0;0.0;0.0;0.0;0
0;0;0.0;0.0;0.0;0.0;0.0;0
0;0;0.0;0.0;0.0;0.0;0.0;0
1;0;0.0;0.047619047619047616;0.0;0.0;0.0;0
0;0;0.0;0.0;0.0;0.0;0.0;0
0;0;0.0;0.0;0.0;0.0;0.0;0
0;0;0.0;0.0;0.0;0.0;0.0;0
0;0;0.0;0.0;0.0;0.0;0.0;0
0;0;0.0;0.0;0.0;0.0;0.0;0
0;0;0.0;0.0;0.0;0.0;0.0;0
0;0;0.2;0.0;0.0;0.006000600060006001;0.0;0
0;0;0.0;0.0;0.0;0.0;0.0;0
0;0;0.59;0.0;0.0;0.0177017701770177;0.2;0
1;0;0.0;0.047619047619047616;0.0;0.0;0.0;0
0;0;0.0;0.0;0.0;0.0;0.0;0
1;0;1.18;0.047619047619047616;0.0;0.0354035403540354;0.0;0
0;0;0.0;0.0;0.0;0.0;0.0;0
0;0;0.0;0.0;0.0;0.0;0.0;0
0;0;0.0;0.0;0.0;0.0;0.0;0
0;0;0.0;0.0;0.0;0.0;0.0;0
0;0;0.0;0.0;0.0;0.0;0.0;0
0;0;0.0;0.0;0.0;0.0;0.0;0
1;0;0.0;0.047619047619047616;0.0;0.0;0.0;0
0;0;0.0;0.0;0.0;0.0;0.0;0
0;0;0.0;0.0;0.0;0.0;0.0;0
0;0;0.99;0.0;0.0;0.029702970297029705;0.2;0
0;0;0.0;0.0;0.0;0.0;0.0;0
1;0;0.0;0.047619047619047616;0.0;0.0;0.0;0
1;0;0.0;0.047619047619047616;0.0;0.0;0.0;0
0;0;0.0;0.0;0.0;0.0;0.0;0
0;0;0.2;0.0;0.0;0.006000600060006001;0.2;0
1;0;0.0;0.047619047619047616;0.0;0.0;0.0;0
0;0;0.0;0.0;0.0;0.0;0.0;0
0;0;0.0;0.0;0.0;0.0;0.0;0
1;0;0.0;0.047619047619047616;0.0;0.0;0.0;0
2;0;0.0;0.09523809523809523;0.0;0.0;0.0;0
0;0;0.0;0.0;0.0;0.0;0.0;0
0;0;0.0;0.0;0.0;0.0;0.0;0
0;0;0.0;0.0;0.0;0.0;0.0;0
0;0;0.0;0.0;0.0;0.0;0.0;0
1;0;0.0;0.047619047619047616;0.0;0.0;0.0;0
0;0;0.0;0.0;0.0;0.0;0.0;0
0;0;0.0;0.0;0.0;0.0;0.0;0
0;0;0.0;0.0;0.0;0.0;0.0;0
0;0;0.0;0.0;0.0;0.0;0.0;0
0;0;0.0;0.0;0.0;0.0;0.0;0
0;0;0.0;0.0;0.0;0.0;0.0;0
0;0;0.79;0.0;0.0;0.023702370237023703;0.59;0
0;0;0.0;0.0;0.0;0.0;0.0;0
0;0;0.0;0.0;0.0;0.0;0.0;0
0;0;0.0;0.0;0.0;0.0;0.0;0
0;0;0.59;0.0;0.0;0.0177017701770177;0.98;0
1;0;0.0;0.047619047619047616;0.0;0.0;0.0;0
0;0;0.0;0.0;0.0;0.0;0.0;0
0;0;0.0;0.0;0.0;0.0;0.0;0
0;0;0.0;0.0;0.0;0.0;0.0;0
0;0;0.0;0.0;0.0;0.0;0.0;0
0;0;0.2;0.0;0.0;0.006000600060006001;0.0;0
0;0;0.0;0.0;0.0;0.0;0.0;0
0;0;0.0;0.0;0.0;0.0;0.0;0
1;0;0.0;0.047619047619047616;0.0;0.0;0.0;0
2;0;0.0;0.09523809523809523;0.0;0.0;0.0;0
0;0;0.2;0.0;0.0;0.006000600060006001;0.0;0
1;0;1.18;0.047619047619047616;0.0;0.0354035403540354;0.2;0
0;0;0.0;0.0;0.0;0.0;0.0;0
3;0;0.0;0.14285714285714285;0.0;0.0;0.0;0
0;0;0.0;0.0;0.0;0.0;0.0;0
0;0;0.0;0.0;0.0;0.0;0.0;0
0;0;0.0;0.0;0.0;0.0;0.0;0
0;0;0.0;0.0;0.0;0.0;0.0;0
0;0;0.0;0.0;0.0;0.0;0.0;0
0;0;2.15;0.0;0.0;0.06450645064506451;0.2;0
0;0;0.0;0.0;0.0;0.0;0.0;0
0;0;0.0;0.0;0.0;0.0;0.0;0
0;0;0.39;0.0;0.0;0.011701170117011703;0.2;0
0;0;0.0;0.0;0.0;0.0;0.0;0
1;0;0.0;0.047619047619047616;0.0;0.0;0.0;0
2;0;0.0;0.09523809523809523;0.0;0.0;0.0;0
0;0;0.0;0.0;0.0;0.0;0.0;0
0;0;0.0;0.0;0.0;0.0;0.0;0
0;0;0.0;0.0;0.0;0.0;0.0;0
0;0;0.0;0.0;0.0;0.0;0.0;0
0;0;0.4;0.0;0.0;0.012001200120012002;0.0;0
0;0;0.0;0.0;0.0;0.0;0.2;0
1;0;0.0;0.047619047619047616;0.0;0.0;0.0;0
0;0;0.0;0.0;0.0;0.0;0.0;0
0;0;0.4;0.0;0.0;0.012001200120012002;0.4;0
0;0;0.0;0.0;0.0;0.0;0.0;0
0;0;0.0;0.0;0.0;0.0;0.0;0
0;0;0.0;0.0;0.0;0.0;0.0;0
0;0;0.0;0.0;0.0;0.0;0.0;0
0;0;0.0;0.0;0.0;0.0;0.0;0
0;0;0.0;0.0;0.0;0.0;0.0;0
0;0;0.0;0.0;0.0;0.0;0.0;0
0;0;0.0;0.0;0.0;0.0;0.78;0
0;0;0.2;0.0;0.0;0.006000600060006001;0.99;0
0;0;0.0;0.0;0.0;0.0;0.0;0
0;0;0.0;0.0;0.0;0.0;0.0;0
0;0;0.0;0.0;0.0;0.0;0.0;0
1;0;1.97;0.047619047619047616;0.0;0.05910591059105911;1.18;0
2;0;2.55;0.09523809523809523;0.0;0.07650765076507651;0.98;0
0;0;0.0;0.0;0.0;0.0;0.0;0
0;0;0.0;0.0;0.0;0.0;0.0;0
0;0;0.0;0.0;0.0;0.0;0.0;0
0;0;0.0;0.0;0.0;0.0;0.0;0
0;0;0.0;0.0;0.0;0.0;0.0;0
0;0;0.59;0.0;0.0;0.0177017701770177;0.79;0
0;0;0.0;0.0;0.0;0.0;0.0;0
0;0;0.0;0.0;0.0;0.0;0.0;0
0;0;0.0;0.0;0.0;0.0;0.0;0
0;0;0.0;0.0;0.0;0.0;0.0;0
0;0;0.0;0.0;0.0;0.0;0.0;0
0;0;0.0;0.0;0.0;0.0;0.0;0
0;0;0.0;0.0;0.0;0.0;0.0;0
0;0;0.0;0.0;0.0;0.0;0.0;0
0;0;0.0;0.0;0.0;0.0;0.0;0
1;0;0.0;0.047619047619047616;0.0;0.0;0.0;0
0;0;0.0;0.0;0.0;0.0;0.0;0
0;0;0.0;0.0;0.0;0.0;0.0;0
0;0;0.0;0.0;0.0;0.0;0.0;0
1;0;0.0;0.047619047619047616;0.0;0.0;0.0;0
1;0;0.39;0.047619047619047616;0.0;0.011701170117011703;0.98;0
0;0;0.0;0.0;0.0;0.0;0.0;0
0;0;0.79;0.0;0.0;0.023702370237023703;0.2;0
0;0;0.0;0.0;0.0;0.0;0.0;0
0;0;0.0;0.0;0.0;0.0;0.0;0
0;0;0.0;0.0;0.0;0.0;0.0;0
0;0;0.0;0.0;0.0;0.0;0.0;0
0;0;0.0;0.0;0.0;0.0;0.0;0
1;0;0.0;0.047619047619047616;0.0;0.0;0.0;0
0;0;0.0;0.0;0.0;0.0;0.0;0
0;0;0.0;0.0;0.0;0.0;0.0;0
0;0;0.0;0.0;0.0;0.0;0.0;0
0;0;0.0;0.0;0.0;0.0;0.0;0
0;0;0.0;0.0;0.0;0.0;0.0;0
0;0;0.0;0.0;0.0;0.0;0.0;0
0;0;0.2;0.0;0.0;0.006000600060006001;0.2;0
0;0;0.0;0.0;0.0;0.0;0.0;0
0;0;0.0;0.0;0.0;0.0;0.0;0
0;0;0.0;0.0;0.0;0.0;0.0;0
0;0;0.0;0.0;0.0;0.0;0.0;0
0;0;0.0;0.0;0.0;0.0;0.0;0
1;0;0.0;0.047619047619047616;0.0;0.0;0.0;0
0;0;0.0;0.0;0.0;0.0;0.0;0
0;0;0.0;0.0;0.0;0.0;0.0;0
0;0;0.0;0.0;0.0;0.0;0.0;0
0;0;0.2;0.0;0.0;0.006000600060006001;0.0;0
0;0;0.0;0.0;0.0;0.0;0.0;0
0;0;0.0;0.0;0.0;0.0;0.0;0
0;0;0.0;0.0;0.0;0.0;0.0;0
0;0;0.0;0.0;0.0;0.0;0.0;0
0;0;0.0;0.0;0.0;0.0;0.0;0
0;0;0.0;0.0;0.0;0.0;0.0;0
0;0;0.0;0.0;0.0;0.0;0.0;0
0;0;0.0;0.0;0.0;0.0;0.0;0
0;0;0.0;0.0;0.0;0.0;0.0;0
0;0;0.0;0.0;0.0;0.0;0.0;0
0;0;0.0;0.0;0.0;0.0;0.0;0
2;0;0.0;0.09523809523809523;0.0;0.0;0.0;0
2;0;0.0;0.09523809523809523;0.0;0.0;0.0;0
0;0;5.9;0.0;0.0;0.17701770177017703;0.2;0
0;0;0.0;0.0;0.0;0.0;0.0;0
0;0;0.0;0.0;0.0;0.0;0.0;0
1;0;0.0;0.047619047619047616;0.0;0.0;0.0;0
0;0;0.0;0.0;0.0;0.0;0.0;0
0;0;0.0;0.0;0.0;0.0;0.0;0
0;0;0.0;0.0;0.0;0.0;0.0;0
0;0;0.0;0.0;0.0;0.0;0.0;0
0;0;0.0;0.0;0.0;0.0;0.0;0
0;0;0.0;0.0;0.0;0.0;0.0;0
1;0;0.0;0.047619047619047616;0.0;0.0;0.0;0
0;0;0.0;0.0;0.0;0.0;0.0;0
2;0;0.0;0.09523809523809523;0.0;0.0;0.0;0
0;0;0.0;0.0;0.0;0.0;0.0;0
0;0;0.0;0.0;0.0;0.0;0.0;0
0;0;0.0;0.0;0.0;0.0;0.0;0
0;0;0.4;0.0;0.0;0.012001200120012002;0.2;0
0;0;0.0;0.0;0.0;0.0;0.0;0
0;0;0.0;0.0;0.0;0.0;0.0;0
0;0;0.0;0.0;0.0;0.0;0.2;0
0;0;0.0;0.0;0.0;0.0;0.0;0
2;0;0.0;0.09523809523809523;0.0;0.0;0.0;0
0;0;0.0;0.0;0.0;0.0;0.0;0
0;0;0.0;0.0;0.0;0.0;0.0;0
0;0;0.0;0.0;0.0;0.0;0.0;0
0;0;0.0;0.0;0.0;0.0;0.0;0
0;0;1.37;0.0;0.0;0.04110411041104111;2.75;1
1;0;0.0;0.047619047619047616;0.0;0.0;0.0;0
0;0;0.0;0.0;0.0;0.0;0.0;0
0;0;0.0;0.0;0.0;0.0;0.0;0
1;0;0.0;0.047619047619047616;0.0;0.0;0.0;0
1;0;0.0;0.047619047619047616;0.0;0.0;0.0;0
0;0;0.0;0.0;0.0;0.0;0.0;0
0;0;0.0;0.0;0.0;0.0;0.0;0
0;0;0.0;0.0;0.0;0.0;0.0;0
1;0;0.0;0.047619047619047616;0.0;0.0;0.0;0
0;0;0.0;0.0;0.0;0.0;0.4;0
0;0;0.0;0.0;0.0;0.0;0.0;0
0;0;0.0;0.0;0.0;0.0;0.0;0
0;0;0.0;0.0;0.0;0.0;0.0;0
0;0;0.0;0.0;0.0;0.0;0.0;0
0;0;0.0;0.0;0.0;0.0;0.0;0
0;0;0.0;0.0;0.0;0.0;0.0;0
0;0;0.0;0.0;0.0;0.0;0.0;0
0;0;0.0;0.0;0.0;0.0;0.0;0
0;0;0.0;0.0;0.0;0.0;0.0;0
4;0;0.0;0.19047619047619047;0.0;0.0;0.0;0
0;0;0.0;0.0;0.0;0.0;0.0;0
0;0;0.0;0.0;0.0;0.0;0.0;0
0;0;0.4;0.0;0.0;0.012001200120012002;0.0;0
0;0;0.0;0.0;0.0;0.0;0.0;0
0;0;0.0;0.0;0.0;0.0;0.0;0
1;0;0.0;0.047619047619047616;0.0;0.0;0.0;0
0;0;0.0;0.0;0.0;0.0;0.0;0
0;0;0.0;0.0;0.0;0.0;0.0;0
0;0;0.4;0.0;0.0;0.012001200120012002;0.2;0
0;0;0.99;0.0;0.0;0.029702970297029705;0.0;0
0;0;0.0;0.0;0.0;0.0;0.0;0
1;0;0.0;0.047619047619047616;0.0;0.0;0.0;0
5;0;0.0;0.23809523809523808;0.0;0.0;0.0;0
0;0;0.0;0.0;0.0;0.0;0.0;0
0;0;0.0;0.0;0.0;0.0;0.0;0
0;0;0.0;0.0;0.0;0.0;0.0;0
0;0;0.0;0.0;0.0;0.0;0.0;0
1;0;1.97;0.047619047619047616;0.0;0.05910591059105911;0.4;0
0;0;0.0;0.0;0.0;0.0;0.0;0
0;0;0.0;0.0;0.0;0.0;0.0;0
0;0;0.0;0.0;0.0;0.0;0.0;0
0;0;1.57;0.0;0.0;0.04710471047104711;0.4;0
0;0;0.2;0.0;0.0;0.006000600060006001;0.0;0
0;0;1.38;0.0;0.0;0.041404140414041404;1.58;0
0;0;0.0;0.0;0.0;0.0;0.0;0
0;0;0.0;0.0;0.0;0.0;0.0;0
0;0;0.0;0.0;0.0;0.0;0.0;0
0;0;0.0;0.0;0.0;0.0;0.0;0
1;0;0.0;0.047619047619047616;0.0;0.0;0.0;0
1;0;0.0;0.047619047619047616;0.0;0.0;0.0;0
0;0;0.0;0.0;0.0;0.0;0.0;0
0;0;0.0;0.0;0.0;0.0;0.0;0
0;0;0.0;0.0;0.0;0.0;0.0;0
0;0;0.2;0.0;0.0;0.006000600060006001;0.0;0
0;0;0.0;0.0;0.0;0.0;0.0;0
0;0;0.0;0.0;0.0;0.0;0.0;0
1;0;0.0;0.047619047619047616;0.0;0.0;0.0;0
0;0;0.0;0.0;0.0;0.0;0.0;0
0;0;0.2;0.0;0.0;0.006000600060006001;0.0;0
1;0;0.0;0.047619047619047616;0.0;0.0;0.0;0
1;0;0.0;0.047619047619047616;0.0;0.0;0.0;0
0;0;0.0;0.0;0.0;0.0;0.0;0
0;0;1.18;0.0;0.0;0.0354035403540354;2.55;1
0;0;0.0;0.0;0.0;0.0;0.0;0
2;0;0.0;0.09523809523809523;0.0;0.0;0.0;0
0;0;0.0;0.0;0.0;0.0;0.0;0
0;0;0.0;0.0;0.0;0.0;0.0;0
0;0;0.0;0.0;0.0;0.0;0.0;0
0;0;0.0;0.0;0.0;0.0;0.0;0
0;0;1.18;0.0;0.0;0.0354035403540354;2.95;1
0;0;0.0;0.0;0.0;0.0;0.0;0
0;0;0.0;0.0;0.0;0.0;0.0;0
0;0;0.0;0.0;0.0;0.0;0.0;0
0;0;0.2;0.0;0.0;0.006000600060006001;0.0;0
0;0;0.0;0.0;0.0;0.0;0.0;0
0;0;0.0;0.0;0.0;0.0;0.0;0
0;0;4.13;0.0;0.0;0.12391239123912391;0.4;0
0;0;0.0;0.0;0.0;0.0;0.0;0
0;0;0.0;0.0;0.0;0.0;0.0;0
0;0;0.0;0.0;0.0;0.0;0.0;0
0;0;5.11;0.0;0.0;0.15331533153315333;1.37;0
0;0;0.2;0.0;0.0;0.006000600060006001;0.4;0
0;0;0.2;0.0;0.0;0.006000600060006001;0.4;0
0;0;0.0;0.0;0.0;0.0;0.0;0
0;0;0.0;0.0;0.0;0.0;0.0;0
0;0;0.0;0.0;0.0;0.0;0.0;0
0;0;0.0;0.0;0.0;0.0;0.0;0
0;0;0.0;0.0;0.0;0.0;0.0;0
0;0;0.0;0.0;0.0;0.0;0.0;0
0;0;0.0;0.0;0.0;0.0;0.0;0
0;0;0.0;0.0;0.0;0.0;0.0;0
0;0;0.0;0.0;0.0;0.0;2.76;1
0;0;0.0;0.0;0.0;0.0;0.0;0
0;0;0.6;0.0;0.0;0.018001800180018002;0.99;0
0;0;0.4;0.0;0.0;0.012001200120012002;3.54;1
0;0;0.0;0.0;0.0;0.0;0.0;0
0;0;0.0;0.0;0.0;0.0;0.0;0
1;0;0.98;0.047619047619047616;0.0;0.029402940294029404;0.59;0
0;0;0.0;0.0;0.0;0.0;0.0;0
2;0;0.0;0.09523809523809523;0.0;0.0;0.0;0
1;0;0.0;0.047619047619047616;0.0;0.0;0.0;0
0;0;2.36;0.0;0.0;0.0708070807080708;0.4;0
0;0;0.2;0.0;0.0;0.006000600060006001;0.98;0
1;0;0.2;0.047619047619047616;0.0;0.006000600060006001;0.2;0
1;0;0.0;0.047619047619047616;0.0;0.0;0.0;0
0;0;0.0;0.0;0.0;0.0;0.0;0
0;0;0.0;0.0;0.0;0.0;0.0;0
0;0;0.0;0.0;0.0;0.0;0.0;0
0;0;0.0;0.0;0.0;0.0;0.0;0
0;0;0.0;0.0;0.0;0.0;10.85;1
0;0;0.98;0.0;0.0;0.029402940294029404;0.79;0
0;0;0.0;0.0;0.0;0.0;0.0;0
0;0;0.0;0.0;0.0;0.0;0.0;0
0;0;0.0;0.0;0.0;0.0;0.0;0
0;0;0.0;0.0;0.0;0.0;0.0;0
0;0;0.0;0.0;0.0;0.0;0.0;0
0;0;0.0;0.0;0.0;0.0;0.0;0
0;0;0.2;0.0;0.0;0.006000600060006001;0.2;0
0;0;0.0;0.0;0.0;0.0;0.0;0
0;0;0.0;0.0;0.0;0.0;0.0;0
0;0;0.0;0.0;0.0;0.0;0.0;0
0;0;0.0;0.0;0.0;0.0;0.0;0
0;0;0.0;0.0;0.0;0.0;0.0;0
0;0;0.0;0.0;0.0;0.0;0.0;0
0;0;0.0;0.0;0.0;0.0;0.0;0
0;0;1.37;0.0;0.0;0.04110411041104111;1.57;0
0;0;0.0;0.0;0.0;0.0;0.0;0
0;0;0.0;0.0;0.0;0.0;0.0;0
0;0;0.0;0.0;0.0;0.0;0.0;0
1;0;0.0;0.047619047619047616;0.0;0.0;0.0;0
0;0;0.0;0.0;0.0;0.0;0.0;0
0;0;0.0;0.0;0.0;0.0;0.0;0
0;0;0.0;0.0;0.0;0.0;0.0;0
0;0;0.0;0.0;0.0;0.0;0.0;0
0;0;0.0;0.0;0.0;0.0;0.0;0
0;0;0.0;0.0;0.0;0.0;0.0;0
0;0;0.0;0.0;0.0;0.0;0.0;0
0;0;0.0;0.0;0.0;0.0;0.0;0
0;0;0.0;0.0;0.0;0.0;0.0;0
0;0;0.0;0.0;0.0;0.0;0.0;0
0;0;0.0;0.0;0.0;0.0;0.2;0
0;0;0.0;0.0;0.0;0.0;0.2;0
0;0;0.0;0.0;0.0;0.0;0.0;0
0;0;0.0;0.0;0.0;0.0;0.0;0
0;0;0.0;0.0;0.0;0.0;0.0;0
0;0;0.0;0.0;0.0;0.0;0.0;0
0;0;0.0;0.0;0.0;0.0;0.0;0
0;0;0.0;0.0;0.0;0.0;0.0;0
1;0;0.0;0.047619047619047616;0.0;0.0;0.0;0
0;0;0.0;0.0;0.0;0.0;0.0;0
1;0;0.0;0.047619047619047616;0.0;0.0;0.0;0
0;0;0.0;0.0;0.0;0.0;0.0;0
1;0;0.0;0.047619047619047616;0.0;0.0;0.0;0
0;0;0.0;0.0;0.0;0.0;0.0;0
0;0;0.0;0.0;0.0;0.0;0.0;0
0;0;0.0;0.0;0.0;0.0;0.0;0
0;0;0.0;0.0;0.0;0.0;0.0;0
0;0;0.0;0.0;0.0;0.0;0.0;0
0;0;0.0;0.0;0.0;0.0;0.0;0
0;0;0.0;0.0;0.0;0.0;0.0;0
0;0;0.0;0.0;0.0;0.0;0.2;0
1;0;0.0;0.047619047619047616;0.0;0.0;0.4;0
0;0;0.0;0.0;0.0;0.0;0.0;0
0;0;0.0;0.0;0.0;0.0;0.0;0
0;0;0.0;0.0;0.0;0.0;0.0;0
0;0;0.2;0.0;0.0;0.006000600060006001;0.0;0
0;0;0.2;0.0;0.0;0.006000600060006001;0.0;0
0;0;0.0;0.0;0.0;0.0;0.0;0
0;0;0.0;0.0;0.0;0.0;0.2;0
0;0;0.0;0.0;0.0;0.0;0.0;0
0;0;0.0;0.0;0.0;0.0;0.0;0
2;0;0.0;0.09523809523809523;0.0;0.0;0.0;0
1;0;0.0;0.047619047619047616;0.0;0.0;0.0;0
0;0;0.0;0.0;0.0;0.0;0.0;0
1;0;0.0;0.047619047619047616;0.0;0.0;0.0;0
0;0;0.0;0.0;0.0;0.0;0.0;0
0;0;0.0;0.0;0.0;0.0;0.0;0
1;0;0.0;0.047619047619047616;0.0;0.0;0.0;0
0;0;0.0;0.0;0.0;0.0;0.0;0
0;0;0.59;0.0;0.0;0.0177017701770177;6.7;1
3;0;0.0;0.14285714285714285;0.0;0.0;0.0;0
0;0;0.0;0.0;0.0;0.0;0.0;0
0;0;0.0;0.0;0.0;0.0;0.0;0
15;0;0.0;0.7142857142857143;0.0;0.0;0.0;0
2;0;0.0;0.09523809523809523;0.0;0.0;0.0;0
0;0;0.0;0.0;0.0;0.0;0.2;0
0;0;0.0;0.0;0.0;0.0;0.0;0
17;0;0.0;0.8095238095238095;0.0;0.0;0.0;0
3;0;0.0;0.14285714285714285;0.0;0.0;0.0;0
0;0;0.0;0.0;0.0;0.0;0.0;0
0;0;0.0;0.0;0.0;0.0;0.0;0
0;0;11.42;0.0;0.0;0.3426342634263426;1.37;0
0;0;0.0;0.0;0.0;0.0;0.59;0
1;0;0.0;0.047619047619047616;0.0;0.0;0.0;0
0;0;0.0;0.0;0.0;0.0;0.0;0
0;0;0.0;0.0;0.0;0.0;0.0;0
1;0;0.0;0.047619047619047616;0.0;0.0;0.2;0
0;0;0.0;0.0;0.0;0.0;0.0;0
0;0;0.0;0.0;0.0;0.0;0.0;0
0;0;0.0;0.0;0.0;0.0;0.0;0
0;0;0.0;0.0;0.0;0.0;0.0;0
0;0;0.0;0.0;0.0;0.0;0.0;0
0;0;0.0;0.0;0.0;0.0;0.0;0
0;0;0.0;0.0;0.0;0.0;0.0;0
0;0;0.0;0.0;0.0;0.0;0.0;0
0;0;0.0;0.0;0.0;0.0;0.0;0
0;0;0.0;0.0;0.0;0.0;0.0;0
1;0;0.0;0.047619047619047616;0.0;0.0;0.0;0
0;0;0.0;0.0;0.0;0.0;0.0;0
0;0;0.0;0.0;0.0;0.0;0.0;0
0;0;0.4;0.0;0.0;0.012001200120012002;0.4;0
0;0;0.2;0.0;0.0;0.006000600060006001;0.0;0
0;0;0.0;0.0;0.0;0.0;0.0;0
0;0;0.0;0.0;0.0;0.0;0.0;0
0;0;0.0;0.0;0.0;0.0;0.0;0
0;0;0.0;0.0;0.0;0.0;0.0;0
0;0;0.0;0.0;0.0;0.0;0.0;0
0;0;0.0;0.0;0.0;0.0;0.0;0
0;0;0.0;0.0;0.0;0.0;0.0;0
0;0;0.0;0.0;0.0;0.0;0.0;0
0;0;0.0;0.0;0.0;0.0;0.0;0
0;0;0.0;0.0;0.0;0.0;0.0;0
1;0;0.2;0.047619047619047616;0.0;0.006000600060006001;0.2;0
0;0;0.0;0.0;0.0;0.0;0.0;0
0;0;0.0;0.0;0.0;0.0;0.0;0
0;0;0.0;0.0;0.0;0.0;0.0;0
0;0;0.0;0.0;0.0;0.0;0.0;0
0;0;0.0;0.0;0.0;0.0;0.0;0
0;0;0.4;0.0;0.0;0.012001200120012002;1.97;0
0;0;0.4;0.0;0.0;0.012001200120012002;1.18;0
0;0;0.79;0.0;0.0;0.023702370237023703;0.4;0
0;0;0.0;0.0;0.0;0.0;0.0;0
0;0;0.0;0.0;0.0;0.0;0.0;0
0;0;0.0;0.0;0.0;0.0;0.0;0
1;0;0.0;0.047619047619047616;0.0;0.0;0.0;0
0;0;0.0;0.0;0.0;0.0;0.0;0
1;0;0.0;0.047619047619047616;0.0;0.0;0.0;0
0;0;0.0;0.0;0.0;0.0;0.0;0
0;0;0.0;0.0;0.0;0.0;0.2;0
1;0;0.0;0.047619047619047616;0.0;0.0;0.0;0
0;0;0.0;0.0;0.0;0.0;0.0;0
1;0;0.0;0.047619047619047616;0.0;0.0;0.0;0
3;0;0.0;0.14285714285714285;0.0;0.0;0.0;0
0;0;0.0;0.0;0.0;0.0;0.0;0
0;0;0.0;0.0;0.0;0.0;0.0;0
0;0;0.0;0.0;0.0;0.0;0.0;0
0;0;0.0;0.0;0.0;0.0;0.0;0
15;0;0.0;0.7142857142857143;0.0;0.0;0.0;0
0;0;0.0;0.0;0.0;0.0;0.0;0
0;0;0.0;0.0;0.0;0.0;0.0;0
1;0;0.0;0.047619047619047616;0.0;0.0;0.0;0
0;0;0.0;0.0;0.0;0.0;0.0;0
0;0;0.0;0.0;0.0;0.0;0.0;0
0;0;0.0;0.0;0.0;0.0;0.0;0
0;0;0.0;0.0;0.0;0.0;0.0;0
0;0;0.0;0.0;0.0;0.0;0.0;0
0;0;0.0;0.0;0.0;0.0;0.0;0
0;0;2.55;0.0;0.0;0.07650765076507651;1.97;0
0;0;0.0;0.0;0.0;0.0;0.2;0
0;0;0.0;0.0;0.0;0.0;0.0;0
0;0;0.0;0.0;0.0;0.0;0.0;0
0;0;0.0;0.0;0.0;0.0;0.0;0
0;0;0.0;0.0;0.0;0.0;0.0;0
0;0;0.0;0.0;0.0;0.0;0.0;0
0;0;0.0;0.0;0.0;0.0;0.0;0
0;0;0.0;0.0;0.0;0.0;0.0;0
0;0;0.0;0.0;0.0;0.0;0.0;0
0;0;0.0;0.0;0.0;0.0;0.0;0
0;0;0.0;0.0;0.0;0.0;0.0;0
1;0;0.0;0.047619047619047616;0.0;0.0;0.0;0
0;0;0.0;0.0;0.0;0.0;0.0;0
0;0;0.0;0.0;0.0;0.0;0.0;0
0;0;0.0;0.0;0.0;0.0;0.0;0
1;0;0.79;0.047619047619047616;0.0;0.023702370237023703;0.59;0
0;0;0.0;0.0;0.0;0.0;0.0;0
0;0;0.0;0.0;0.0;0.0;0.0;0
1;0;0.0;0.047619047619047616;0.0;0.0;0.0;0
0;0;0.0;0.0;0.0;0.0;0.0;0
0;0;0.0;0.0;0.0;0.0;0.0;0
0;0;0.0;0.0;0.0;0.0;0.0;0
0;0;0.0;0.0;0.0;0.0;0.0;0
0;0;0.2;0.0;0.0;0.006000600060006001;1.18;0
0;0;0.0;0.0;0.0;0.0;0.0;0
0;0;0.0;0.0;0.0;0.0;0.0;0
0;0;0.0;0.0;0.0;0.0;0.0;0
0;0;0.0;0.0;0.0;0.0;0.0;0
0;0;0.2;0.0;0.0;0.006000600060006001;1.37;0
0;0;0.0;0.0;0.0;0.0;0.0;0
0;0;0.0;0.0;0.0;0.0;0.0;0
0;0;0.0;0.0;0.0;0.0;0.0;0
1;0;0.0;0.047619047619047616;0.0;0.0;0.0;0
0;0;0.0;0.0;0.0;0.0;0.0;0
0;0;0.0;0.0;0.0;0.0;0.0;0
0;0;0.0;0.0;0.0;0.0;0.2;0
0;0;0.0;0.0;0.0;0.0;0.0;0
0;0;0.0;0.0;0.0;0.0;0.0;0
0;0;0.2;0.0;0.0;0.006000600060006001;0.0;0
1;0;1.18;0.047619047619047616;0.0;0.0354035403540354;0.2;0
0;0;3.53;0.0;0.0;0.10591059105910591;8.66;1
0;0;0.0;0.0;0.0;0.0;0.0;0
0;0;0.0;0.0;0.0;0.0;0.0;0
1;0;0.0;0.047619047619047616;0.0;0.0;0.0;0
0;0;0.0;0.0;0.0;0.0;0.0;0
0;0;0.0;0.0;0.0;0.0;0.0;0
0;0;0.0;0.0;0.0;0.0;0.0;0
0;0;0.0;0.0;0.0;0.0;0.0;0
0;0;0.0;0.0;0.0;0.0;0.0;0
0;0;0.0;0.0;0.0;0.0;0.0;0
0;0;0.2;0.0;0.0;0.006000600060006001;0.2;0
0;0;0.0;0.0;0.0;0.0;0.0;0
0;0;0.0;0.0;0.0;0.0;0.0;0
0;0;0.0;0.0;0.0;0.0;0.0;0
0;0;0.0;0.0;0.0;0.0;0.0;0
0;0;0.59;0.0;0.0;0.0177017701770177;1.38;0
0;0;0.0;0.0;0.0;0.0;0.0;0
1;0;2.96;0.047619047619047616;0.0;0.08880888088808882;2.16;0
0;0;0.0;0.0;0.0;0.0;0.0;0
1;0;0.0;0.047619047619047616;0.0;0.0;0.0;0
0;0;0.0;0.0;0.0;0.0;0.0;0
0;0;0.0;0.0;0.0;0.0;0.0;0
0;0;0.0;0.0;0.0;0.0;0.0;0
0;0;0.0;0.0;0.0;0.0;0.39;0
0;0;0.0;0.0;0.0;0.0;0.0;0
0;0;0.0;0.0;0.0;0.0;0.0;0
0;0;0.2;0.0;0.0;0.006000600060006001;0.0;0
0;0;0.0;0.0;0.0;0.0;0.0;0
0;0;0.4;0.0;0.0;0.012001200120012002;0.0;0
1;0;0.0;0.047619047619047616;0.0;0.0;0.0;0
1;0;0.0;0.047619047619047616;0.0;0.0;0.0;0
0;0;0.0;0.0;0.0;0.0;0.0;0
0;0;0.0;0.0;0.0;0.0;0.2;0
0;0;0.0;0.0;0.0;0.0;0.0;0
0;0;0.0;0.0;0.0;0.0;0.0;0
0;0;0.0;0.0;0.0;0.0;0.0;0
0;0;0.0;0.0;0.0;0.0;0.0;0
1;0;0.0;0.047619047619047616;0.0;0.0;0.0;0
0;0;0.0;0.0;0.0;0.0;0.0;0
0;0;0.0;0.0;0.0;0.0;0.0;0
0;0;0.2;0.0;0.0;0.006000600060006001;1.18;0
0;0;0.0;0.0;0.0;0.0;0.0;0
0;0;0.0;0.0;0.0;0.0;0.0;0
0;0;0.0;0.0;0.0;0.0;0.0;0
0;0;0.0;0.0;0.0;0.0;0.0;0
1;0;0.0;0.047619047619047616;0.0;0.0;0.0;0
0;0;0.0;0.0;0.0;0.0;0.0;0
0;0;0.0;0.0;0.0;0.0;0.0;0
0;0;0.0;0.0;0.0;0.0;0.0;0
0;0;0.0;0.0;0.0;0.0;0.0;0
0;0;0.0;0.0;0.0;0.0;0.0;0
0;0;0.0;0.0;0.0;0.0;0.0;0
0;0;0.0;0.0;0.0;0.0;0.0;0
0;0;0.0;0.0;0.0;0.0;0.0;0
0;0;0.0;0.0;0.0;0.0;0.0;0
0;0;0.0;0.0;0.0;0.0;0.0;0
0;0;2.75;0.0;0.0;0.08250825082508251;1.97;0
0;0;0.0;0.0;0.0;0.0;0.0;0
0;0;0.0;0.0;0.0;0.0;0.0;0
0;0;0.0;0.0;0.0;0.0;0.0;0
0;0;0.0;0.0;0.0;0.0;0.0;0
0;0;0.2;0.0;0.0;0.006000600060006001;0.0;0
0;0;0.0;0.0;0.0;0.0;0.0;0
0;0;1.18;0.0;0.0;0.0354035403540354;0.2;0
0;0;0.0;0.0;0.0;0.0;0.0;0
0;0;0.98;0.0;0.0;0.029402940294029404;0.6;0
0;0;0.0;0.0;0.0;0.0;0.0;0
0;0;0.0;0.0;0.0;0.0;0.0;0
0;0;0.0;0.0;0.0;0.0;0.0;0
0;0;2.76;0.0;0.0;0.08280828082808281;0.59;0
0;0;0.0;0.0;0.0;0.0;0.0;0
0;0;0.0;0.0;0.0;0.0;0.0;0
0;0;0.0;0.0;0.0;0.0;0.0;0
0;0;0.0;0.0;0.0;0.0;0.0;0
0;0;0.0;0.0;0.0;0.0;0.0;0
0;0;0.2;0.0;0.0;0.006000600060006001;0.0;0
2;0;0.0;0.09523809523809523;0.0;0.0;0.0;0
0;0;0.0;0.0;0.0;0.0;0.0;0
0;0;0.2;0.0;0.0;0.006000600060006001;0.0;0
0;0;0.0;0.0;0.0;0.0;0.0;0
0;0;0.0;0.0;0.0;0.0;0.0;0
0;0;2.95;0.0;0.0;0.08850885088508852;0.0;0
0;0;0.0;0.0;0.0;0.0;0.0;0
0;0;0.2;0.0;0.0;0.006000600060006001;0.2;0
0;0;0.0;0.0;0.0;0.0;0.0;0
0;0;0.0;0.0;0.0;0.0;0.0;0
0;0;0.0;0.0;0.0;0.0;0.0;0
1;0;0.0;0.047619047619047616;0.0;0.0;0.0;0
0;0;0.0;0.0;0.0;0.0;0.0;0
0;0;0.0;0.0;0.0;0.0;0.0;0
0;0;0.0;0.0;0.0;0.0;0.0;0
0;0;0.0;0.0;0.0;0.0;0.0;0
0;0;0.0;0.0;0.0;0.0;0.0;0
3;0;0.0;0.14285714285714285;0.0;0.0;0.0;0
0;0;0.0;0.0;0.0;0.0;0.0;0
0;0;0.0;0.0;0.0;0.0;0.0;0
0;0;0.4;0.0;0.0;0.012001200120012002;0.0;0
0;0;0.0;0.0;0.0;0.0;0.0;0
0;0;0.0;0.0;0.0;0.0;0.0;0
2;0;0.0;0.09523809523809523;0.0;0.0;0.0;0
0;0;0.0;0.0;0.0;0.0;0.0;0
0;0;0.0;0.0;0.0;0.0;0.0;0
0;0;0.0;0.0;0.0;0.0;0.0;0
0;0;0.0;0.0;0.0;0.0;0.0;0
0;0;0.0;0.0;0.0;0.0;0.0;0
0;0;0.0;0.0;0.0;0.0;0.59;0
2;0;0.0;0.09523809523809523;0.0;0.0;0.0;0
1;0;0.0;0.047619047619047616;0.0;0.0;0.0;0
3;0;0.0;0.14285714285714285;0.0;0.0;0.0;0
0;0;0.0;0.0;0.0;0.0;0.0;0
0;0;0.0;0.0;0.0;0.0;0.0;0
0;0;0.6;0.0;0.0;0.018001800180018002;0.2;0
0;0;0.0;0.0;0.0;0.0;0.0;0
0;0;0.0;0.0;0.0;0.0;0.0;0
0;0;0.0;0.0;0.0;0.0;0.0;0
0;0;0.0;0.0;0.0;0.0;0.0;0
0;0;0.0;0.0;0.0;0.0;0.0;0
0;0;0.0;0.0;0.0;0.0;0.0;0
1;0;0.0;0.047619047619047616;0.0;0.0;0.2;0
0;0;0.0;0.0;0.0;0.0;0.0;0
0;0;0.0;0.0;0.0;0.0;0.0;0
0;0;0.0;0.0;0.0;0.0;0.0;0
0;0;0.0;0.0;0.0;0.0;0.0;0
1;0;0.0;0.047619047619047616;0.0;0.0;0.0;0
3;0;0.0;0.14285714285714285;0.0;0.0;0.0;0
1;0;0.0;0.047619047619047616;0.0;0.0;0.0;0
0;0;0.0;0.0;0.0;0.0;0.0;0
0;0;0.0;0.0;0.0;0.0;0.0;0
0;0;0.0;0.0;0.0;0.0;0.0;0
0;0;0.0;0.0;0.0;0.0;0.0;0
0;0;0.0;0.0;0.0;0.0;0.2;0
0;0;0.0;0.0;0.0;0.0;0.0;0
0;0;0.0;0.0;0.0;0.0;0.0;0
0;0;2.17;0.0;0.0;0.06510651065106511;0.4;0
0;0;0.0;0.0;0.0;0.0;0.0;0
1;0;0.0;0.047619047619047616;0.0;0.0;0.0;0
0;0;0.0;0.0;0.0;0.0;0.0;0
0;0;0.0;0.0;0.0;0.0;0.0;0
1;0;0.0;0.047619047619047616;0.0;0.0;0.0;0
0;0;0.0;0.0;0.0;0.0;0.0;0
0;0;0.0;0.0;0.0;0.0;0.0;0
0;0;0.2;0.0;0.0;0.006000600060006001;1.18;0
0;0;0.0;0.0;0.0;0.0;0.0;0
1;0;0.0;0.047619047619047616;0.0;0.0;0.0;0
0;0;0.0;0.0;0.0;0.0;0.0;0
0;0;0.0;0.0;0.0;0.0;0.0;0
0;0;0.0;0.0;0.0;0.0;0.0;0
0;0;0.0;0.0;0.0;0.0;0.0;0
0;0;2.16;0.0;0.0;0.06480648064806481;0.2;0
0;0;0.0;0.0;0.0;0.0;0.0;0
0;0;0.0;0.0;0.0;0.0;0.0;0
0;0;0.0;0.0;0.0;0.0;0.0;0
0;0;0.0;0.0;0.0;0.0;0.0;0
1;0;0.0;0.047619047619047616;0.0;0.0;0.0;0
0;0;0.0;0.0;0.0;0.0;0.0;0
14;0;0.0;0.6666666666666666;0.0;0.0;0.0;0
2;0;1.97;0.09523809523809523;0.0;0.05910591059105911;0.2;0
0;0;0.0;0.0;0.0;0.0;0.0;0
0;0;0.0;0.0;0.0;0.0;0.0;0
0;0;0.0;0.0;0.0;0.0;0.0;0
1;0;0.0;0.047619047619047616;0.0;0.0;0.0;0
0;0;0.0;0.0;0.0;0.0;0.0;0
0;0;0.2;0.0;0.0;0.006000600060006001;0.4;0
0;0;0.0;0.0;0.0;0.0;0.0;0
0;0;0.0;0.0;0.0;0.0;0.0;0
0;0;0.0;0.0;0.0;0.0;0.0;0
0;0;0.0;0.0;0.0;0.0;0.0;0
0;0;0.0;0.0;0.0;0.0;0.0;0
0;0;2.56;0.0;0.0;0.07680768076807681;1.97;0
0;0;0.0;0.0;0.0;0.0;0.0;0
0;0;0.0;0.0;0.0;0.0;0.0;0
3;0;0.0;0.14285714285714285;0.0;0.0;0.0;0
6;0;0.0;0.2857142857142857;0.0;0.0;0.0;0
0;0;0.0;0.0;0.0;0.0;0.2;0
0;0;0.0;0.0;0.0;0.0;0.0;0
2;0;1.18;0.09523809523809523;0.0;0.0354035403540354;1.37;0
0;0;0.0;0.0;0.0;0.0;0.0;0
0;0;0.2;0.0;0.0;0.006000600060006001;0.0;0
0;0;0.0;0.0;0.0;0.0;0.0;0
2;0;0.0;0.09523809523809523;0.0;0.0;0.0;0
0;0;0.0;0.0;0.0;0.0;0.0;0
2;0;0.0;0.09523809523809523;0.0;0.0;0.0;0
0;0;0.0;0.0;0.0;0.0;0.0;0
0;0;0.0;0.0;0.0;0.0;0.0;0
0;0;0.79;0.0;0.0;0.023702370237023703;0.59;0
0;0;0.0;0.0;0.0;0.0;0.0;0
0;0;0.0;0.0;0.0;0.0;0.4;0
1;0;0.0;0.047619047619047616;0.0;0.0;0.0;0
1;0;0.0;0.047619047619047616;0.0;0.0;0.0;0
0;0;0.2;0.0;0.0;0.006000600060006001;0.2;0
1;0;0.0;0.047619047619047616;0.0;0.0;0.0;0
0;0;0.0;0.0;0.0;0.0;0.0;0
0;0;0.0;0.0;0.0;0.0;0.0;0
0;0;0.0;0.0;0.0;0.0;0.0;0
0;0;1.18;0.0;0.0;0.0354035403540354;2.75;1
0;0;0.0;0.0;0.0;0.0;0.0;0
0;0;0.0;0.0;0.0;0.0;0.2;0
0;0;0.98;0.0;0.0;0.029402940294029404;0.0;0
0;0;0.0;0.0;0.0;0.0;0.0;0
0;0;0.0;0.0;0.0;0.0;0.0;0
0;0;0.0;0.0;0.0;0.0;0.0;0
0;0;0.0;0.0;0.0;0.0;0.0;0
0;0;0.2;0.0;0.0;0.006000600060006001;0.0;0
5;0;0.0;0.23809523809523808;0.0;0.0;0.0;0
0;0;0.0;0.0;0.0;0.0;0.0;0
0;0;0.2;0.0;0.0;0.006000600060006001;0.2;0
0;0;0.0;0.0;0.0;0.0;0.0;0
17;0;0.0;0.8095238095238095;0.0;0.0;0.0;0
0;0;0.0;0.0;0.0;0.0;0.0;0
0;0;0.0;0.0;0.0;0.0;0.0;0
0;0;0.0;0.0;0.0;0.0;0.0;0
0;0;0.0;0.0;0.0;0.0;0.0;0
1;0;0.0;0.047619047619047616;0.0;0.0;0.0;0
0;0;0.0;0.0;0.0;0.0;0.0;0
0;0;0.0;0.0;0.0;0.0;0.0;0
0;0;0.0;0.0;0.0;0.0;0.0;0
0;0;0.0;0.0;0.0;0.0;0.0;0
1;0;0.0;0.047619047619047616;0.0;0.0;0.0;0
0;0;0.0;0.0;0.0;0.0;0.0;0
0;0;0.0;0.0;0.0;0.0;0.0;0
4;0;0.0;0.19047619047619047;0.0;0.0;0.0;0
0;0;0.0;0.0;0.0;0.0;0.0;0
0;0;0.0;0.0;0.0;0.0;0.0;0
0;0;0.0;0.0;0.0;0.0;0.0;0
0;0;0.4;0.0;0.0;0.012001200120012002;0.2;0
0;0;0.0;0.0;0.0;0.0;0.0;0
0;0;0.0;0.0;0.0;0.0;0.0;0
0;0;0.0;0.0;0.0;0.0;0.0;0
0;0;0.0;0.0;0.0;0.0;0.0;0
0;0;0.0;0.0;0.0;0.0;0.0;0
0;0;0.0;0.0;0.0;0.0;0.0;0
0;0;1.97;0.0;0.0;0.05910591059105911;4.31;1
0;0;0.0;0.0;0.0;0.0;0.0;0
1;0;0.0;0.047619047619047616;0.0;0.0;0.0;0
0;0;0.0;0.0;0.0;0.0;0.0;0
0;0;0.0;0.0;0.0;0.0;0.0;0
0;0;0.0;0.0;0.0;0.0;0.0;0
0;0;0.0;0.0;0.0;0.0;0.0;0
1;0;0.0;0.047619047619047616;0.0;0.0;0.0;0
0;0;0.0;0.0;0.0;0.0;0.0;0
0;0;0.0;0.0;0.0;0.0;0.0;0
0;0;0.0;0.0;0.0;0.0;0.0;0
0;0;0.0;0.0;0.0;0.0;0.0;0
0;0;0.0;0.0;0.0;0.0;0.0;0
0;0;0.0;0.0;0.0;0.0;0.0;0
0;0;0.0;0.0;0.0;0.0;0.0;0
0;0;0.0;0.0;0.0;0.0;0.0;0
0;0;0.2;0.0;0.0;0.006000600060006001;0.4;0
1;0;0.0;0.047619047619047616;0.0;0.0;0.0;0
0;0;33.33;0.0;0.0;1.0;0.79;0
0;0;0.0;0.0;0.0;0.0;0.0;0
0;0;0.0;0.0;0.0;0.0;0.0;0
0;0;0.0;0.0;0.0;0.0;0.0;0
1;0;0.0;0.047619047619047616;0.0;0.0;0.0;0
0;0;0.0;0.0;0.0;0.0;0.0;0
0;0;0.0;0.0;0.0;0.0;0.0;0
0;0;0.0;0.0;0.0;0.0;0.0;0
3;0;0.0;0.14285714285714285;0.0;0.0;0.0;0
0;0;0.0;0.0;0.0;0.0;0.0;0
0;0;0.0;0.0;0.0;0.0;0.0;0
1;0;0.0;0.047619047619047616;0.0;0.0;0.0;0
0;0;0.0;0.0;0.0;0.0;0.0;0
0;0;0.0;0.0;0.0;0.0;0.0;0
2;0;0.0;0.09523809523809523;0.0;0.0;0.0;0
0;0;1.77;0.0;0.0;0.05310531053105311;0.2;0
0;0;0.4;0.0;0.0;0.012001200120012002;3.53;1
0;0;0.0;0.0;0.0;0.0;0.0;0
0;0;3.15;0.0;0.0;0.09450945094509451;11.42;1
2;0;0.0;0.09523809523809523;0.0;0.0;0.0;0
0;0;0.0;0.0;0.0;0.0;0.0;0
0;0;0.0;0.0;0.0;0.0;0.0;0
0;0;0.0;0.0;0.0;0.0;0.0;0
0;0;0.0;0.0;0.0;0.0;1.38;0
4;0;0.2;0.19047619047619047;0.0;0.006000600060006001;0.0;0
1;0;0.0;0.047619047619047616;0.0;0.0;0.0;0
0;0;0.0;0.0;0.0;0.0;0.0;0
0;0;0.0;0.0;0.0;0.0;0.0;0
1;0;0.0;0.047619047619047616;0.0;0.0;0.0;0
0;0;0.0;0.0;0.0;0.0;0.0;0
0;0;0.0;0.0;0.0;0.0;0.0;0
0;0;0.0;0.0;0.0;0.0;0.0;0
0;0;0.0;0.0;0.0;0.0;0.4;0
0;0;0.0;0.0;0.0;0.0;0.0;0
0;0;0.4;0.0;0.0;0.012001200120012002;0.98;0
1;0;0.0;0.047619047619047616;0.0;0.0;0.0;0
0;0;0.0;0.0;0.0;0.0;0.0;0
0;0;0.0;0.0;0.0;0.0;0.2;0
0;0;0.0;0.0;0.0;0.0;0.0;0
0;0;0.0;0.0;0.0;0.0;0.0;0
0;0;0.0;0.0;0.0;0.0;0.0;0
0;0;0.0;0.0;0.0;0.0;0.0;0
0;0;0.0;0.0;0.0;0.0;0.0;0
0;0;0.0;0.0;0.0;0.0;0.0;0
0;0;0.0;0.0;0.0;0.0;0.0;0
0;0;0.0;0.0;0.0;0.0;0.0;0
0;0;0.0;0.0;0.0;0.0;0.0;0
0;0;0.0;0.0;0.0;0.0;0.0;0
0;0;0.0;0.0;0.0;0.0;0.0;0
0;0;0.0;0.0;0.0;0.0;0.0;0
0;0;0.0;0.0;0.0;0.0;0.0;0
0;0;0.0;0.0;0.0;0.0;0.0;0
0;0;0.0;0.0;0.0;0.0;0.0;0
0;0;0.0;0.0;0.0;0.0;0.0;0
0;0;0.0;0.0;0.0;0.0;0.0;0
1;0;0.0;0.047619047619047616;0.0;0.0;0.0;0
0;0;0.0;0.0;0.0;0.0;0.0;0
0;0;0.0;0.0;0.0;0.0;0.4;0
1;0;0.0;0.047619047619047616;0.0;0.0;0.0;0
0;0;0.0;0.0;0.0;0.0;0.0;0
0;0;0.79;0.0;0.0;0.023702370237023703;1.18;0
0;0;0.0;0.0;0.0;0.0;0.0;0
2;0;0.0;0.09523809523809523;0.0;0.0;0.0;0
0;0;0.0;0.0;0.0;0.0;0.0;0
1;0;0.0;0.047619047619047616;0.0;0.0;0.0;0
0;0;0.0;0.0;0.0;0.0;0.0;0
0;0;8.66;0.0;0.0;0.25982598259825984;1.38;0
1;0;0.0;0.047619047619047616;0.0;0.0;0.0;0
0;0;0.0;0.0;0.0;0.0;0.0;0
0;0;0.0;0.0;0.0;0.0;0.0;0
0;0;0.0;0.0;0.0;0.0;0.0;0
0;0;0.0;0.0;0.0;0.0;0.0;0
1;0;0.78;0.047619047619047616;0.0;0.023402340234023405;1.96;0
0;0;0.0;0.0;0.0;0.0;0.0;0
0;0;0.0;0.0;0.0;0.0;0.0;0
0;0;0.0;0.0;0.0;0.0;0.0;0
1;0;0.0;0.047619047619047616;0.0;0.0;0.0;0
0;0;0.0;0.0;0.0;0.0;0.0;0
0;0;0.79;0.0;0.0;0.023702370237023703;0.4;0
0;0;0.0;0.0;0.0;0.0;0.0;0
0;0;0.0;0.0;0.0;0.0;0.0;0
0;0;0.39;0.0;0.0;0.011701170117011703;0.4;0
0;0;0.0;0.0;0.0;0.0;0.0;0
0;0;0.0;0.0;0.0;0.0;0.0;0
0;0;0.0;0.0;0.0;0.0;0.0;0
0;0;0.0;0.0;0.0;0.0;0.0;0
0;0;0.4;0.0;0.0;0.012001200120012002;0.2;0
0;0;0.0;0.0;0.0;0.0;0.0;0
0;0;0.0;0.0;0.0;0.0;0.0;0
0;0;0.0;0.0;0.0;0.0;0.0;0
0;0;0.78;0.0;0.0;0.023402340234023405;3.55;1
0;0;0.0;0.0;0.0;0.0;0.0;0
0;0;0.0;0.0;0.0;0.0;0.0;0
0;0;0.0;0.0;0.0;0.0;0.0;0
0;0;0.0;0.0;0.0;0.0;0.4;0
0;0;0.0;0.0;0.0;0.0;0.0;0
0;0;0.0;0.0;0.0;0.0;0.0;0
0;0;0.0;0.0;0.0;0.0;0.0;0
1;0;0.0;0.047619047619047616;0.0;0.0;0.0;0
0;0;0.0;0.0;0.0;0.0;0.0;0
1;0;0.0;0.047619047619047616;0.0;0.0;0.0;0
0;0;0.0;0.0;0.0;0.0;0.0;0
2;0;0.0;0.09523809523809523;0.0;0.0;0.0;0
0;0;0.0;0.0;0.0;0.0;0.0;0
0;0;0.2;0.0;0.0;0.006000600060006001;0.4;0
0;0;0.0;0.0;0.0;0.0;0.0;0
0;0;0.0;0.0;0.0;0.0;0.0;0
0;0;0.0;0.0;0.0;0.0;0.0;0
0;0;0.2;0.0;0.0;0.006000600060006001;0.0;0
0;0;0.0;0.0;0.0;0.0;0.0;0
0;0;0.0;0.0;0.0;0.0;0.0;0
0;0;0.4;0.0;0.0;0.012001200120012002;0.2;0
0;0;0.0;0.0;0.0;0.0;0.0;0
0;0;0.0;0.0;0.0;0.0;0.0;0
0;0;0.0;0.0;0.0;0.0;0.0;0
0;0;0.0;0.0;0.0;0.0;0.0;0
0;0;0.0;0.0;0.0;0.0;0.0;0
0;0;0.0;0.0;0.0;0.0;0.0;0
0;0;0.0;0.0;0.0;0.0;0.0;0
0;0;0.0;0.0;0.0;0.0;0.0;0
0;0;0.0;0.0;0.0;0.0;0.0;0
0;0;0.0;0.0;0.0;0.0;0.0;0
0;0;0.0;0.0;0.0;0.0;0.0;0
0;0;0.0;0.0;0.0;0.0;0.0;0
0;0;0.0;0.0;0.0;0.0;0.0;0
0;0;0.0;0.0;0.0;0.0;0.0;0
0;0;0.0;0.0;0.0;0.0;0.2;0
2;0;0.0;0.09523809523809523;0.0;0.0;0.0;0
0;0;0.0;0.0;0.0;0.0;0.0;0
0;0;0.0;0.0;0.0;0.0;0.0;0
0;0;0.0;0.0;0.0;0.0;0.0;0
0;0;0.0;0.0;0.0;0.0;0.0;0
1;0;0.2;0.047619047619047616;0.0;0.006000600060006001;0.0;0
0;0;0.0;0.0;0.0;0.0;0.0;0
0;0;0.0;0.0;0.0;0.0;0.0;0
0;0;0.0;0.0;0.0;0.0;0.0;0
0;0;0.0;0.0;0.0;0.0;0.0;0
0;0;0.0;0.0;0.0;0.0;0.0;0
0;0;0.0;0.0;0.0;0.0;0.2;0
2;0;0.0;0.09523809523809523;0.0;0.0;0.0;0
0;0;0.0;0.0;0.0;0.0;0.0;0
0;0;1.58;0.0;0.0;0.047404740474047406;2.17;0
1;0;0.0;0.047619047619047616;0.0;0.0;0.0;0
1;0;0.0;0.047619047619047616;0.0;0.0;0.0;0
0;0;0.79;0.0;0.0;0.023702370237023703;0.79;0
0;0;0.0;0.0;0.0;0.0;0.0;0
0;0;0.0;0.0;0.0;0.0;0.0;0
0;0;0.0;0.0;0.0;0.0;0.0;0
3;0;0.2;0.14285714285714285;0.0;0.006000600060006001;0.0;0
0;0;0.0;0.0;0.0;0.0;0.0;0
0;0;0.0;0.0;0.0;0.0;0.2;0
0;0;0.0;0.0;0.0;0.0;0.0;0
0;0;0.0;0.0;0.0;0.0;0.0;0
0;0;0.2;0.0;0.0;0.006000600060006001;0.0;0
0;0;2.16;0.0;0.0;0.06480648064806481;2.36;0
0;0;0.0;0.0;0.0;0.0;0.0;0
0;0;0.0;0.0;0.0;0.0;0.0;0
0;0;0.0;0.0;0.0;0.0;0.0;0
1;0;0.0;0.047619047619047616;0.0;0.0;0.0;0
0;0;0.0;0.0;0.0;0.0;0.0;0
2;0;0.0;0.09523809523809523;0.0;0.0;0.0;0
0;0;0.0;0.0;0.0;0.0;0.0;0
0;0;0.59;0.0;0.0;0.0177017701770177;0.79;0
1;0;0.2;0.047619047619047616;0.0;0.006000600060006001;0.0;0
0;0;0.4;0.0;0.0;0.012001200120012002;0.59;0
0;0;0.0;0.0;0.0;0.0;0.0;0
0;0;0.0;0.0;0.0;0.0;0.0;0
0;0;0.0;0.0;0.0;0.0;0.2;0
0;0;0.0;0.0;0.0;0.0;0.0;0
0;0;0.0;0.0;0.0;0.0;0.0;0
0;0;0.0;0.0;0.0;0.0;0.0;0
0;0;0.0;0.0;0.0;0.0;0.0;0
0;0;10.85;0.0;0.0;0.32553255325532554;23.87;2
0;0;0.0;0.0;0.0;0.0;0.0;0
0;0;0.0;0.0;0.0;0.0;0.0;0
0;0;0.0;0.0;0.0;0.0;0.0;0
2;0;0.0;0.09523809523809523;0.0;0.0;0.0;0
0;0;0.0;0.0;0.0;0.0;0.0;0
0;0;0.4;0.0;0.0;0.012001200120012002;0.0;0
0;0;0.0;0.0;0.0;0.0;0.0;0
1;0;0.0;0.047619047619047616;0.0;0.0;0.0;0
0;0;0.0;0.0;0.0;0.0;0.0;0
0;0;0.0;0.0;0.0;0.0;0.0;0
1;0;0.0;0.047619047619047616;0.0;0.0;0.0;0
0;0;0.0;0.0;0.0;0.0;0.0;0
0;0;0.0;0.0;0.0;0.0;0.0;0
0;0;0.0;0.0;0.0;0.0;0.0;0
0;0;0.0;0.0;0.0;0.0;0.0;0
0;0;0.0;0.0;0.0;0.0;0.0;0
1;0;0.0;0.047619047619047616;0.0;0.0;0.0;0
5;0;0.0;0.23809523809523808;0.0;0.0;0.0;0
1;0;0.0;0.047619047619047616;0.0;0.0;0.0;0
0;0;0.0;0.0;0.0;0.0;0.0;0
0;0;0.0;0.0;0.0;0.0;0.0;0
0;0;0.0;0.0;0.0;0.0;0.0;0
1;0;0.0;0.047619047619047616;0.0;0.0;0.0;0
0;0;0.0;0.0;0.0;0.0;0.0;0
0;0;0.0;0.0;0.0;0.0;0.0;0
0;0;0.0;0.0;0.0;0.0;0.0;0
0;0;0.0;0.0;0.0;0.0;0.0;0
0;0;0.0;0.0;0.0;0.0;0.0;0
0;0;0.2;0.0;0.0;0.006000600060006001;0.2;0
0;0;0.0;0.0;0.0;0.0;0.0;0
0;0;0.0;0.0;0.0;0.0;0.0;0
0;0;0.0;0.0;0.0;0.0;0.2;0
0;0;0.0;0.0;0.0;0.0;0.0;0
0;0;0.0;0.0;0.0;0.0;0.0;0
0;0;0.0;0.0;0.0;0.0;0.0;0
0;0;0.0;0.0;0.0;0.0;0.0;0
0;0;0.0;0.0;0.0;0.0;0.0;0
0;0;0.0;0.0;0.0;0.0;0.0;0
0;0;1.18;0.0;0.0;0.0354035403540354;0.4;0
1;0;0.0;0.047619047619047616;0.0;0.0;0.0;0
1;0;0.0;0.047619047619047616;0.0;0.0;0.0;0
2;0;0.0;0.09523809523809523;0.0;0.0;0.0;0
0;0;0.0;0.0;0.0;0.0;0.0;0
0;0;0.0;0.0;0.0;0.0;0.0;0
0;0;0.0;0.0;0.0;0.0;0.0;0
1;0;0.0;0.047619047619047616;0.0;0.0;0.0;0
0;0;0.0;0.0;0.0;0.0;0.0;0
0;0;0.0;0.0;0.0;0.0;0.0;0
0;0;0.0;0.0;0.0;0.0;0.0;0
0;0;0.2;0.0;0.0;0.006000600060006001;0.2;0
0;0;0.0;0.0;0.0;0.0;0.2;0
2;0;0.0;0.09523809523809523;0.0;0.0;0.0;0
0;0;0.0;0.0;0.0;0.0;0.0;0
2;0;0.0;0.09523809523809523;0.0;0.0;0.0;0
0;0;0.0;0.0;0.0;0.0;0.0;0
0;0;0.0;0.0;0.0;0.0;0.0;0
0;0;0.0;0.0;0.0;0.0;0.0;0
0;0;0.0;0.0;0.0;0.0;0.0;0
0;0;0.2;0.0;0.0;0.006000600060006001;0.2;0
0;0;0.0;0.0;0.0;0.0;0.0;0
0;0;0.0;0.0;0.0;0.0;0.0;0
0;0;20.87;0.0;0.0;0.6261626162616262;33.33;3
0;0;0.0;0.0;0.0;0.0;0.0;0
0;0;0.0;0.0;0.0;0.0;0.0;0
0;0;0.0;0.0;0.0;0.0;0.0;0
0;0;0.0;0.0;0.0;0.0;0.99;0
0;0;23.87;0.0;0.0;0.7161716171617163;4.13;1
0;0;0.0;0.0;0.0;0.0;0.2;0
0;0;0.0;0.0;0.0;0.0;0.0;0
0;0;0.0;0.0;0.0;0.0;0.0;0
0;0;0.0;0.0;0.0;0.0;0.0;0
0;0;2.75;0.0;0.0;0.08250825082508251;0.98;0
5;0;0.0;0.23809523809523808;0.0;0.0;0.0;0
0;0;0.0;0.0;0.0;0.0;0.0;0
0;0;0.0;0.0;0.0;0.0;0.0;0
0;0;1.38;0.0;0.0;0.041404140414041404;0.79;0
0;0;0.0;0.0;0.0;0.0;0.0;0
0;0;0.0;0.0;0.0;0.0;0.0;0
0;0;0.0;0.0;0.0;0.0;0.0;0
1;0;0.2;0.047619047619047616;0.0;0.006000600060006001;0.0;0
1;0;0.0;0.047619047619047616;0.0;0.0;0.0;0
0;0;0.39;0.0;0.0;0.011701170117011703;1.18;0
1;0;0.0;0.047619047619047616;0.0;0.0;0.0;0
0;0;0.0;0.0;0.0;0.0;0.0;0
0;0;0.0;0.0;0.0;0.0;0.0;0
0;0;0.0;0.0;0.0;0.0;0.0;0
0;0;0.0;0.0;0.0;0.0;0.0;0
1;0;0.0;0.047619047619047616;0.0;0.0;0.0;0
0;0;0.0;0.0;0.0;0.0;0.0;0
0;0;0.0;0.0;0.0;0.0;3.15;1
0;0;0.0;0.0;0.0;0.0;0.0;0
1;0;0.0;0.047619047619047616;0.0;0.0;0.0;0
4;0;0.0;0.19047619047619047;0.0;0.0;0.0;0
0;0;0.0;0.0;0.0;0.0;0.0;0
1;0;0.0;0.047619047619047616;0.0;0.0;0.0;0
0;0;0.0;0.0;0.0;0.0;0.39;0
0;0;0.2;0.0;0.0;0.006000600060006001;0.0;0
0;0;0.2;0.0;0.0;0.006000600060006001;0.4;0
1;0;0.0;0.047619047619047616;0.0;0.0;0.0;0
0;0;0.0;0.0;0.0;0.0;0.0;0
0;0;0.0;0.0;0.0;0.0;0.0;0
0;0;0.0;0.0;0.0;0.0;0.0;0
1;0;0.0;0.047619047619047616;0.0;0.0;0.0;0
0;0;0.0;0.0;0.0;0.0;0.0;0
0;0;0.0;0.0;0.0;0.0;0.0;0
0;0;0.0;0.0;0.0;0.0;0.0;0
0;0;0.0;0.0;0.0;0.0;0.0;0
0;0;0.0;0.0;0.0;0.0;0.0;0
0;0;0.0;0.0;0.0;0.0;0.0;0
0;0;0.0;0.0;0.0;0.0;0.0;0
19;0;0.0;0.9047619047619048;0.0;0.0;0.0;0
0;0;0.0;0.0;0.0;0.0;0.0;0
0;0;0.6;0.0;0.0;0.018001800180018002;0.6;0
0;0;6.7;0.0;0.0;0.20102010201020104;0.2;0
0;0;0.0;0.0;0.0;0.0;0.0;0
0;0;0.0;0.0;0.0;0.0;0.0;0
0;0;0.0;0.0;0.0;0.0;0.0;0
2;0;0.2;0.09523809523809523;0.0;0.006000600060006001;0.0;0
1;0;0.0;0.047619047619047616;0.0;0.0;0.0;0
0;0;0.0;0.0;0.0;0.0;0.0;0
21;0;0.0;1.0;0.0;0.0;0.0;0
0;0;0.0;0.0;0.0;0.0;0.0;0
0;0;0.0;0.0;0.0;0.0;0.0;0
0;0;0.0;0.0;0.0;0.0;0.0;0
1;0;0.0;0.047619047619047616;0.0;0.0;0.0;0
0;0;0.0;0.0;0.0;0.0;0.0;0
0;0;0.0;0.0;0.0;0.0;0.0;0
0;0;0.0;0.0;0.0;0.0;0.0;0
7;0;0.0;0.3333333333333333;0.0;0.0;0.0;0
0;0;0.0;0.0;0.0;0.0;0.0;0
0;0;0.0;0.0;0.0;0.0;0.0;0
0;0;0.0;0.0;0.0;0.0;0.0;0
0;0;0.0;0.0;0.0;0.0;0.0;0
0;0;0.2;0.0;0.0;0.006000600060006001;0.2;0
2;0;0.0;0.09523809523809523;0.0;0.0;0.0;0
0;0;0.2;0.0;0.0;0.006000600060006001;0.0;0
0;0;0.0;0.0;0.0;0.0;0.0;0
0;0;0.0;0.0;0.0;0.0;0.0;0
2;0;0.0;0.09523809523809523;0.0;0.0;0.0;0
0;0;0.0;0.0;0.0;0.0;0.0;0
17;0;0.0;0.8095238095238095;0.0;0.0;0.0;0
0;0;0.0;0.0;0.0;0.0;0.2;0
0;0;0.4;0.0;0.0;0.012001200120012002;0.59;0
0;0;0.0;0.0;0.0;0.0;0.0;0
0;0;1.18;0.0;0.0;0.0354035403540354;0.0;0
0;0;0.4;0.0;0.0;0.012001200120012002;0.2;0
0;0;0.0;0.0;0.0;0.0;0.0;0
0;0;0.2;0.0;0.0;0.006000600060006001;0.0;0
0;0;0.0;0.0;0.0;0.0;0.0;0
0;0;0.0;0.0;0.0;0.0;0.0;0
1;0;0.0;0.047619047619047616;0.0;0.0;0.0;0
0;0;0.0;0.0;0.0;0.0;0.0;0
0;0;0.0;0.0;0.0;0.0;0.0;0
0;0;0.0;0.0;0.0;0.0;0.0;0
1;0;0.0;0.047619047619047616;0.0;0.0;0.39;0
1;0;0.0;0.047619047619047616;0.0;0.0;0.0;0
0;0;0.0;0.0;0.0;0.0;0.0;0
0;0;0.0;0.0;0.0;0.0;0.0;0
0;0;0.0;0.0;0.0;0.0;0.0;0
1;0;0.0;0.047619047619047616;0.0;0.0;0.0;0
6;0;0.0;0.2857142857142857;0.0;0.0;0.0;0
0;0;0.0;0.0;0.0;0.0;0.0;0
0;0;0.0;0.0;0.0;0.0;0.0;0
0;0;0.0;0.0;0.0;0.0;0.0;0
1;0;0.0;0.047619047619047616;0.0;0.0;0.0;0
0;0;0.0;0.0;0.0;0.0;0.0;0
1;0;0.0;0.047619047619047616;0.0;0.0;0.0;0
0;0;0.0;0.0;0.0;0.0;0.0;0
0;0;0.0;0.0;0.0;0.0;0.0;0
1;0;0.4;0.047619047619047616;0.0;0.012001200120012002;0.0;0
1;0;0.0;0.047619047619047616;0.0;0.0;0.0;0
0;0;0.0;0.0;0.0;0.0;0.0;0
0;0;0.0;0.0;0.0;0.0;0.0;0
1;0;0.0;0.047619047619047616;0.0;0.0;0.0;0
0;0;0.0;0.0;0.0;0.0;0.0;0
0;0;0.0;0.0;0.0;0.0;0.0;0
0;0;0.0;0.0;0.0;0.0;0.0;0
0;0;0.2;0.0;0.0;0.006000600060006001;2.17;0
0;0;0.0;0.0;0.0;0.0;0.0;0
2;0;0.0;0.09523809523809523;0.0;0.0;0.0;0
1;0;0.0;0.047619047619047616;0.0;0.0;0.0;0
0;0;0.59;0.0;0.0;0.0177017701770177;0.6;0
5;0;0.0;0.23809523809523808;0.0;0.0;0.0;0
1;0;0.0;0.047619047619047616;0.0;0.0;0.0;0
0;0;0.4;0.0;0.0;0.012001200120012002;0.0;0
0;0;0.0;0.0;0.0;0.0;0.0;0
0;0;0.0;0.0;0.0;0.0;0.0;0
1;0;0.0;0.047619047619047616;0.0;0.0;0.0;0
0;0;0.2;0.0;0.0;0.006000600060006001;0.0;0
0;0;0.0;0.0;0.0;0.0;0.0;0
0;0;0.0;0.0;0.0;0.0;0.0;0
0;0;0.2;0.0;0.0;0.006000600060006001;2.96;1
0;0;0.0;0.0;0.0;0.0;0.0;0
1;0;1.96;0.047619047619047616;0.0;0.05880588058805881;2.55;1
0;0;0.0;0.0;0.0;0.0;0.0;0
0;0;0.0;0.0;0.0;0.0;0.0;0
0;0;0.0;0.0;0.0;0.0;0.0;0
0;0;0.0;0.0;0.0;0.0;0.0;0
0;0;0.0;0.0;0.0;0.0;0.0;0
0;0;0.0;0.0;0.0;0.0;0.0;0
0;0;1.97;0.0;0.0;0.05910591059105911;5.11;1
1;0;0.0;0.047619047619047616;0.0;0.0;0.0;0
0;0;0.0;0.0;0.0;0.0;0.2;0
0;0;0.99;0.0;0.0;0.029702970297029705;2.16;0
0;0;0.0;0.0;0.0;0.0;0.0;0
0;0;0.0;0.0;0.0;0.0;0.0;0
0;0;0.0;0.0;0.0;0.0;0.0;0
0;0;0.0;0.0;0.0;0.0;0.0;0
0;0;0.0;0.0;0.0;0.0;0.0;0
0;0;0.0;0.0;0.0;0.0;0.0;0
0;0;0.2;0.0;0.0;0.006000600060006001;0.0;0
0;0;0.0;0.0;0.0;0.0;0.0;0
1;0;0.0;0.047619047619047616;0.0;0.0;0.0;0
0;0;1.57;0.0;0.0;0.04710471047104711;1.18;0
0;0;0.0;0.0;0.0;0.0;0.0;0
0;0;0.0;0.0;0.0;0.0;0.0;0
0;0;0.0;0.0;0.0;0.0;0.0;0
0;0;0.0;0.0;0.0;0.0;0.0;0
0;0;1.18;0.0;0.0;0.0354035403540354;1.97;0
0;0;0.0;0.0;0.0;0.0;0.0;0
1;0;0.2;0.047619047619047616;0.0;0.006000600060006001;0.2;0
0;0;0.0;0.0;0.0;0.0;0.0;0
0;0;0.0;0.0;0.0;0.0;0.0;0
0;0;0.0;0.0;0.0;0.0;0.0;0
0;0;1.38;0.0;0.0;0.041404140414041404;2.15;0
0;0;0.0;0.0;0.0;0.0;0.0;0
0;0;0.0;0.0;0.0;0.0;0.0;0
3;0;0.6;0.14285714285714285;0.0;0.018001800180018002;0.2;0
0;0;0.0;0.0;0.0;0.0;0.0;0
0;0;0.0;0.0;0.0;0.0;0.0;0
0;0;0.0;0.0;0.0;0.0;0.0;0
0;0;0.0;0.0;0.0;0.0;0.0;0
0;0;0.0;0.0;0.0;0.0;0.0;0
0;0;0.0;0.0;0.0;0.0;0.0;0
0;0;0.0;0.0;0.0;0.0;0.0;0
0;0;0.0;0.0;0.0;0.0;0.0;0
0;0;0.0;0.0;0.0;0.0;0.0;0
1;0;0.0;0.047619047619047616;0.0;0.0;0.0;0
0;0;0.0;0.0;0.0;0.0;0.0;0
0;0;0.0;0.0;0.0;0.0;0.0;0
1;0;0.79;0.047619047619047616;0.0;0.023702370237023703;0.0;0
0;0;0.0;0.0;0.0;0.0;0.0;0
0;0;0.6;0.0;0.0;0.018001800180018002;0.79;0
1;0;0.0;0.047619047619047616;0.0;0.0;0.0;0
0;0;0.0;0.0;0.0;0.0;0.0;0
2;0;0.0;0.09523809523809523;0.0;0.0;0.0;0
0;0;0.0;0.0;0.0;0.0;0.0;0
0;0;0.0;0.0;0.0;0.0;0.0;0
0;0;0.0;0.0;0.0;0.0;0.0;0
2;0;0.0;0.09523809523809523;0.0;0.0;0.0;0
0;0;0.0;0.0;0.0;0.0;0.0;0
0;0;0.0;0.0;0.0;0.0;0.0;0
0;0;0.0;0.0;0.0;0.0;0.0;0
0;0;0.0;0.0;0.0;0.0;0.0;0
0;0;0.0;0.0;0.0;0.0;0.0;0
0;0;0.0;0.0;0.0;0.0;0.0;0
1;0;0.0;0.047619047619047616;0.0;0.0;0.0;0
0;0;0.0;0.0;0.0;0.0;0.0;0
0;0;1.37;0.0;0.0;0.04110411041104111;1.77;0
0;0;0.0;0.0;0.0;0.0;0.0;0
0;0;0.0;0.0;0.0;0.0;0.0;0
0;0;0.0;0.0;0.0;0.0;0.0;0
1;0;0.0;0.047619047619047616;0.0;0.0;0.0;0
0;0;0.4;0.0;0.0;0.012001200120012002;0.4;0
0;0;0.0;0.0;0.0;0.0;0.0;0
0;0;0.0;0.0;0.0;0.0;0.0;0
0;0;0.0;0.0;0.0;0.0;0.0;0
0;0;0.0;0.0;0.0;0.0;0.0;0
0;0;0.0;0.0;0.0;0.0;0.0;0
0;0;0.0;0.0;0.0;0.0;0.0;0
0;0;0.0;0.0;0.0;0.0;0.0;0
1;0;0.0;0.047619047619047616;0.0;0.0;0.0;0
0;0;0.0;0.0;0.0;0.0;0.2;0
0;0;0.0;0.0;0.0;0.0;0.0;0
0;0;0.0;0.0;0.0;0.0;0.0;0
1;0;0.0;0.047619047619047616;0.0;0.0;0.0;0
0;0;0.4;0.0;0.0;0.012001200120012002;0.6;0
0;0;0.0;0.0;0.0;0.0;5.9;1
0;0;0.0;0.0;0.0;0.0;0.0;0
0;0;0.0;0.0;0.0;0.0;0.0;0
0;0;0.0;0.0;0.0;0.0;0.0;0
2;0;0.0;0.09523809523809523;0.0;0.0;0.0;0
0;0;0.0;0.0;0.0;0.0;0.0;0
0;0;0.0;0.0;0.0;0.0;0.0;0
0;0;0.0;0.0;0.0;0.0;0.0;0
0;0;0.0;0.0;0.0;0.0;0.0;0
0;0;0.0;0.0;0.0;0.0;0.0;0
0;0;0.0;0.0;0.0;0.0;0.0;0
1;1;0.0;0.047619047619047616;1.0;0.0;0.0;0
0;0;0.0;0.0;0.0;0.0;0.0;0
0;0;0.0;0.0;0.0;0.0;0.0;0
0;0;0.0;0.0;0.0;0.0;0.0;0
0;0;0.0;0.0;0.0;0.0;0.0;0
1;0;0.0;0.047619047619047616;0.0;0.0;0.0;0
0;0;0.0;0.0;0.0;0.0;0.0;0
0;0;0.0;0.0;0.0;0.0;0.0;0
0;0;0.0;0.0;0.0;0.0;0.0;0
0;0;0.0;0.0;0.0;0.0;0.0;0
0;0;0.0;0.0;0.0;0.0;0.2;0
0;0;0.0;0.0;0.0;0.0;0.0;0
1;0;0.0;0.047619047619047616;0.0;0.0;0.0;0
1;0;0.0;0.047619047619047616;0.0;0.0;0.0;0
0;0;0.0;0.0;0.0;0.0;0.0;0
2;0;0.0;0.09523809523809523;0.0;0.0;0.0;0
1;0;0.0;0.047619047619047616;0.0;0.0;0.2;0
0;0;0.0;0.0;0.0;0.0;0.0;0
0;0;0.0;0.0;0.0;0.0;0.0;0
0;0;0.2;0.0;0.0;0.006000600060006001;0.0;0
0;0;0.0;0.0;0.0;0.0;0.0;0
0;0;0.59;0.0;0.0;0.0177017701770177;0.6;0
1;0;0.0;0.047619047619047616;0.0;0.0;0.0;0
0;0;0.0;0.0;0.0;0.0;0.0;0
0;0;0.0;0.0;0.0;0.0;0.2;0
0;0;0.0;0.0;0.0;0.0;0.0;0
1;0;0.0;0.047619047619047616;0.0;0.0;0.0;0
0;0;0.2;0.0;0.0;0.006000600060006001;0.0;0
0;0;0.0;0.0;0.0;0.0;0.2;0
0;0;0.0;0.0;0.0;0.0;0.0;0
0;0;0.0;0.0;0.0;0.0;0.0;0
0;0;0.0;0.0;0.0;0.0;0.0;0
2;0;0.0;0.09523809523809523;0.0;0.0;0.0;0
1;0;0.0;0.047619047619047616;0.0;0.0;0.0;0
0;0;0.2;0.0;0.0;0.006000600060006001;0.0;0
0;0;0.2;0.0;0.0;0.006000600060006001;0.0;0
0;0;0.0;0.0;0.0;0.0;0.0;0
0;0;0.0;0.0;0.0;0.0;0.0;0
0;0;0.0;0.0;0.0;0.0;0.0;0
0;0;0.0;0.0;0.0;0.0;0.0;0
0;0;0.0;0.0;0.0;0.0;0.0;0
0;0;0.0;0.0;0.0;0.0;0.0;0
0;0;0.0;0.0;0.0;0.0;0.0;0
5;0;0.0;0.23809523809523808;0.0;0.0;0.6;0
0;0;0.0;0.0;0.0;0.0;0.0;0
0;0;0.2;0.0;0.0;0.006000600060006001;0.0;0
0;0;0.0;0.0;0.0;0.0;0.0;0
0;0;0.0;0.0;0.0;0.0;0.0;0
0;0;0.0;0.0;0.0;0.0;0.0;0
0;0;0.0;0.0;0.0;0.0;0.0;0
0;0;0.6;0.0;0.0;0.018001800180018002;0.2;0
0;0;0.0;0.0;0.0;0.0;0.0;0
0;0;0.0;0.0;0.0;0.0;1.18;0
0;0;0.0;0.0;0.0;0.0;0.0;0
0;0;0.0;0.0;0.0;0.0;0.0;0
0;0;0.0;0.0;0.0;0.0;0.0;0
2;0;0.0;0.09523809523809523;0.0;0.0;0.0;0
0;0;0.0;0.0;0.0;0.0;0.0;0
0;0;0.0;0.0;0.0;0.0;0.0;0
0;0;0.0;0.0;0.0;0.0;0.0;0
0;0;0.0;0.0;0.0;0.0;0.0;0
0;0;0.0;0.0;0.0;0.0;0.0;0
0;0;0.0;0.0;0.0;0.0;0.0;0
0;0;2.17;0.0;0.0;0.06510651065106511;0.2;0
0;0;0.0;0.0;0.0;0.0;0.0;0
1;0;0.0;0.047619047619047616;0.0;0.0;0.0;0
0;0;0.0;0.0;0.0;0.0;0.0;0
0;0;0.0;0.0;0.0;0.0;0.0;0
0;0;0.0;0.0;0.0;0.0;0.0;0
1;0;0.0;0.047619047619047616;0.0;0.0;0.0;0
0;0;0.0;0.0;0.0;0.0;0.0;0
0;0;0.0;0.0;0.0;0.0;0.0;0
0;0;0.0;0.0;0.0;0.0;0.39;0
0;0;0.0;0.0;0.0;0.0;0.0;0
0;0;0.0;0.0;0.0;0.0;0.0;0
1;0;0.0;0.047619047619047616;0.0;0.0;20.87;2
0;0;0.0;0.0;0.0;0.0;0.0;0
0;0;0.59;0.0;0.0;0.0177017701770177;0.4;0
0;0;0.0;0.0;0.0;0.0;0.0;0
0;0;0.0;0.0;0.0;0.0;0.0;0
0;0;0.0;0.0;0.0;0.0;0.0;0
0;0;0.2;0.0;0.0;0.006000600060006001;0.0;0
0;0;0.0;0.0;0.0;0.0;0.0;0
0;0;0.0;0.0;0.0;0.0;0.0;0
0;0;0.0;0.0;0.0;0.0;0.0;0
