Hora;Dia;Total de Tweets;Total de Relacionados;Precipitação (mm/30min);Hora (normalizado);Dia (normalizado);Total de Tweets (normalizado);Total de Relacionados (normalizado);Precipitação (mm/30min) (normalizado); Precipitação para próxima meia hora (mm/30min)14;0;3;0;0.0;0.6086956521739131;0.0;0.0379746835443038;0.0;0.0;0.0
17;30;7;0;0.0;0.7391304347826086;1.0;0.08860759493670886;0.0;0.0;0.0
18;30;2;0;0.0;0.782608695652174;1.0;0.02531645569620253;0.0;0.0;0.0
13;0;3;0;0.0;0.5652173913043478;0.0;0.0379746835443038;0.0;0.0;0.0
8;0;1;0;0.0;0.34782608695652173;0.0;0.012658227848101266;0.0;0.0;0.0
0;0;4;0;0.0;0.0;0.0;0.05063291139240506;0.0;0.0;0.0
2;0;0;0;0.0;0.08695652173913043;0.0;0.0;0.0;0.0;0.0
1;0;4;0;0.0;0.043478260869565216;0.0;0.05063291139240506;0.0;0.0;0.0
19;0;5;0;0.0;0.8260869565217391;0.0;0.06329113924050633;0.0;0.0;0.0
14;0;2;0;0.0;0.6086956521739131;0.0;0.02531645569620253;0.0;0.0;0.0
23;30;3;0;0.0;1.0;1.0;0.0379746835443038;0.0;0.0;0.0
16;30;4;1;0.0;0.6956521739130435;1.0;0.05063291139240506;1.0;0.0;21.88
13;30;6;0;0.0;0.5652173913043478;1.0;0.0759493670886076;0.0;0.0;0.0
19;0;1;0;0.0;0.8260869565217391;0.0;0.012658227848101266;0.0;0.0;0.0
7;0;1;0;0.0;0.30434782608695654;0.0;0.012658227848101266;0.0;0.0;0.0
20;0;1;0;1.38;0.8695652173913043;0.0;0.012658227848101266;0.0;0.04677966101694915;1.18
7;30;0;0;0.0;0.30434782608695654;1.0;0.0;0.0;0.0;0.0
20;0;4;0;0.0;0.8695652173913043;0.0;0.05063291139240506;0.0;0.0;0.0
12;30;1;0;0.0;0.5217391304347826;1.0;0.012658227848101266;0.0;0.0;0.0
21;0;2;0;0.0;0.9130434782608695;0.0;0.02531645569620253;0.0;0.0;0.0
10;0;2;0;0.0;0.43478260869565216;0.0;0.02531645569620253;0.0;0.0;0.0
9;0;0;0;0.0;0.391304347826087;0.0;0.0;0.0;0.0;0.0
20;30;11;0;0.0;0.8695652173913043;1.0;0.13924050632911392;0.0;0.0;0.0
3;0;6;0;0.0;0.13043478260869565;0.0;0.0759493670886076;0.0;0.0;0.0
2;30;0;0;0.0;0.08695652173913043;1.0;0.0;0.0;0.0;0.0
10;30;2;0;0.0;0.43478260869565216;1.0;0.02531645569620253;0.0;0.0;0.0
18;0;7;0;0.0;0.782608695652174;0.0;0.08860759493670886;0.0;0.0;0.0
1;0;3;0;0.0;0.043478260869565216;0.0;0.0379746835443038;0.0;0.0;0.0
6;0;0;0;0.0;0.2608695652173913;0.0;0.0;0.0;0.0;0.0
8;0;0;0;0.0;0.34782608695652173;0.0;0.0;0.0;0.0;0.0
10;30;2;0;0.0;0.43478260869565216;1.0;0.02531645569620253;0.0;0.0;0.0
6;30;7;0;0.0;0.2608695652173913;1.0;0.08860759493670886;0.0;0.0;0.0
9;30;1;0;0.0;0.391304347826087;1.0;0.012658227848101266;0.0;0.0;0.0
15;0;4;0;0.0;0.6521739130434783;0.0;0.05063291139240506;0.0;0.0;0.0
23;30;5;0;0.0;1.0;1.0;0.06329113924050633;0.0;0.0;0.0
22;30;0;0;0.4;0.9565217391304348;1.0;0.0;0.0;0.013559322033898306;0.59
6;30;1;0;0.42;0.2608695652173913;1.0;0.012658227848101266;0.0;0.01423728813559322;1.18
11;30;0;0;0.0;0.4782608695652174;1.0;0.0;0.0;0.0;0.0
19;0;0;0;4.14;0.8260869565217391;0.0;0.0;0.0;0.14033898305084744;10.04
22;0;5;0;0.0;0.9565217391304348;0.0;0.06329113924050633;0.0;0.0;0.0
10;0;1;0;0.0;0.43478260869565216;0.0;0.012658227848101266;0.0;0.0;0.0
20;30;9;0;0.0;0.8695652173913043;1.0;0.11392405063291139;0.0;0.0;0.0
5;0;0;0;0.0;0.21739130434782608;0.0;0.0;0.0;0.0;0.0
20;30;5;0;0.0;0.8695652173913043;1.0;0.06329113924050633;0.0;0.0;0.0
19;0;3;0;0.0;0.8260869565217391;0.0;0.0379746835443038;0.0;0.0;0.0
20;0;2;0;0.0;0.8695652173913043;0.0;0.02531645569620253;0.0;0.0;0.0
4;0;0;0;0.0;0.17391304347826086;0.0;0.0;0.0;0.0;0.0
22;0;2;0;0.0;0.9565217391304348;0.0;0.02531645569620253;0.0;0.0;0.0
13;30;6;0;0.0;0.5652173913043478;1.0;0.0759493670886076;0.0;0.0;0.0
18;0;2;0;0.0;0.782608695652174;0.0;0.02531645569620253;0.0;0.0;0.0
1;0;1;0;0.0;0.043478260869565216;0.0;0.012658227848101266;0.0;0.0;0.0
4;30;0;0;0.0;0.17391304347826086;1.0;0.0;0.0;0.0;0.0
4;30;0;0;0.0;0.17391304347826086;1.0;0.0;0.0;0.0;0.0
7;30;2;0;0.0;0.30434782608695654;1.0;0.02531645569620253;0.0;0.0;0.0
3;0;1;0;0.0;0.13043478260869565;0.0;0.012658227848101266;0.0;0.0;0.0
21;30;7;0;0.0;0.9130434782608695;1.0;0.08860759493670886;0.0;0.0;0.0
13;0;8;0;0.0;0.5652173913043478;0.0;0.10126582278481013;0.0;0.0;0.0
13;0;2;0;0.0;0.5652173913043478;0.0;0.02531645569620253;0.0;0.0;0.0
13;0;1;0;0.0;0.5652173913043478;0.0;0.012658227848101266;0.0;0.0;0.0
19;30;4;0;0.0;0.8260869565217391;1.0;0.05063291139240506;0.0;0.0;0.0
12;30;4;0;0.0;0.5217391304347826;1.0;0.05063291139240506;0.0;0.0;0.0
18;30;4;0;0.0;0.782608695652174;1.0;0.05063291139240506;0.0;0.0;0.0
7;0;0;0;0.0;0.30434782608695654;0.0;0.0;0.0;0.0;0.0
16;0;2;0;0.0;0.6956521739130435;0.0;0.02531645569620253;0.0;0.0;0.0
17;0;3;0;0.0;0.7391304347826086;0.0;0.0379746835443038;0.0;0.0;0.2
9;30;1;0;0.0;0.391304347826087;1.0;0.012658227848101266;0.0;0.0;0.0
6;0;0;0;0.0;0.2608695652173913;0.0;0.0;0.0;0.0;0.0
10;0;2;0;0.0;0.43478260869565216;0.0;0.02531645569620253;0.0;0.0;0.0
3;0;0;0;0.0;0.13043478260869565;0.0;0.0;0.0;0.0;0.0
6;30;1;0;0.2;0.2608695652173913;1.0;0.012658227848101266;0.0;0.006779661016949153;0.98
16;30;1;0;0.0;0.6956521739130435;1.0;0.012658227848101266;0.0;0.0;0.0
18;0;0;0;0.0;0.782608695652174;0.0;0.0;0.0;0.0;0.0
13;0;7;0;0.0;0.5652173913043478;0.0;0.08860759493670886;0.0;0.0;0.0
4;0;0;0;0.0;0.17391304347826086;0.0;0.0;0.0;0.0;0.0
6;30;1;0;0.0;0.2608695652173913;1.0;0.012658227848101266;0.0;0.0;0.0
1;0;0;0;0.0;0.043478260869565216;0.0;0.0;0.0;0.0;0.0
20;30;4;0;0.0;0.8695652173913043;1.0;0.05063291139240506;0.0;0.0;0.0
18;0;1;0;0.0;0.782608695652174;0.0;0.012658227848101266;0.0;0.0;0.0
17;30;0;0;0.0;0.7391304347826086;1.0;0.0;0.0;0.0;0.0
1;0;4;0;0.6;0.043478260869565216;0.0;0.05063291139240506;0.0;0.020338983050847456;0.81
13;0;5;0;0.0;0.5652173913043478;0.0;0.06329113924050633;0.0;0.0;0.0
20;0;5;0;0.0;0.8695652173913043;0.0;0.06329113924050633;0.0;0.0;0.0
20;30;5;0;0.0;0.8695652173913043;1.0;0.06329113924050633;0.0;0.0;0.0
4;30;0;0;0.0;0.17391304347826086;1.0;0.0;0.0;0.0;0.0
20;0;5;0;0.0;0.8695652173913043;0.0;0.06329113924050633;0.0;0.0;0.0
23;30;1;0;0.0;1.0;1.0;0.012658227848101266;0.0;0.0;0.0
16;0;0;0;0.59;0.6956521739130435;0.0;0.0;0.0;0.02;0.0
12;30;1;0;0.0;0.5217391304347826;1.0;0.012658227848101266;0.0;0.0;0.0
16;30;1;0;0.0;0.6956521739130435;1.0;0.012658227848101266;0.0;0.0;0.0
13;0;1;0;0.0;0.5652173913043478;0.0;0.012658227848101266;0.0;0.0;0.0
20;0;3;0;0.0;0.8695652173913043;0.0;0.0379746835443038;0.0;0.0;0.0
23;30;3;0;0.0;1.0;1.0;0.0379746835443038;0.0;0.0;0.0
22;0;5;0;0.0;0.9565217391304348;0.0;0.06329113924050633;0.0;0.0;0.0
22;30;1;0;0.99;0.9565217391304348;1.0;0.012658227848101266;0.0;0.0335593220338983;0.0
19;0;2;0;0.0;0.8260869565217391;0.0;0.02531645569620253;0.0;0.0;0.0
7;0;0;0;0.0;0.30434782608695654;0.0;0.0;0.0;0.0;0.0
10;0;0;0;0.4;0.43478260869565216;0.0;0.0;0.0;0.013559322033898306;0.4
12;30;2;0;0.0;0.5217391304347826;1.0;0.02531645569620253;0.0;0.0;0.0
21;0;33;0;0.0;0.9130434782608695;0.0;0.4177215189873418;0.0;0.0;0.0
12;0;1;0;0.0;0.5217391304347826;0.0;0.012658227848101266;0.0;0.0;0.0
2;0;1;0;0.0;0.08695652173913043;0.0;0.012658227848101266;0.0;0.0;0.0
4;0;0;0;0.0;0.17391304347826086;0.0;0.0;0.0;0.0;0.0
18;30;4;0;0.0;0.782608695652174;1.0;0.05063291139240506;0.0;0.0;0.0
9;0;3;0;0.0;0.391304347826087;0.0;0.0379746835443038;0.0;0.0;0.0
22;30;0;0;0.6;0.9565217391304348;1.0;0.0;0.0;0.020338983050847456;0.2
20;0;0;0;0.0;0.8695652173913043;0.0;0.0;0.0;0.0;0.0
11;30;1;0;0.0;0.4782608695652174;1.0;0.012658227848101266;0.0;0.0;0.2
8;0;7;0;0.0;0.34782608695652173;0.0;0.08860759493670886;0.0;0.0;0.0
4;30;0;0;0.0;0.17391304347826086;1.0;0.0;0.0;0.0;0.0
8;30;2;0;0.2;0.34782608695652173;1.0;0.02531645569620253;0.0;0.006779661016949153;0.0
3;0;2;0;0.0;0.13043478260869565;0.0;0.02531645569620253;0.0;0.0;0.0
3;30;0;0;0.2;0.13043478260869565;1.0;0.0;0.0;0.006779661016949153;4.93
12;30;8;0;0.0;0.5217391304347826;1.0;0.10126582278481013;0.0;0.0;0.4
13;30;3;0;0.0;0.5652173913043478;1.0;0.0379746835443038;0.0;0.0;0.0
5;0;0;0;0.0;0.21739130434782608;0.0;0.0;0.0;0.0;0.0
5;0;2;0;0.0;0.21739130434782608;0.0;0.02531645569620253;0.0;0.0;0.0
11;0;0;0;0.0;0.4782608695652174;0.0;0.0;0.0;0.0;0.0
17;30;1;0;0.2;0.7391304347826086;1.0;0.012658227848101266;0.0;0.006779661016949153;0.0
3;30;0;0;0.0;0.13043478260869565;1.0;0.0;0.0;0.0;0.0
19;0;2;0;0.0;0.8260869565217391;0.0;0.02531645569620253;0.0;0.0;0.0
16;30;1;0;0.0;0.6956521739130435;1.0;0.012658227848101266;0.0;0.0;0.0
22;30;6;0;0.0;0.9565217391304348;1.0;0.0759493670886076;0.0;0.0;0.0
17;0;6;0;0.0;0.7391304347826086;0.0;0.0759493670886076;0.0;0.0;0.0
7;30;2;0;0.0;0.30434782608695654;1.0;0.02531645569620253;0.0;0.0;0.0
21;0;6;0;0.0;0.9130434782608695;0.0;0.0759493670886076;0.0;0.0;0.0
20;0;2;0;0.0;0.8695652173913043;0.0;0.02531645569620253;0.0;0.0;0.0
19;30;4;0;0.0;0.8260869565217391;1.0;0.05063291139240506;0.0;0.0;0.0
4;30;0;0;0.0;0.17391304347826086;1.0;0.0;0.0;0.0;0.0
7;30;0;0;0.0;0.30434782608695654;1.0;0.0;0.0;0.0;0.0
14;30;1;0;0.0;0.6086956521739131;1.0;0.012658227848101266;0.0;0.0;0.0
18;0;2;0;0.0;0.782608695652174;0.0;0.02531645569620253;0.0;0.0;0.0
2;30;0;0;0.0;0.08695652173913043;1.0;0.0;0.0;0.0;0.0
0;0;2;0;0.0;0.0;0.0;0.02531645569620253;0.0;0.0;0.0
21;30;3;0;0.0;0.9130434782608695;1.0;0.0379746835443038;0.0;0.0;0.0
15;30;0;0;0.0;0.6521739130434783;1.0;0.0;0.0;0.0;0.0
12;30;7;0;0.0;0.5217391304347826;1.0;0.08860759493670886;0.0;0.0;0.0
8;0;0;0;0.0;0.34782608695652173;0.0;0.0;0.0;0.0;0.0
0;0;1;0;0.0;0.0;0.0;0.012658227848101266;0.0;0.0;0.0
12;30;5;0;0.0;0.5217391304347826;1.0;0.06329113924050633;0.0;0.0;0.0
11;30;5;0;0.0;0.4782608695652174;1.0;0.06329113924050633;0.0;0.0;0.0
1;30;0;0;0.81;0.043478260869565216;1.0;0.0;0.0;0.02745762711864407;0.2
13;30;1;0;0.0;0.5652173913043478;1.0;0.012658227848101266;0.0;0.0;0.0
8;30;10;0;0.0;0.34782608695652173;1.0;0.12658227848101267;0.0;0.0;0.0
18;30;2;0;0.0;0.782608695652174;1.0;0.02531645569620253;0.0;0.0;0.0
17;30;4;0;0.0;0.7391304347826086;1.0;0.05063291139240506;0.0;0.0;0.0
9;0;2;0;0.0;0.391304347826087;0.0;0.02531645569620253;0.0;0.0;0.0
12;30;1;0;0.0;0.5217391304347826;1.0;0.012658227848101266;0.0;0.0;0.0
15;0;2;0;0.0;0.6521739130434783;0.0;0.02531645569620253;0.0;0.0;0.0
8;30;0;0;0.0;0.34782608695652173;1.0;0.0;0.0;0.0;0.0
9;0;0;0;0.2;0.391304347826087;0.0;0.0;0.0;0.006779661016949153;0.62
16;0;4;0;0.0;0.6956521739130435;0.0;0.05063291139240506;0.0;0.0;0.0
19;0;4;0;0.0;0.8260869565217391;0.0;0.05063291139240506;0.0;0.0;0.0
11;30;2;0;0.0;0.4782608695652174;1.0;0.02531645569620253;0.0;0.0;0.0
22;30;3;0;0.0;0.9565217391304348;1.0;0.0379746835443038;0.0;0.0;0.0
8;0;1;0;0.0;0.34782608695652173;0.0;0.012658227848101266;0.0;0.0;0.0
4;0;0;0;0.0;0.17391304347826086;0.0;0.0;0.0;0.0;0.0
22;0;4;0;0.0;0.9565217391304348;0.0;0.05063291139240506;0.0;0.0;0.0
12;30;3;0;0.0;0.5217391304347826;1.0;0.0379746835443038;0.0;0.0;0.0
19;30;3;0;0.0;0.8260869565217391;1.0;0.0379746835443038;0.0;0.0;0.0
0;30;0;0;0.0;0.0;1.0;0.0;0.0;0.0;0.0
6;0;1;0;0.0;0.2608695652173913;0.0;0.012658227848101266;0.0;0.0;0.0
3;30;0;0;0.0;0.13043478260869565;1.0;0.0;0.0;0.0;0.0
20;30;1;0;18.97;0.8695652173913043;1.0;0.012658227848101266;0.0;0.6430508474576271;0.39
6;0;0;0;0.0;0.2608695652173913;0.0;0.0;0.0;0.0;0.0
5;0;1;0;0.0;0.21739130434782608;0.0;0.012658227848101266;0.0;0.0;0.0
17;30;3;0;0.2;0.7391304347826086;1.0;0.0379746835443038;0.0;0.006779661016949153;1.37
1;30;3;0;0.0;0.043478260869565216;1.0;0.0379746835443038;0.0;0.0;0.0
0;0;3;0;0.0;0.0;0.0;0.0379746835443038;0.0;0.0;0.0
0;30;24;0;0.0;0.0;1.0;0.3037974683544304;0.0;0.0;0.0
14;30;3;0;0.0;0.6086956521739131;1.0;0.0379746835443038;0.0;0.0;0.99
6;0;2;0;0.0;0.2608695652173913;0.0;0.02531645569620253;0.0;0.0;0.0
2;0;0;0;0.0;0.08695652173913043;0.0;0.0;0.0;0.0;0.0
8;30;2;0;0.0;0.34782608695652173;1.0;0.02531645569620253;0.0;0.0;0.0
4;0;0;0;0.0;0.17391304347826086;0.0;0.0;0.0;0.0;1.38
18;0;4;0;0.0;0.782608695652174;0.0;0.05063291139240506;0.0;0.0;0.0
5;30;0;0;0.0;0.21739130434782608;1.0;0.0;0.0;0.0;0.0
23;0;3;0;0.0;1.0;0.0;0.0379746835443038;0.0;0.0;0.0
4;0;0;0;0.0;0.17391304347826086;0.0;0.0;0.0;0.0;0.0
19;30;3;0;0.0;0.8260869565217391;1.0;0.0379746835443038;0.0;0.0;0.0
10;30;1;0;0.0;0.43478260869565216;1.0;0.012658227848101266;0.0;0.0;0.0
23;0;0;0;0.0;1.0;0.0;0.0;0.0;0.0;0.0
21;0;4;0;0.0;0.9130434782608695;0.0;0.05063291139240506;0.0;0.0;0.98
12;30;2;0;0.0;0.5217391304347826;1.0;0.02531645569620253;0.0;0.0;0.0
21;0;6;0;1.37;0.9130434782608695;0.0;0.0759493670886076;0.0;0.0464406779661017;1.4
10;0;5;0;0.0;0.43478260869565216;0.0;0.06329113924050633;0.0;0.0;0.0
1;30;0;0;0.0;0.043478260869565216;1.0;0.0;0.0;0.0;0.0
3;30;7;0;0.0;0.13043478260869565;1.0;0.08860759493670886;0.0;0.0;0.0
1;30;0;0;0.0;0.043478260869565216;1.0;0.0;0.0;0.0;0.0
12;0;0;0;0.0;0.5217391304347826;0.0;0.0;0.0;0.0;0.0
21;0;15;0;0.0;0.9130434782608695;0.0;0.189873417721519;0.0;0.0;0.0
13;30;1;0;0.0;0.5652173913043478;1.0;0.012658227848101266;0.0;0.0;0.0
13;0;1;0;0.0;0.5652173913043478;0.0;0.012658227848101266;0.0;0.0;0.0
13;0;3;0;0.0;0.5652173913043478;0.0;0.0379746835443038;0.0;0.0;0.0
13;30;6;0;0.0;0.5652173913043478;1.0;0.0759493670886076;0.0;0.0;0.0
1;30;0;0;0.0;0.043478260869565216;1.0;0.0;0.0;0.0;0.0
5;0;0;0;0.0;0.21739130434782608;0.0;0.0;0.0;0.0;0.0
12;30;2;0;0.0;0.5217391304347826;1.0;0.02531645569620253;0.0;0.0;0.0
15;0;0;0;0.0;0.6521739130434783;0.0;0.0;0.0;0.0;0.0
2;30;2;0;0.0;0.08695652173913043;1.0;0.02531645569620253;0.0;0.0;0.0
23;30;2;0;0.0;1.0;1.0;0.02531645569620253;0.0;0.0;0.2
0;30;5;0;0.0;0.0;1.0;0.06329113924050633;0.0;0.0;0.0
1;30;1;0;0.0;0.043478260869565216;1.0;0.012658227848101266;0.0;0.0;0.0
23;30;10;0;0.0;1.0;1.0;0.12658227848101267;0.0;0.0;0.0
0;0;1;0;0.62;0.0;0.0;0.012658227848101266;0.0;0.02101694915254237;0.4
13;0;0;0;0.0;0.5652173913043478;0.0;0.0;0.0;0.0;0.0
18;0;1;0;0.0;0.782608695652174;0.0;0.012658227848101266;0.0;0.0;0.0
18;0;2;0;0.0;0.782608695652174;0.0;0.02531645569620253;0.0;0.0;0.0
19;30;1;0;0.42;0.8260869565217391;1.0;0.012658227848101266;0.0;0.01423728813559322;0.0
12;0;0;0;0.0;0.5217391304347826;0.0;0.0;0.0;0.0;0.2
17;30;8;0;0.0;0.7391304347826086;1.0;0.10126582278481013;0.0;0.0;0.0
0;30;0;0;0.0;0.0;1.0;0.0;0.0;0.0;0.0
2;0;1;0;0.0;0.08695652173913043;0.0;0.012658227848101266;0.0;0.0;0.0
22;0;4;0;0.0;0.9565217391304348;0.0;0.05063291139240506;0.0;0.0;0.0
7;30;0;0;0.4;0.30434782608695654;1.0;0.0;0.0;0.013559322033898306;0.0
15;0;5;0;1.18;0.6521739130434783;0.0;0.06329113924050633;0.0;0.04;0.0
20;30;2;0;0.0;0.8695652173913043;1.0;0.02531645569620253;0.0;0.0;0.0
13;30;3;0;0.0;0.5652173913043478;1.0;0.0379746835443038;0.0;0.0;0.0
16;0;4;0;0.0;0.6956521739130435;0.0;0.05063291139240506;0.0;0.0;0.0
11;30;0;0;0.4;0.4782608695652174;1.0;0.0;0.0;0.013559322033898306;0.0
4;30;2;0;0.0;0.17391304347826086;1.0;0.02531645569620253;0.0;0.0;0.0
14;30;5;0;0.0;0.6086956521739131;1.0;0.06329113924050633;0.0;0.0;0.0
1;0;1;0;0.0;0.043478260869565216;0.0;0.012658227848101266;0.0;0.0;0.0
1;30;1;0;0.0;0.043478260869565216;1.0;0.012658227848101266;0.0;0.0;0.0
5;30;0;0;0.0;0.21739130434782608;1.0;0.0;0.0;0.0;0.0
10;0;0;0;0.0;0.43478260869565216;0.0;0.0;0.0;0.0;0.0
20;0;3;0;0.0;0.8695652173913043;0.0;0.0379746835443038;0.0;0.0;0.0
21;0;6;0;0.0;0.9130434782608695;0.0;0.0759493670886076;0.0;0.0;0.0
0;30;0;0;0.0;0.0;1.0;0.0;0.0;0.0;0.0
0;0;8;0;0.0;0.0;0.0;0.10126582278481013;0.0;0.0;0.0
21;30;2;0;0.0;0.9130434782608695;1.0;0.02531645569620253;0.0;0.0;0.0
5;30;0;0;0.0;0.21739130434782608;1.0;0.0;0.0;0.0;0.4
16;30;4;0;0.0;0.6956521739130435;1.0;0.05063291139240506;0.0;0.0;0.0
22;0;1;0;0.0;0.9565217391304348;0.0;0.012658227848101266;0.0;0.0;0.0
12;0;2;0;0.0;0.5217391304347826;0.0;0.02531645569620253;0.0;0.0;0.0
4;0;0;0;0.0;0.17391304347826086;0.0;0.0;0.0;0.0;0.0
19;30;1;0;0.0;0.8260869565217391;1.0;0.012658227848101266;0.0;0.0;0.0
7;0;1;0;0.0;0.30434782608695654;0.0;0.012658227848101266;0.0;0.0;0.0
23;30;1;0;0.0;1.0;1.0;0.012658227848101266;0.0;0.0;0.0
16;0;5;0;0.0;0.6956521739130435;0.0;0.06329113924050633;0.0;0.0;0.0
5;30;0;0;0.0;0.21739130434782608;1.0;0.0;0.0;0.0;0.0
4;30;0;0;0.2;0.17391304347826086;1.0;0.0;0.0;0.006779661016949153;0.0
6;0;0;0;0.0;0.2608695652173913;0.0;0.0;0.0;0.0;0.42
20;0;3;0;0.0;0.8695652173913043;0.0;0.0379746835443038;0.0;0.0;0.0
20;0;4;0;0.0;0.8695652173913043;0.0;0.05063291139240506;0.0;0.0;0.0
8;0;0;0;0.0;0.34782608695652173;0.0;0.0;0.0;0.0;0.0
11;30;2;0;0.0;0.4782608695652174;1.0;0.02531645569620253;0.0;0.0;0.0
4;0;0;0;0.0;0.17391304347826086;0.0;0.0;0.0;0.0;0.0
7;30;1;0;0.0;0.30434782608695654;1.0;0.012658227848101266;0.0;0.0;0.0
6;0;0;0;0.0;0.2608695652173913;0.0;0.0;0.0;0.0;0.0
22;0;5;0;0.0;0.9565217391304348;0.0;0.06329113924050633;0.0;0.0;0.0
14;30;0;0;0.0;0.6086956521739131;1.0;0.0;0.0;0.0;0.0
2;30;0;0;0.59;0.08695652173913043;1.0;0.0;0.0;0.02;0.6
20;0;3;0;0.0;0.8695652173913043;0.0;0.0379746835443038;0.0;0.0;4.13
10;30;1;0;0.0;0.43478260869565216;1.0;0.012658227848101266;0.0;0.0;0.0
2;30;0;0;0.0;0.08695652173913043;1.0;0.0;0.0;0.0;0.0
3;30;0;0;0.0;0.13043478260869565;1.0;0.0;0.0;0.0;0.0
4;30;1;0;0.0;0.17391304347826086;1.0;0.012658227848101266;0.0;0.0;0.0
21;30;5;0;0.0;0.9130434782608695;1.0;0.06329113924050633;0.0;0.0;0.0
7;30;0;0;0.0;0.30434782608695654;1.0;0.0;0.0;0.0;0.0
8;0;0;0;0.0;0.34782608695652173;0.0;0.0;0.0;0.0;0.0
11;30;4;0;0.0;0.4782608695652174;1.0;0.05063291139240506;0.0;0.0;0.0
19;0;2;0;0.0;0.8260869565217391;0.0;0.02531645569620253;0.0;0.0;0.0
8;30;1;0;0.0;0.34782608695652173;1.0;0.012658227848101266;0.0;0.0;0.0
4;30;0;0;0.0;0.17391304347826086;1.0;0.0;0.0;0.0;0.0
3;30;0;0;0.0;0.13043478260869565;1.0;0.0;0.0;0.0;0.0
5;0;0;0;0.0;0.21739130434782608;0.0;0.0;0.0;0.0;0.0
8;0;0;0;0.0;0.34782608695652173;0.0;0.0;0.0;0.0;0.0
9;0;8;0;0.0;0.391304347826087;0.0;0.10126582278481013;0.0;0.0;0.0
17;30;3;0;0.0;0.7391304347826086;1.0;0.0379746835443038;0.0;0.0;0.0
23;0;0;0;0.0;1.0;0.0;0.0;0.0;0.0;0.0
9;0;2;0;0.0;0.391304347826087;0.0;0.02531645569620253;0.0;0.0;0.0
1;30;0;0;0.0;0.043478260869565216;1.0;0.0;0.0;0.0;0.0
21;0;6;0;0.0;0.9130434782608695;0.0;0.0759493670886076;0.0;0.0;0.0
4;0;3;0;0.0;0.17391304347826086;0.0;0.0379746835443038;0.0;0.0;0.0
15;30;1;0;0.0;0.6521739130434783;1.0;0.012658227848101266;0.0;0.0;0.0
19;0;0;0;0.0;0.8260869565217391;0.0;0.0;0.0;0.0;0.0
16;30;1;0;0.0;0.6956521739130435;1.0;0.012658227848101266;0.0;0.0;0.0
0;0;1;0;0.0;0.0;0.0;0.012658227848101266;0.0;0.0;0.0
16;30;3;0;0.0;0.6956521739130435;1.0;0.0379746835443038;0.0;0.0;0.0
4;30;4;0;0.0;0.17391304347826086;1.0;0.05063291139240506;0.0;0.0;2.94
16;0;6;0;0.0;0.6956521739130435;0.0;0.0759493670886076;0.0;0.0;0.0
13;0;1;0;0.0;0.5652173913043478;0.0;0.012658227848101266;0.0;0.0;0.0
19;30;4;0;0.0;0.8260869565217391;1.0;0.05063291139240506;0.0;0.0;0.0
1;30;0;0;0.0;0.043478260869565216;1.0;0.0;0.0;0.0;0.0
3;30;0;0;0.0;0.13043478260869565;1.0;0.0;0.0;0.0;0.0
21;30;0;0;0.0;0.9130434782608695;1.0;0.0;0.0;0.0;0.0
19;0;0;0;0.0;0.8260869565217391;0.0;0.0;0.0;0.0;0.0
14;30;1;0;0.0;0.6086956521739131;1.0;0.012658227848101266;0.0;0.0;0.0
22;0;3;0;0.0;0.9565217391304348;0.0;0.0379746835443038;0.0;0.0;0.0
9;0;0;0;0.0;0.391304347826087;0.0;0.0;0.0;0.0;0.0
5;30;0;0;0.0;0.21739130434782608;1.0;0.0;0.0;0.0;0.0
21;30;7;0;0.0;0.9130434782608695;1.0;0.08860759493670886;0.0;0.0;0.0
0;0;1;0;0.0;0.0;0.0;0.012658227848101266;0.0;0.0;0.0
8;30;12;0;0.0;0.34782608695652173;1.0;0.1518987341772152;0.0;0.0;0.0
12;0;2;0;0.0;0.5217391304347826;0.0;0.02531645569620253;0.0;0.0;0.2
1;0;4;0;0.0;0.043478260869565216;0.0;0.05063291139240506;0.0;0.0;0.0
18;0;4;0;0.0;0.782608695652174;0.0;0.05063291139240506;0.0;0.0;0.0
19;0;1;0;0.0;0.8260869565217391;0.0;0.012658227848101266;0.0;0.0;0.0
20;0;3;0;0.0;0.8695652173913043;0.0;0.0379746835443038;0.0;0.0;0.0
5;0;0;0;0.82;0.21739130434782608;0.0;0.0;0.0;0.027796610169491524;1.77
17;30;3;0;0.0;0.7391304347826086;1.0;0.0379746835443038;0.0;0.0;0.0
6;30;1;0;0.0;0.2608695652173913;1.0;0.012658227848101266;0.0;0.0;0.0
15;0;4;0;0.0;0.6521739130434783;0.0;0.05063291139240506;0.0;0.0;0.0
14;30;2;0;0.0;0.6086956521739131;1.0;0.02531645569620253;0.0;0.0;0.0
9;30;0;0;0.0;0.391304347826087;1.0;0.0;0.0;0.0;0.0
8;30;7;0;0.0;0.34782608695652173;1.0;0.08860759493670886;0.0;0.0;0.0
13;30;2;0;0.0;0.5652173913043478;1.0;0.02531645569620253;0.0;0.0;0.0
0;30;0;0;0.0;0.0;1.0;0.0;0.0;0.0;0.0
7;0;1;0;0.0;0.30434782608695654;0.0;0.012658227848101266;0.0;0.0;0.0
9;30;2;0;0.0;0.391304347826087;1.0;0.02531645569620253;0.0;0.0;0.0
0;0;2;0;0.0;0.0;0.0;0.02531645569620253;0.0;0.0;0.0
10;0;3;0;0.0;0.43478260869565216;0.0;0.0379746835443038;0.0;0.0;0.0
7;0;0;0;0.0;0.30434782608695654;0.0;0.0;0.0;0.0;0.0
15;0;3;0;0.0;0.6521739130434783;0.0;0.0379746835443038;0.0;0.0;0.0
13;30;5;0;0.0;0.5652173913043478;1.0;0.06329113924050633;0.0;0.0;0.0
2;30;2;0;0.0;0.08695652173913043;1.0;0.02531645569620253;0.0;0.0;0.0
8;0;0;0;0.0;0.34782608695652173;0.0;0.0;0.0;0.0;0.0
23;0;0;0;0.0;1.0;0.0;0.0;0.0;0.0;0.0
3;30;0;0;0.0;0.13043478260869565;1.0;0.0;0.0;0.0;0.0
9;0;0;0;0.0;0.391304347826087;0.0;0.0;0.0;0.0;0.0
1;0;2;0;0.0;0.043478260869565216;0.0;0.02531645569620253;0.0;0.0;0.0
8;30;1;0;0.0;0.34782608695652173;1.0;0.012658227848101266;0.0;0.0;0.0
11;0;1;0;0.0;0.4782608695652174;0.0;0.012658227848101266;0.0;0.0;0.0
2;0;0;0;0.0;0.08695652173913043;0.0;0.0;0.0;0.0;0.0
8;0;0;0;0.0;0.34782608695652173;0.0;0.0;0.0;0.0;0.0
3;0;0;0;0.0;0.13043478260869565;0.0;0.0;0.0;0.0;0.0
8;30;2;0;0.0;0.34782608695652173;1.0;0.02531645569620253;0.0;0.0;0.0
15;30;0;0;0.0;0.6521739130434783;1.0;0.0;0.0;0.0;0.0
7;30;0;0;0.0;0.30434782608695654;1.0;0.0;0.0;0.0;0.0
17;30;0;0;0.0;0.7391304347826086;1.0;0.0;0.0;0.0;0.0
16;30;2;0;0.0;0.6956521739130435;1.0;0.02531645569620253;0.0;0.0;0.0
9;30;1;0;0.0;0.391304347826087;1.0;0.012658227848101266;0.0;0.0;0.0
0;30;1;0;0.0;0.0;1.0;0.012658227848101266;0.0;0.0;0.0
15;0;1;0;0.0;0.6521739130434783;0.0;0.012658227848101266;0.0;0.0;0.0
7;0;0;0;0.0;0.30434782608695654;0.0;0.0;0.0;0.0;0.0
5;30;0;0;0.0;0.21739130434782608;1.0;0.0;0.0;0.0;0.0
5;30;1;0;0.0;0.21739130434782608;1.0;0.012658227848101266;0.0;0.0;0.0
2;30;0;0;0.0;0.08695652173913043;1.0;0.0;0.0;0.0;0.0
18;0;2;0;1.37;0.782608695652174;0.0;0.02531645569620253;0.0;0.0464406779661017;0.0
8;0;0;0;0.0;0.34782608695652173;0.0;0.0;0.0;0.0;0.0
20;30;14;0;1.18;0.8695652173913043;1.0;0.17721518987341772;0.0;0.04;1.37
6;0;0;0;0.0;0.2608695652173913;0.0;0.0;0.0;0.0;0.0
12;0;1;0;0.0;0.5217391304347826;0.0;0.012658227848101266;0.0;0.0;0.0
15;0;5;0;0.0;0.6521739130434783;0.0;0.06329113924050633;0.0;0.0;0.0
3;0;0;0;0.0;0.13043478260869565;0.0;0.0;0.0;0.0;0.0
13;30;3;0;0.0;0.5652173913043478;1.0;0.0379746835443038;0.0;0.0;0.0
3;30;11;0;0.0;0.13043478260869565;1.0;0.13924050632911392;0.0;0.0;0.0
22;30;5;0;0.0;0.9565217391304348;1.0;0.06329113924050633;0.0;0.0;0.0
15;0;0;0;0.0;0.6521739130434783;0.0;0.0;0.0;0.0;0.2
23;30;0;0;0.0;1.0;1.0;0.0;0.0;0.0;0.0
9;0;0;0;0.0;0.391304347826087;0.0;0.0;0.0;0.0;0.0
2;30;6;0;0.0;0.08695652173913043;1.0;0.0759493670886076;0.0;0.0;0.0
1;30;0;0;0.0;0.043478260869565216;1.0;0.0;0.0;0.0;0.0
14;0;11;0;0.0;0.6086956521739131;0.0;0.13924050632911392;0.0;0.0;0.0
0;30;0;0;0.0;0.0;1.0;0.0;0.0;0.0;0.0
22;30;5;0;0.0;0.9565217391304348;1.0;0.06329113924050633;0.0;0.0;0.0
2;0;8;0;0.0;0.08695652173913043;0.0;0.10126582278481013;0.0;0.0;0.0
17;30;2;0;0.0;0.7391304347826086;1.0;0.02531645569620253;0.0;0.0;0.0
19;0;1;0;0.0;0.8260869565217391;0.0;0.012658227848101266;0.0;0.0;0.0
22;0;0;0;0.78;0.9565217391304348;0.0;0.0;0.0;0.026440677966101694;0.4
3;30;0;0;0.0;0.13043478260869565;1.0;0.0;0.0;0.0;0.0
15;0;4;0;0.0;0.6521739130434783;0.0;0.05063291139240506;0.0;0.0;0.0
23;30;0;0;0.0;1.0;1.0;0.0;0.0;0.0;0.0
13;30;4;0;0.0;0.5652173913043478;1.0;0.05063291139240506;0.0;0.0;0.0
19;30;3;0;3.93;0.8260869565217391;1.0;0.0379746835443038;0.0;0.13322033898305086;1.38
16;0;1;0;0.0;0.6956521739130435;0.0;0.012658227848101266;0.0;0.0;0.0
7;30;1;0;0.0;0.30434782608695654;1.0;0.012658227848101266;0.0;0.0;0.0
12;30;3;0;0.0;0.5217391304347826;1.0;0.0379746835443038;0.0;0.0;0.0
2;0;2;0;0.0;0.08695652173913043;0.0;0.02531645569620253;0.0;0.0;0.0
12;0;2;0;0.0;0.5217391304347826;0.0;0.02531645569620253;0.0;0.0;0.0
11;30;0;0;0.0;0.4782608695652174;1.0;0.0;0.0;0.0;0.0
11;30;0;0;0.2;0.4782608695652174;1.0;0.0;0.0;0.006779661016949153;0.0
8;30;0;0;0.0;0.34782608695652173;1.0;0.0;0.0;0.0;0.0
4;0;0;0;0.0;0.17391304347826086;0.0;0.0;0.0;0.0;0.0
21;0;6;0;0.0;0.9130434782608695;0.0;0.0759493670886076;0.0;0.0;0.0
14;30;0;0;0.0;0.6086956521739131;1.0;0.0;0.0;0.0;0.0
8;0;3;0;0.0;0.34782608695652173;0.0;0.0379746835443038;0.0;0.0;0.0
1;30;0;0;0.0;0.043478260869565216;1.0;0.0;0.0;0.0;0.0
11;0;5;0;0.0;0.4782608695652174;0.0;0.06329113924050633;0.0;0.0;0.0
5;30;0;0;0.2;0.21739130434782608;1.0;0.0;0.0;0.006779661016949153;0.0
16;30;2;0;0.0;0.6956521739130435;1.0;0.02531645569620253;0.0;0.0;0.0
17;0;2;0;0.0;0.7391304347826086;0.0;0.02531645569620253;0.0;0.0;0.0
10;0;0;0;0.4;0.43478260869565216;0.0;0.0;0.0;0.013559322033898306;0.39
21;30;0;0;0.98;0.9130434782608695;1.0;0.0;0.0;0.033220338983050844;2.94
21;30;3;0;0.0;0.9130434782608695;1.0;0.0379746835443038;0.0;0.0;0.0
21;0;2;0;0.0;0.9130434782608695;0.0;0.02531645569620253;0.0;0.0;0.0
0;30;1;0;0.0;0.0;1.0;0.012658227848101266;0.0;0.0;0.0
4;0;1;0;0.0;0.17391304347826086;0.0;0.012658227848101266;0.0;0.0;0.0
0;0;4;0;0.0;0.0;0.0;0.05063291139240506;0.0;0.0;0.0
20;0;6;0;0.0;0.8695652173913043;0.0;0.0759493670886076;0.0;0.0;0.0
23;0;2;0;0.0;1.0;0.0;0.02531645569620253;0.0;0.0;0.0
1;30;0;0;0.0;0.043478260869565216;1.0;0.0;0.0;0.0;0.0
20;0;4;0;0.0;0.8695652173913043;0.0;0.05063291139240506;0.0;0.0;0.0
12;30;0;0;0.0;0.5217391304347826;1.0;0.0;0.0;0.0;0.0
19;0;6;0;0.0;0.8260869565217391;0.0;0.0759493670886076;0.0;0.0;3.93
19;0;6;0;0.0;0.8260869565217391;0.0;0.0759493670886076;0.0;0.0;0.0
5;30;0;0;0.0;0.21739130434782608;1.0;0.0;0.0;0.0;0.0
0;0;0;0;0.0;0.0;0.0;0.0;0.0;0.0;0.0
2;0;0;0;0.0;0.08695652173913043;0.0;0.0;0.0;0.0;0.0
7;30;0;0;0.0;0.30434782608695654;1.0;0.0;0.0;0.0;0.0
6;30;0;0;0.0;0.2608695652173913;1.0;0.0;0.0;0.0;0.0
21;0;0;0;4.51;0.9130434782608695;0.0;0.0;0.0;0.1528813559322034;2.75
7;0;0;0;0.0;0.30434782608695654;0.0;0.0;0.0;0.0;0.0
20;30;2;0;0.0;0.8695652173913043;1.0;0.02531645569620253;0.0;0.0;0.0
2;30;0;0;0.0;0.08695652173913043;1.0;0.0;0.0;0.0;0.0
14;30;2;0;0.0;0.6086956521739131;1.0;0.02531645569620253;0.0;0.0;0.0
21;0;4;0;0.0;0.9130434782608695;0.0;0.05063291139240506;0.0;0.0;0.0
0;30;3;0;0.0;0.0;1.0;0.0379746835443038;0.0;0.0;0.0
21;0;1;0;0.0;0.9130434782608695;0.0;0.012658227848101266;0.0;0.0;0.0
9;30;1;0;0.0;0.391304347826087;1.0;0.012658227848101266;0.0;0.0;0.0
13;30;2;0;0.0;0.5652173913043478;1.0;0.02531645569620253;0.0;0.0;0.0
0;30;2;0;0.0;0.0;1.0;0.02531645569620253;0.0;0.0;0.0
14;0;8;0;0.0;0.6086956521739131;0.0;0.10126582278481013;0.0;0.0;0.0
7;30;2;0;0.0;0.30434782608695654;1.0;0.02531645569620253;0.0;0.0;0.0
17;0;1;0;0.0;0.7391304347826086;0.0;0.012658227848101266;0.0;0.0;0.0
12;0;4;0;0.0;0.5217391304347826;0.0;0.05063291139240506;0.0;0.0;0.0
20;0;0;0;2.56;0.8695652173913043;0.0;0.0;0.0;0.08677966101694916;3.15
20;30;2;0;0.0;0.8695652173913043;1.0;0.02531645569620253;0.0;0.0;0.0
10;0;1;0;0.0;0.43478260869565216;0.0;0.012658227848101266;0.0;0.0;0.0
11;30;1;0;0.0;0.4782608695652174;1.0;0.012658227848101266;0.0;0.0;0.0
18;0;2;0;0.0;0.782608695652174;0.0;0.02531645569620253;0.0;0.0;0.0
15;30;1;0;0.0;0.6521739130434783;1.0;0.012658227848101266;0.0;0.0;0.0
16;0;4;0;0.0;0.6956521739130435;0.0;0.05063291139240506;0.0;0.0;0.0
8;0;2;0;0.0;0.34782608695652173;0.0;0.02531645569620253;0.0;0.0;0.0
11;0;3;0;0.0;0.4782608695652174;0.0;0.0379746835443038;0.0;0.0;0.0
5;0;1;0;2.94;0.21739130434782608;0.0;0.012658227848101266;0.0;0.09966101694915254;1.21
18;0;3;0;0.0;0.782608695652174;0.0;0.0379746835443038;0.0;0.0;0.0
13;30;1;0;0.59;0.5652173913043478;1.0;0.012658227848101266;0.0;0.02;0.0
2;30;0;0;0.0;0.08695652173913043;1.0;0.0;0.0;0.0;0.0
4;30;4;0;0.0;0.17391304347826086;1.0;0.05063291139240506;0.0;0.0;0.0
11;30;2;0;0.0;0.4782608695652174;1.0;0.02531645569620253;0.0;0.0;0.0
17;30;0;0;0.0;0.7391304347826086;1.0;0.0;0.0;0.0;0.0
2;0;2;0;0.0;0.08695652173913043;0.0;0.02531645569620253;0.0;0.0;0.0
18;30;0;0;0.0;0.782608695652174;1.0;0.0;0.0;0.0;0.0
7;30;0;0;0.0;0.30434782608695654;1.0;0.0;0.0;0.0;0.0
21;30;7;0;0.0;0.9130434782608695;1.0;0.08860759493670886;0.0;0.0;0.0
16;30;1;0;0.0;0.6956521739130435;1.0;0.012658227848101266;0.0;0.0;0.0
6;0;0;0;0.0;0.2608695652173913;0.0;0.0;0.0;0.0;0.0
16;0;3;0;0.0;0.6956521739130435;0.0;0.0379746835443038;0.0;0.0;0.0
19;0;1;0;0.0;0.8260869565217391;0.0;0.012658227848101266;0.0;0.0;0.0
5;0;3;0;0.0;0.21739130434782608;0.0;0.0379746835443038;0.0;0.0;0.0
11;0;4;0;0.0;0.4782608695652174;0.0;0.05063291139240506;0.0;0.0;0.0
14;30;2;0;0.0;0.6086956521739131;1.0;0.02531645569620253;0.0;0.0;0.0
6;0;0;0;0.0;0.2608695652173913;0.0;0.0;0.0;0.0;0.2
21;30;0;0;0.0;0.9130434782608695;1.0;0.0;0.0;0.0;0.0
20;30;2;0;0.0;0.8695652173913043;1.0;0.02531645569620253;0.0;0.0;0.0
15;0;9;0;0.0;0.6521739130434783;0.0;0.11392405063291139;0.0;0.0;0.0
12;0;3;0;0.0;0.5217391304347826;0.0;0.0379746835443038;0.0;0.0;0.0
17;30;2;0;0.0;0.7391304347826086;1.0;0.02531645569620253;0.0;0.0;0.0
17;0;0;0;0.2;0.7391304347826086;0.0;0.0;0.0;0.006779661016949153;0.2
20;30;3;0;0.0;0.8695652173913043;1.0;0.0379746835443038;0.0;0.0;0.0
4;30;0;0;0.0;0.17391304347826086;1.0;0.0;0.0;0.0;0.0
4;0;0;0;0.0;0.17391304347826086;0.0;0.0;0.0;0.0;0.0
16;0;1;0;0.0;0.6956521739130435;0.0;0.012658227848101266;0.0;0.0;0.0
0;30;0;0;0.0;0.0;1.0;0.0;0.0;0.0;0.0
19;30;9;0;0.0;0.8260869565217391;1.0;0.11392405063291139;0.0;0.0;0.0
21;30;1;0;0.79;0.9130434782608695;1.0;0.012658227848101266;0.0;0.026779661016949154;1.01
3;0;0;0;0.0;0.13043478260869565;0.0;0.0;0.0;0.0;0.0
19;30;5;0;0.0;0.8260869565217391;1.0;0.06329113924050633;0.0;0.0;0.0
4;0;0;0;4.93;0.17391304347826086;0.0;0.0;0.0;0.1671186440677966;3.75
5;0;0;0;0.0;0.21739130434782608;0.0;0.0;0.0;0.0;0.0
5;0;0;0;0.0;0.21739130434782608;0.0;0.0;0.0;0.0;0.0
0;30;0;0;0.0;0.0;1.0;0.0;0.0;0.0;0.0
1;30;1;0;0.0;0.043478260869565216;1.0;0.012658227848101266;0.0;0.0;0.0
22;0;3;0;0.0;0.9565217391304348;0.0;0.0379746835443038;0.0;0.0;0.0
13;30;2;0;0.0;0.5652173913043478;1.0;0.02531645569620253;0.0;0.0;0.0
21;30;5;0;0.0;0.9130434782608695;1.0;0.06329113924050633;0.0;0.0;0.0
23;0;3;0;0.0;1.0;0.0;0.0379746835443038;0.0;0.0;0.0
9;30;0;0;0.0;0.391304347826087;1.0;0.0;0.0;0.0;0.0
5;0;0;0;0.0;0.21739130434782608;0.0;0.0;0.0;0.0;0.0
7;0;0;0;0.0;0.30434782608695654;0.0;0.0;0.0;0.0;0.0
1;0;2;0;0.0;0.043478260869565216;0.0;0.02531645569620253;0.0;0.0;0.0
2;30;0;0;0.0;0.08695652173913043;1.0;0.0;0.0;0.0;0.0
10;30;0;0;0.0;0.43478260869565216;1.0;0.0;0.0;0.0;0.82
23;0;2;0;0.62;1.0;0.0;0.02531645569620253;0.0;0.02101694915254237;0.2
14;0;0;0;0.0;0.6086956521739131;0.0;0.0;0.0;0.0;0.0
13;0;5;0;0.0;0.5652173913043478;0.0;0.06329113924050633;0.0;0.0;0.0
10;0;0;0;0.0;0.43478260869565216;0.0;0.0;0.0;0.0;0.0
5;0;0;0;0.0;0.21739130434782608;0.0;0.0;0.0;0.0;0.0
19;0;7;0;0.0;0.8260869565217391;0.0;0.08860759493670886;0.0;0.0;0.0
21;0;7;0;0.0;0.9130434782608695;0.0;0.08860759493670886;0.0;0.0;0.0
10;30;2;0;0.0;0.43478260869565216;1.0;0.02531645569620253;0.0;0.0;0.0
23;0;3;0;0.0;1.0;0.0;0.0379746835443038;0.0;0.0;0.0
5;0;0;0;0.0;0.21739130434782608;0.0;0.0;0.0;0.0;0.0
11;30;4;0;0.0;0.4782608695652174;1.0;0.05063291139240506;0.0;0.0;0.0
17;0;0;0;1.97;0.7391304347826086;0.0;0.0;0.0;0.06677966101694915;0.0
18;30;7;0;0.0;0.782608695652174;1.0;0.08860759493670886;0.0;0.0;0.0
10;0;5;0;0.0;0.43478260869565216;0.0;0.06329113924050633;0.0;0.0;0.0
4;0;1;0;0.0;0.17391304347826086;0.0;0.012658227848101266;0.0;0.0;0.0
17;0;0;0;0.0;0.7391304347826086;0.0;0.0;0.0;0.0;0.2
8;30;0;0;0.0;0.34782608695652173;1.0;0.0;0.0;0.0;0.0
18;30;2;0;0.0;0.782608695652174;1.0;0.02531645569620253;0.0;0.0;0.0
11;0;0;0;0.0;0.4782608695652174;0.0;0.0;0.0;0.0;0.0
22;0;1;0;0.0;0.9565217391304348;0.0;0.012658227848101266;0.0;0.0;0.0
22;30;9;0;0.0;0.9565217391304348;1.0;0.11392405063291139;0.0;0.0;0.0
18;30;3;0;0.0;0.782608695652174;1.0;0.0379746835443038;0.0;0.0;0.0
15;30;4;0;0.0;0.6521739130434783;1.0;0.05063291139240506;0.0;0.0;0.0
23;30;1;0;0.0;1.0;1.0;0.012658227848101266;0.0;0.0;0.0
20;0;0;0;8.27;0.8695652173913043;0.0;0.0;0.0;0.2803389830508474;18.97
16;30;2;0;0.0;0.6956521739130435;1.0;0.02531645569620253;0.0;0.0;0.0
21;30;6;0;0.0;0.9130434782608695;1.0;0.0759493670886076;0.0;0.0;2.55
23;30;0;0;0.0;1.0;1.0;0.0;0.0;0.0;0.0
18;30;2;0;0.0;0.782608695652174;1.0;0.02531645569620253;0.0;0.0;0.0
3;30;0;0;0.0;0.13043478260869565;1.0;0.0;0.0;0.0;0.2
14;30;3;0;0.2;0.6086956521739131;1.0;0.0379746835443038;0.0;0.006779661016949153;0.0
20;0;0;0;0.0;0.8695652173913043;0.0;0.0;0.0;0.0;0.0
3;0;0;0;0.0;0.13043478260869565;0.0;0.0;0.0;0.0;0.0
8;30;0;0;0.0;0.34782608695652173;1.0;0.0;0.0;0.0;0.0
2;0;6;0;0.0;0.08695652173913043;0.0;0.0759493670886076;0.0;0.0;0.0
8;30;0;0;0.0;0.34782608695652173;1.0;0.0;0.0;0.0;0.0
18;30;0;0;0.0;0.782608695652174;1.0;0.0;0.0;0.0;0.0
10;0;1;0;0.0;0.43478260869565216;0.0;0.012658227848101266;0.0;0.0;0.0
7;30;1;0;0.0;0.30434782608695654;1.0;0.012658227848101266;0.0;0.0;0.0
0;0;2;0;0.0;0.0;0.0;0.02531645569620253;0.0;0.0;0.0
7;30;0;0;0.0;0.30434782608695654;1.0;0.0;0.0;0.0;0.0
17;30;3;0;0.0;0.7391304347826086;1.0;0.0379746835443038;0.0;0.0;0.0
13;30;0;0;0.0;0.5652173913043478;1.0;0.0;0.0;0.0;0.0
6;0;0;0;0.0;0.2608695652173913;0.0;0.0;0.0;0.0;0.0
10;0;0;0;0.0;0.43478260869565216;0.0;0.0;0.0;0.0;0.0
22;30;4;0;0.0;0.9565217391304348;1.0;0.05063291139240506;0.0;0.0;0.0
20;30;4;0;0.0;0.8695652173913043;1.0;0.05063291139240506;0.0;0.0;0.0
18;30;5;0;0.0;0.782608695652174;1.0;0.06329113924050633;0.0;0.0;0.0
15;30;1;0;0.0;0.6521739130434783;1.0;0.012658227848101266;0.0;0.0;0.0
17;0;1;0;0.0;0.7391304347826086;0.0;0.012658227848101266;0.0;0.0;0.0
1;0;10;0;0.0;0.043478260869565216;0.0;0.12658227848101267;0.0;0.0;0.0
0;30;5;0;0.0;0.0;1.0;0.06329113924050633;0.0;0.0;0.0
6;30;1;0;0.0;0.2608695652173913;1.0;0.012658227848101266;0.0;0.0;0.0
20;30;0;0;0.0;0.8695652173913043;1.0;0.0;0.0;0.0;0.0
21;0;8;0;0.0;0.9130434782608695;0.0;0.10126582278481013;0.0;0.0;0.0
9;30;1;0;0.0;0.391304347826087;1.0;0.012658227848101266;0.0;0.0;0.0
9;30;1;0;0.0;0.391304347826087;1.0;0.012658227848101266;0.0;0.0;0.0
12;0;3;0;0.0;0.5217391304347826;0.0;0.0379746835443038;0.0;0.0;0.0
15;30;9;0;0.0;0.6521739130434783;1.0;0.11392405063291139;0.0;0.0;0.0
0;30;1;0;0.0;0.0;1.0;0.012658227848101266;0.0;0.0;0.0
6;30;0;0;0.0;0.2608695652173913;1.0;0.0;0.0;0.0;0.0
19;0;4;0;0.0;0.8260869565217391;0.0;0.05063291139240506;0.0;0.0;0.0
11;0;1;0;0.0;0.4782608695652174;0.0;0.012658227848101266;0.0;0.0;0.0
23;30;1;0;0.0;1.0;1.0;0.012658227848101266;0.0;0.0;0.0
17;30;2;0;0.0;0.7391304347826086;1.0;0.02531645569620253;0.0;0.0;0.0
15;30;2;0;0.0;0.6521739130434783;1.0;0.02531645569620253;0.0;0.0;0.0
14;0;1;0;0.0;0.6086956521739131;0.0;0.012658227848101266;0.0;0.0;0.0
23;0;2;0;0.0;1.0;0.0;0.02531645569620253;0.0;0.0;0.0
9;0;2;0;0.0;0.391304347826087;0.0;0.02531645569620253;0.0;0.0;0.0
3;0;0;0;0.0;0.13043478260869565;0.0;0.0;0.0;0.0;0.0
21;30;0;0;0.0;0.9130434782608695;1.0;0.0;0.0;0.0;0.0
22;0;0;0;0.0;0.9565217391304348;0.0;0.0;0.0;0.0;0.0
6;30;1;0;0.0;0.2608695652173913;1.0;0.012658227848101266;0.0;0.0;0.0
21;30;7;0;0.0;0.9130434782608695;1.0;0.08860759493670886;0.0;0.0;0.0
17;30;1;0;0.0;0.7391304347826086;1.0;0.012658227848101266;0.0;0.0;0.0
11;30;0;0;0.0;0.4782608695652174;1.0;0.0;0.0;0.0;0.0
21;30;0;0;2.75;0.9130434782608695;1.0;0.0;0.0;0.09322033898305085;0.78
6;30;0;0;0.0;0.2608695652173913;1.0;0.0;0.0;0.0;0.0
23;30;3;0;0.0;1.0;1.0;0.0379746835443038;0.0;0.0;0.0
15;0;0;0;0.0;0.6521739130434783;0.0;0.0;0.0;0.0;0.0
13;30;8;0;0.0;0.5652173913043478;1.0;0.10126582278481013;0.0;0.0;0.0
15;30;3;0;0.0;0.6521739130434783;1.0;0.0379746835443038;0.0;0.0;0.0
15;0;0;0;0.0;0.6521739130434783;0.0;0.0;0.0;0.0;0.0
9;0;1;0;0.0;0.391304347826087;0.0;0.012658227848101266;0.0;0.0;0.0
6;30;0;0;0.0;0.2608695652173913;1.0;0.0;0.0;0.0;0.0
1;0;2;0;0.0;0.043478260869565216;0.0;0.02531645569620253;0.0;0.0;0.0
4;0;0;0;0.0;0.17391304347826086;0.0;0.0;0.0;0.0;0.0
12;30;3;0;0.0;0.5217391304347826;1.0;0.0379746835443038;0.0;0.0;0.0
9;0;1;0;0.0;0.391304347826087;0.0;0.012658227848101266;0.0;0.0;0.0
0;30;1;0;0.0;0.0;1.0;0.012658227848101266;0.0;0.0;0.0
23;0;1;0;0.0;1.0;0.0;0.012658227848101266;0.0;0.0;0.0
18;30;8;0;0.0;0.782608695652174;1.0;0.10126582278481013;0.0;0.0;0.0
21;30;2;0;0.0;0.9130434782608695;1.0;0.02531645569620253;0.0;0.0;0.0
1;30;3;0;0.0;0.043478260869565216;1.0;0.0379746835443038;0.0;0.0;0.0
8;0;5;0;0.0;0.34782608695652173;0.0;0.06329113924050633;0.0;0.0;0.0
19;0;5;0;0.0;0.8260869565217391;0.0;0.06329113924050633;0.0;0.0;0.0
6;0;0;0;0.0;0.2608695652173913;0.0;0.0;0.0;0.0;0.0
3;30;0;0;0.0;0.13043478260869565;1.0;0.0;0.0;0.0;0.0
10;0;2;0;0.0;0.43478260869565216;0.0;0.02531645569620253;0.0;0.0;0.0
12;0;0;0;0.0;0.5217391304347826;0.0;0.0;0.0;0.0;0.0
9;30;2;0;0.0;0.391304347826087;1.0;0.02531645569620253;0.0;0.0;0.0
12;0;2;0;0.0;0.5217391304347826;0.0;0.02531645569620253;0.0;0.0;0.0
9;30;1;0;0.0;0.391304347826087;1.0;0.012658227848101266;0.0;0.0;0.0
16;0;2;0;0.0;0.6956521739130435;0.0;0.02531645569620253;0.0;0.0;0.0
14;0;1;0;0.0;0.6086956521739131;0.0;0.012658227848101266;0.0;0.0;0.0
14;30;3;0;0.0;0.6086956521739131;1.0;0.0379746835443038;0.0;0.0;0.0
4;0;0;0;0.0;0.17391304347826086;0.0;0.0;0.0;0.0;0.0
1;0;0;0;0.0;0.043478260869565216;0.0;0.0;0.0;0.0;0.0
16;30;1;0;0.0;0.6956521739130435;1.0;0.012658227848101266;0.0;0.0;0.0
4;30;0;0;0.0;0.17391304347826086;1.0;0.0;0.0;0.0;0.0
6;30;1;0;0.0;0.2608695652173913;1.0;0.012658227848101266;0.0;0.0;0.0
7;0;0;0;0.0;0.30434782608695654;0.0;0.0;0.0;0.0;0.0
7;0;0;0;0.0;0.30434782608695654;0.0;0.0;0.0;0.0;0.0
17;0;0;0;0.0;0.7391304347826086;0.0;0.0;0.0;0.0;0.0
6;0;0;0;0.59;0.2608695652173913;0.0;0.0;0.0;0.02;0.39
22;30;11;0;0.0;0.9565217391304348;1.0;0.13924050632911392;0.0;0.0;0.62
9;0;0;0;0.0;0.391304347826087;0.0;0.0;0.0;0.0;0.0
2;0;1;0;0.0;0.08695652173913043;0.0;0.012658227848101266;0.0;0.0;0.0
16;0;3;0;0.0;0.6956521739130435;0.0;0.0379746835443038;0.0;0.0;0.0
10;30;1;0;0.39;0.43478260869565216;1.0;0.012658227848101266;0.0;0.013220338983050847;1.18
16;0;0;0;0.39;0.6956521739130435;0.0;0.0;0.0;0.013220338983050847;0.41
22;30;3;0;0.0;0.9565217391304348;1.0;0.0379746835443038;0.0;0.0;0.0
22;0;6;0;0.99;0.9565217391304348;0.0;0.0759493670886076;0.0;0.0335593220338983;0.6
10;0;1;0;0.0;0.43478260869565216;0.0;0.012658227848101266;0.0;0.0;0.0
17;0;2;0;0.0;0.7391304347826086;0.0;0.02531645569620253;0.0;0.0;0.0
23;0;1;0;0.0;1.0;0.0;0.012658227848101266;0.0;0.0;0.0
3;0;1;0;0.0;0.13043478260869565;0.0;0.012658227848101266;0.0;0.0;0.0
3;0;0;0;0.0;0.13043478260869565;0.0;0.0;0.0;0.0;0.0
12;30;5;0;0.0;0.5217391304347826;1.0;0.06329113924050633;0.0;0.0;0.0
21;30;8;0;0.0;0.9130434782608695;1.0;0.10126582278481013;0.0;0.0;0.0
10;0;4;0;0.0;0.43478260869565216;0.0;0.05063291139240506;0.0;0.0;0.0
15;30;4;0;0.0;0.6521739130434783;1.0;0.05063291139240506;0.0;0.0;0.0
7;30;0;0;0.0;0.30434782608695654;1.0;0.0;0.0;0.0;0.0
15;0;2;0;0.0;0.6521739130434783;0.0;0.02531645569620253;0.0;0.0;0.0
7;30;1;0;0.0;0.30434782608695654;1.0;0.012658227848101266;0.0;0.0;0.0
6;0;0;0;0.0;0.2608695652173913;0.0;0.0;0.0;0.0;0.0
3;30;0;0;0.0;0.13043478260869565;1.0;0.0;0.0;0.0;0.0
9;30;0;0;0.0;0.391304347826087;1.0;0.0;0.0;0.0;0.0
1;0;1;0;0.0;0.043478260869565216;0.0;0.012658227848101266;0.0;0.0;0.0
14;0;1;0;0.0;0.6086956521739131;0.0;0.012658227848101266;0.0;0.0;0.0
6;30;1;0;0.0;0.2608695652173913;1.0;0.012658227848101266;0.0;0.0;0.0
15;30;0;0;0.0;0.6521739130434783;1.0;0.0;0.0;0.0;0.0
18;0;2;0;0.0;0.782608695652174;0.0;0.02531645569620253;0.0;0.0;0.0
9;30;1;0;0.0;0.391304347826087;1.0;0.012658227848101266;0.0;0.0;0.2
9;0;1;0;0.0;0.391304347826087;0.0;0.012658227848101266;0.0;0.0;0.0
6;30;0;0;0.0;0.2608695652173913;1.0;0.0;0.0;0.0;0.0
15;30;0;0;0.0;0.6521739130434783;1.0;0.0;0.0;0.0;0.0
23;30;2;0;0.0;1.0;1.0;0.02531645569620253;0.0;0.0;0.0
0;0;0;0;0.2;0.0;0.0;0.0;0.0;0.006779661016949153;0.0
23;0;4;0;0.0;1.0;0.0;0.05063291139240506;0.0;0.0;0.0
10;0;2;0;0.0;0.43478260869565216;0.0;0.02531645569620253;0.0;0.0;0.0
4;30;0;0;0.0;0.17391304347826086;1.0;0.0;0.0;0.0;0.0
1;30;0;0;0.0;0.043478260869565216;1.0;0.0;0.0;0.0;0.2
17;30;1;0;1.58;0.7391304347826086;1.0;0.012658227848101266;0.0;0.05355932203389831;0.0
13;30;4;0;0.0;0.5652173913043478;1.0;0.05063291139240506;0.0;0.0;0.0
2;30;0;0;0.0;0.08695652173913043;1.0;0.0;0.0;0.0;0.0
13;0;3;0;0.0;0.5652173913043478;0.0;0.0379746835443038;0.0;0.0;0.0
12;30;4;0;0.0;0.5217391304347826;1.0;0.05063291139240506;0.0;0.0;0.0
21;30;1;0;0.0;0.9130434782608695;1.0;0.012658227848101266;0.0;0.0;0.0
5;30;0;0;0.0;0.21739130434782608;1.0;0.0;0.0;0.0;0.0
18;0;1;0;0.0;0.782608695652174;0.0;0.012658227848101266;0.0;0.0;0.0
7;0;0;0;0.0;0.30434782608695654;0.0;0.0;0.0;0.0;0.0
10;30;2;0;0.0;0.43478260869565216;1.0;0.02531645569620253;0.0;0.0;0.0
10;30;3;0;0.0;0.43478260869565216;1.0;0.0379746835443038;0.0;0.0;0.0
5;30;1;0;1.21;0.21739130434782608;1.0;0.012658227848101266;0.0;0.04101694915254237;0.0
15;30;3;0;0.0;0.6521739130434783;1.0;0.0379746835443038;0.0;0.0;0.0
6;30;0;0;0.0;0.2608695652173913;1.0;0.0;0.0;0.0;0.0
14;30;1;0;0.0;0.6086956521739131;1.0;0.012658227848101266;0.0;0.0;0.0
1;0;1;0;0.0;0.043478260869565216;0.0;0.012658227848101266;0.0;0.0;0.0
8;0;0;0;0.0;0.34782608695652173;0.0;0.0;0.0;0.0;0.0
5;0;0;0;0.0;0.21739130434782608;0.0;0.0;0.0;0.0;0.0
5;30;0;0;0.0;0.21739130434782608;1.0;0.0;0.0;0.0;0.0
18;0;0;0;0.0;0.782608695652174;0.0;0.0;0.0;0.0;0.0
15;30;1;0;0.0;0.6521739130434783;1.0;0.012658227848101266;0.0;0.0;0.0
6;30;0;0;0.0;0.2608695652173913;1.0;0.0;0.0;0.0;0.0
5;30;0;0;0.0;0.21739130434782608;1.0;0.0;0.0;0.0;0.0
19;0;2;0;0.0;0.8260869565217391;0.0;0.02531645569620253;0.0;0.0;0.0
13;30;7;1;0.0;0.5652173913043478;1.0;0.08860759493670886;1.0;0.0;0.0
6;0;0;0;0.0;0.2608695652173913;0.0;0.0;0.0;0.0;0.0
17;30;2;0;0.0;0.7391304347826086;1.0;0.02531645569620253;0.0;0.0;0.0
5;30;0;0;0.0;0.21739130434782608;1.0;0.0;0.0;0.0;0.0
4;30;0;0;0.0;0.17391304347826086;1.0;0.0;0.0;0.0;0.0
17;30;6;0;0.0;0.7391304347826086;1.0;0.0759493670886076;0.0;0.0;0.0
21;30;3;0;0.0;0.9130434782608695;1.0;0.0379746835443038;0.0;0.0;0.0
4;0;0;0;0.0;0.17391304347826086;0.0;0.0;0.0;0.0;0.0
19;30;4;0;0.0;0.8260869565217391;1.0;0.05063291139240506;0.0;0.0;0.0
19;0;5;0;0.0;0.8260869565217391;0.0;0.06329113924050633;0.0;0.0;0.0
23;30;2;0;0.0;1.0;1.0;0.02531645569620253;0.0;0.0;0.0
9;0;2;0;0.0;0.391304347826087;0.0;0.02531645569620253;0.0;0.0;0.0
0;30;8;0;0.0;0.0;1.0;0.10126582278481013;0.0;0.0;0.0
5;0;0;0;0.0;0.21739130434782608;0.0;0.0;0.0;0.0;0.0
13;30;6;0;0.0;0.5652173913043478;1.0;0.0759493670886076;0.0;0.0;0.0
22;30;1;0;0.0;0.9565217391304348;1.0;0.012658227848101266;0.0;0.0;0.0
10;30;3;0;0.0;0.43478260869565216;1.0;0.0379746835443038;0.0;0.0;0.0
7;30;0;0;0.0;0.30434782608695654;1.0;0.0;0.0;0.0;0.0
3;30;0;0;0.0;0.13043478260869565;1.0;0.0;0.0;0.0;0.0
7;30;0;0;0.0;0.30434782608695654;1.0;0.0;0.0;0.0;0.0
13;0;4;0;0.0;0.5652173913043478;0.0;0.05063291139240506;0.0;0.0;0.0
0;0;3;0;0.0;0.0;0.0;0.0379746835443038;0.0;0.0;0.0
23;30;0;0;0.0;1.0;1.0;0.0;0.0;0.0;0.0
15;0;2;0;0.0;0.6521739130434783;0.0;0.02531645569620253;0.0;0.0;0.0
4;30;0;0;1.38;0.17391304347826086;1.0;0.0;0.0;0.04677966101694915;0.2
21;0;1;0;0.0;0.9130434782608695;0.0;0.012658227848101266;0.0;0.0;0.0
16;30;3;0;0.0;0.6956521739130435;1.0;0.0379746835443038;0.0;0.0;0.0
2;30;1;0;0.0;0.08695652173913043;1.0;0.012658227848101266;0.0;0.0;0.0
10;0;1;0;0.0;0.43478260869565216;0.0;0.012658227848101266;0.0;0.0;0.0
4;0;0;0;0.0;0.17391304347826086;0.0;0.0;0.0;0.0;0.0
2;30;0;0;0.0;0.08695652173913043;1.0;0.0;0.0;0.0;0.0
4;0;1;0;0.0;0.17391304347826086;0.0;0.012658227848101266;0.0;0.0;0.0
18;30;2;0;0.0;0.782608695652174;1.0;0.02531645569620253;0.0;0.0;0.0
1;30;0;0;0.0;0.043478260869565216;1.0;0.0;0.0;0.0;0.0
20;0;1;0;0.0;0.8695652173913043;0.0;0.012658227848101266;0.0;0.0;0.0
7;0;0;0;0.98;0.30434782608695654;0.0;0.0;0.0;0.033220338983050844;0.4
9;30;0;0;0.0;0.391304347826087;1.0;0.0;0.0;0.0;0.0
16;30;1;0;0.0;0.6956521739130435;1.0;0.012658227848101266;0.0;0.0;0.0
15;0;0;0;0.0;0.6521739130434783;0.0;0.0;0.0;0.0;0.0
4;30;0;0;0.0;0.17391304347826086;1.0;0.0;0.0;0.0;0.0
18;30;2;0;0.0;0.782608695652174;1.0;0.02531645569620253;0.0;0.0;4.14
3;0;0;0;0.0;0.13043478260869565;0.0;0.0;0.0;0.0;0.0
11;30;2;0;0.0;0.4782608695652174;1.0;0.02531645569620253;0.0;0.0;0.0
11;0;0;0;0.82;0.4782608695652174;0.0;0.0;0.0;0.027796610169491524;0.0
21;30;4;0;0.0;0.9130434782608695;1.0;0.05063291139240506;0.0;0.0;0.0
0;30;2;0;0.0;0.0;1.0;0.02531645569620253;0.0;0.0;0.0
1;0;0;0;0.0;0.043478260869565216;0.0;0.0;0.0;0.0;0.0
16;0;0;0;0.0;0.6956521739130435;0.0;0.0;0.0;0.0;0.0
19;30;3;0;0.0;0.8260869565217391;1.0;0.0379746835443038;0.0;0.0;0.0
13;0;3;0;0.0;0.5652173913043478;0.0;0.0379746835443038;0.0;0.0;0.0
19;30;0;0;0.0;0.8260869565217391;1.0;0.0;0.0;0.0;0.0
22;0;0;0;0.0;0.9565217391304348;0.0;0.0;0.0;0.0;0.0
17;0;1;0;0.0;0.7391304347826086;0.0;0.012658227848101266;0.0;0.0;0.0
9;0;4;0;0.0;0.391304347826087;0.0;0.05063291139240506;0.0;0.0;0.0
23;0;11;0;0.0;1.0;0.0;0.13924050632911392;0.0;0.0;0.0
5;30;0;0;0.0;0.21739130434782608;1.0;0.0;0.0;0.0;0.0
1;0;4;0;0.0;0.043478260869565216;0.0;0.05063291139240506;0.0;0.0;0.0
12;30;1;0;0.0;0.5217391304347826;1.0;0.012658227848101266;0.0;0.0;0.0
22;30;6;0;0.0;0.9565217391304348;1.0;0.0759493670886076;0.0;0.0;0.0
10;0;3;0;0.0;0.43478260869565216;0.0;0.0379746835443038;0.0;0.0;0.0
16;30;2;0;0.0;0.6956521739130435;1.0;0.02531645569620253;0.0;0.0;0.0
1;30;0;0;0.0;0.043478260869565216;1.0;0.0;0.0;0.0;0.0
23;0;5;0;0.0;1.0;0.0;0.06329113924050633;0.0;0.0;0.0
13;30;2;0;0.0;0.5652173913043478;1.0;0.02531645569620253;0.0;0.0;0.0
0;0;0;0;0.0;0.0;0.0;0.0;0.0;0.0;0.0
3;0;1;0;0.0;0.13043478260869565;0.0;0.012658227848101266;0.0;0.0;0.0
17;0;2;0;0.0;0.7391304347826086;0.0;0.02531645569620253;0.0;0.0;0.0
22;30;0;0;0.0;0.9565217391304348;1.0;0.0;0.0;0.0;0.0
2;0;2;0;0.0;0.08695652173913043;0.0;0.02531645569620253;0.0;0.0;0.0
1;30;3;0;0.0;0.043478260869565216;1.0;0.0379746835443038;0.0;0.0;0.0
20;30;8;0;1.38;0.8695652173913043;1.0;0.10126582278481013;0.0;0.04677966101694915;0.0
10;0;1;0;0.0;0.43478260869565216;0.0;0.012658227848101266;0.0;0.0;0.0
7;0;2;0;0.0;0.30434782608695654;0.0;0.02531645569620253;0.0;0.0;0.0
8;0;3;0;0.0;0.34782608695652173;0.0;0.0379746835443038;0.0;0.0;0.0
21;30;8;0;1.4;0.9130434782608695;1.0;0.10126582278481013;0.0;0.04745762711864406;0.99
23;0;1;0;0.0;1.0;0.0;0.012658227848101266;0.0;0.0;0.0
5;30;0;0;0.0;0.21739130434782608;1.0;0.0;0.0;0.0;0.0
4;30;0;0;0.0;0.17391304347826086;1.0;0.0;0.0;0.0;0.0
17;30;2;0;29.5;0.7391304347826086;1.0;0.02531645569620253;0.0;1.0;1.37
11;0;18;0;0.0;0.4782608695652174;0.0;0.22784810126582278;0.0;0.0;0.0
8;30;1;0;0.0;0.34782608695652173;1.0;0.012658227848101266;0.0;0.0;0.0
7;0;1;0;0.0;0.30434782608695654;0.0;0.012658227848101266;0.0;0.0;0.0
16;30;5;0;0.0;0.6956521739130435;1.0;0.06329113924050633;0.0;0.0;0.0
10;30;0;0;0.0;0.43478260869565216;1.0;0.0;0.0;0.0;0.0
7;30;1;0;0.0;0.30434782608695654;1.0;0.012658227848101266;0.0;0.0;0.0
6;0;0;0;0.0;0.2608695652173913;0.0;0.0;0.0;0.0;0.0
1;0;0;0;0.0;0.043478260869565216;0.0;0.0;0.0;0.0;0.0
16;30;3;0;0.79;0.6956521739130435;1.0;0.0379746835443038;0.0;0.026779661016949154;0.0
19;30;4;0;0.0;0.8260869565217391;1.0;0.05063291139240506;0.0;0.0;0.0
13;30;0;0;0.0;0.5652173913043478;1.0;0.0;0.0;0.0;0.0
15;0;9;0;0.0;0.6521739130434783;0.0;0.11392405063291139;0.0;0.0;0.0
6;30;1;0;0.0;0.2608695652173913;1.0;0.012658227848101266;0.0;0.0;0.0
7;0;0;0;0.0;0.30434782608695654;0.0;0.0;0.0;0.0;0.0
14;0;6;0;0.0;0.6086956521739131;0.0;0.0759493670886076;0.0;0.0;0.0
16;30;0;0;2.56;0.6956521739130435;1.0;0.0;0.0;0.08677966101694916;1.97
2;30;3;0;0.0;0.08695652173913043;1.0;0.0379746835443038;0.0;0.0;0.0
7;0;1;0;0.0;0.30434782608695654;0.0;0.012658227848101266;0.0;0.0;0.0
11;30;8;0;0.0;0.4782608695652174;1.0;0.10126582278481013;0.0;0.0;0.0
21;0;2;0;0.39;0.9130434782608695;0.0;0.02531645569620253;0.0;0.013220338983050847;0.79
15;0;3;0;0.0;0.6521739130434783;0.0;0.0379746835443038;0.0;0.0;0.0
12;0;4;0;0.0;0.5217391304347826;0.0;0.05063291139240506;0.0;0.0;0.0
20;0;6;0;0.0;0.8695652173913043;0.0;0.0759493670886076;0.0;0.0;0.0
13;0;1;0;0.0;0.5652173913043478;0.0;0.012658227848101266;0.0;0.0;0.0
18;30;7;0;0.0;0.782608695652174;1.0;0.08860759493670886;0.0;0.0;0.0
9;30;6;0;0.0;0.391304347826087;1.0;0.0759493670886076;0.0;0.0;0.0
14;0;4;0;0.0;0.6086956521739131;0.0;0.05063291139240506;0.0;0.0;0.0
16;0;4;0;0.0;0.6956521739130435;0.0;0.05063291139240506;0.0;0.0;0.0
8;0;2;0;0.0;0.34782608695652173;0.0;0.02531645569620253;0.0;0.0;0.0
6;0;1;0;0.0;0.2608695652173913;0.0;0.012658227848101266;0.0;0.0;0.0
13;0;5;0;0.0;0.5652173913043478;0.0;0.06329113924050633;0.0;0.0;0.0
10;30;1;0;0.4;0.43478260869565216;1.0;0.012658227848101266;0.0;0.013559322033898306;0.4
19;0;2;0;0.0;0.8260869565217391;0.0;0.02531645569620253;0.0;0.0;0.0
10;30;4;0;0.0;0.43478260869565216;1.0;0.05063291139240506;0.0;0.0;0.0
20;30;2;0;0.0;0.8695652173913043;1.0;0.02531645569620253;0.0;0.0;0.0
0;30;0;0;0.0;0.0;1.0;0.0;0.0;0.0;0.0
18;0;1;0;0.0;0.782608695652174;0.0;0.012658227848101266;0.0;0.0;0.0
10;30;1;0;0.0;0.43478260869565216;1.0;0.012658227848101266;0.0;0.0;0.0
18;0;4;0;0.0;0.782608695652174;0.0;0.05063291139240506;0.0;0.0;0.0
21;30;17;0;0.0;0.9130434782608695;1.0;0.21518987341772153;0.0;0.0;0.0
0;30;0;0;0.0;0.0;1.0;0.0;0.0;0.0;0.0
2;30;1;0;0.0;0.08695652173913043;1.0;0.012658227848101266;0.0;0.0;0.0
4;0;0;0;0.0;0.17391304347826086;0.0;0.0;0.0;0.0;0.0
22;30;3;0;0.0;0.9565217391304348;1.0;0.0379746835443038;0.0;0.0;0.0
10;30;0;0;0.0;0.43478260869565216;1.0;0.0;0.0;0.0;0.0
0;30;1;0;0.0;0.0;1.0;0.012658227848101266;0.0;0.0;0.0
14;0;0;0;0.0;0.6086956521739131;0.0;0.0;0.0;0.0;0.0
11;0;0;0;0.0;0.4782608695652174;0.0;0.0;0.0;0.0;0.0
22;30;6;0;0.0;0.9565217391304348;1.0;0.0759493670886076;0.0;0.0;0.0
13;0;1;0;0.0;0.5652173913043478;0.0;0.012658227848101266;0.0;0.0;0.0
23;30;1;0;0.78;1.0;1.0;0.012658227848101266;0.0;0.026440677966101694;0.62
16;0;2;0;0.0;0.6956521739130435;0.0;0.02531645569620253;0.0;0.0;0.0
14;30;6;0;0.0;0.6086956521739131;1.0;0.0759493670886076;0.0;0.0;0.0
5;30;1;0;0.0;0.21739130434782608;1.0;0.012658227848101266;0.0;0.0;0.0
18;30;0;0;0.0;0.782608695652174;1.0;0.0;0.0;0.0;0.0
8;30;2;0;0.0;0.34782608695652173;1.0;0.02531645569620253;0.0;0.0;0.0
23;30;1;0;0.0;1.0;1.0;0.012658227848101266;0.0;0.0;0.0
1;0;1;0;0.0;0.043478260869565216;0.0;0.012658227848101266;0.0;0.0;0.0
12;0;5;0;0.0;0.5217391304347826;0.0;0.06329113924050633;0.0;0.0;0.0
18;0;0;0;0.0;0.782608695652174;0.0;0.0;0.0;0.0;0.0
6;30;2;0;0.0;0.2608695652173913;1.0;0.02531645569620253;0.0;0.0;0.0
8;30;2;0;0.0;0.34782608695652173;1.0;0.02531645569620253;0.0;0.0;0.0
15;30;3;0;0.0;0.6521739130434783;1.0;0.0379746835443038;0.0;0.0;0.0
17;0;6;0;0.0;0.7391304347826086;0.0;0.0759493670886076;0.0;0.0;0.0
1;30;0;0;0.0;0.043478260869565216;1.0;0.0;0.0;0.0;0.0
3;30;0;0;0.0;0.13043478260869565;1.0;0.0;0.0;0.0;0.0
3;0;0;0;0.0;0.13043478260869565;0.0;0.0;0.0;0.0;0.0
5;30;0;0;0.0;0.21739130434782608;1.0;0.0;0.0;0.0;0.0
23;0;2;0;0.0;1.0;0.0;0.02531645569620253;0.0;0.0;0.0
7;0;0;0;0.0;0.30434782608695654;0.0;0.0;0.0;0.0;0.0
12;30;2;0;0.0;0.5217391304347826;1.0;0.02531645569620253;0.0;0.0;0.0
14;0;4;0;0.0;0.6086956521739131;0.0;0.05063291139240506;0.0;0.0;0.0
0;30;5;0;0.0;0.0;1.0;0.06329113924050633;0.0;0.0;0.0
2;0;3;0;0.0;0.08695652173913043;0.0;0.0379746835443038;0.0;0.0;0.0
14;30;3;0;0.0;0.6086956521739131;1.0;0.0379746835443038;0.0;0.0;0.79
16;0;0;0;0.0;0.6956521739130435;0.0;0.0;0.0;0.0;0.0
16;0;1;0;0.0;0.6956521739130435;0.0;0.012658227848101266;0.0;0.0;0.0
20;30;3;0;0.0;0.8695652173913043;1.0;0.0379746835443038;0.0;0.0;0.0
11;30;1;0;0.2;0.4782608695652174;1.0;0.012658227848101266;0.0;0.006779661016949153;0.0
10;0;2;0;0.0;0.43478260869565216;0.0;0.02531645569620253;0.0;0.0;0.0
14;30;0;0;0.0;0.6086956521739131;1.0;0.0;0.0;0.0;0.0
20;30;9;0;0.0;0.8695652173913043;1.0;0.11392405063291139;0.0;0.0;0.0
13;30;3;0;0.0;0.5652173913043478;1.0;0.0379746835443038;0.0;0.0;0.0
13;0;9;0;0.0;0.5652173913043478;0.0;0.11392405063291139;0.0;0.0;0.0
2;0;0;0;0.0;0.08695652173913043;0.0;0.0;0.0;0.0;0.0
3;0;1;0;0.0;0.13043478260869565;0.0;0.012658227848101266;0.0;0.0;0.0
5;30;2;0;0.0;0.21739130434782608;1.0;0.02531645569620253;0.0;0.0;0.0
19;30;0;0;0.0;0.8260869565217391;1.0;0.0;0.0;0.0;0.0
0;30;0;0;0.0;0.0;1.0;0.0;0.0;0.0;0.0
13;0;2;0;0.0;0.5652173913043478;0.0;0.02531645569620253;0.0;0.0;0.0
20;30;2;0;0.0;0.8695652173913043;1.0;0.02531645569620253;0.0;0.0;0.0
14;0;3;0;0.0;0.6086956521739131;0.0;0.0379746835443038;0.0;0.0;0.0
23;30;3;0;0.0;1.0;1.0;0.0379746835443038;0.0;0.0;0.0
11;30;1;0;0.0;0.4782608695652174;1.0;0.012658227848101266;0.0;0.0;0.0
15;0;1;0;0.99;0.6521739130434783;0.0;0.012658227848101266;0.0;0.0335593220338983;0.2
5;0;1;0;0.0;0.21739130434782608;0.0;0.012658227848101266;0.0;0.0;0.0
2;0;4;0;0.0;0.08695652173913043;0.0;0.05063291139240506;0.0;0.0;0.0
0;0;0;0;0.0;0.0;0.0;0.0;0.0;0.0;0.0
22;30;2;0;0.0;0.9565217391304348;1.0;0.02531645569620253;0.0;0.0;0.0
9;0;0;0;0.0;0.391304347826087;0.0;0.0;0.0;0.0;0.0
6;30;0;0;0.0;0.2608695652173913;1.0;0.0;0.0;0.0;0.0
17;0;3;0;0.0;0.7391304347826086;0.0;0.0379746835443038;0.0;0.0;0.0
15;30;0;0;0.0;0.6521739130434783;1.0;0.0;0.0;0.0;0.0
2;30;2;0;0.0;0.08695652173913043;1.0;0.02531645569620253;0.0;0.0;0.0
14;30;9;0;1.77;0.6086956521739131;1.0;0.11392405063291139;0.0;0.06;1.18
12;30;4;0;0.0;0.5217391304347826;1.0;0.05063291139240506;0.0;0.0;0.0
20;0;4;0;0.0;0.8695652173913043;0.0;0.05063291139240506;0.0;0.0;0.0
9;0;0;0;0.0;0.391304347826087;0.0;0.0;0.0;0.0;0.0
17;0;1;0;0.0;0.7391304347826086;0.0;0.012658227848101266;0.0;0.0;0.0
8;0;0;0;0.0;0.34782608695652173;0.0;0.0;0.0;0.0;0.0
23;30;2;0;0.0;1.0;1.0;0.02531645569620253;0.0;0.0;0.0
14;30;4;0;0.0;0.6086956521739131;1.0;0.05063291139240506;0.0;0.0;0.0
10;0;5;0;0.0;0.43478260869565216;0.0;0.06329113924050633;0.0;0.0;0.0
18;30;1;0;0.0;0.782608695652174;1.0;0.012658227848101266;0.0;0.0;0.0
15;0;0;0;0.0;0.6521739130434783;0.0;0.0;0.0;0.0;0.0
10;30;1;0;0.0;0.43478260869565216;1.0;0.012658227848101266;0.0;0.0;0.0
16;30;1;0;0.0;0.6956521739130435;1.0;0.012658227848101266;0.0;0.0;0.0
14;30;1;0;0.0;0.6086956521739131;1.0;0.012658227848101266;0.0;0.0;0.0
3;30;1;0;0.0;0.13043478260869565;1.0;0.012658227848101266;0.0;0.0;0.0
2;0;0;0;0.0;0.08695652173913043;0.0;0.0;0.0;0.0;0.0
1;30;1;0;0.0;0.043478260869565216;1.0;0.012658227848101266;0.0;0.0;0.0
2;0;0;0;0.0;0.08695652173913043;0.0;0.0;0.0;0.0;0.0
5;0;0;0;0.0;0.21739130434782608;0.0;0.0;0.0;0.0;0.0
7;0;0;0;0.0;0.30434782608695654;0.0;0.0;0.0;0.0;0.0
1;30;1;0;0.0;0.043478260869565216;1.0;0.012658227848101266;0.0;0.0;0.0
6;0;0;0;0.0;0.2608695652173913;0.0;0.0;0.0;0.0;0.0
21;30;2;0;0.0;0.9130434782608695;1.0;0.02531645569620253;0.0;0.0;0.0
20;0;3;0;0.0;0.8695652173913043;0.0;0.0379746835443038;0.0;0.0;0.0
12;0;2;0;0.0;0.5217391304347826;0.0;0.02531645569620253;0.0;0.0;0.0
23;0;6;0;0.0;1.0;0.0;0.0759493670886076;0.0;0.0;0.0
17;0;2;0;0.0;0.7391304347826086;0.0;0.02531645569620253;0.0;0.0;0.0
8;30;6;0;0.0;0.34782608695652173;1.0;0.0759493670886076;0.0;0.0;0.0
19;30;5;0;0.0;0.8260869565217391;1.0;0.06329113924050633;0.0;0.0;0.0
19;30;2;0;0.0;0.8260869565217391;1.0;0.02531645569620253;0.0;0.0;0.0
19;30;3;0;0.0;0.8260869565217391;1.0;0.0379746835443038;0.0;0.0;0.0
3;0;3;0;0.0;0.13043478260869565;0.0;0.0379746835443038;0.0;0.0;0.0
21;0;3;0;0.0;0.9130434782608695;0.0;0.0379746835443038;0.0;0.0;0.0
21;0;7;0;0.0;0.9130434782608695;0.0;0.08860759493670886;0.0;0.0;0.0
20;30;0;0;0.0;0.8695652173913043;1.0;0.0;0.0;0.0;0.0
14;0;1;0;0.0;0.6086956521739131;0.0;0.012658227848101266;0.0;0.0;0.0
9;0;1;0;0.0;0.391304347826087;0.0;0.012658227848101266;0.0;0.0;0.0
3;30;0;0;0.0;0.13043478260869565;1.0;0.0;0.0;0.0;0.0
21;30;0;0;0.0;0.9130434782608695;1.0;0.0;0.0;0.0;0.0
21;30;4;0;0.0;0.9130434782608695;1.0;0.05063291139240506;0.0;0.0;0.0
3;0;0;0;0.2;0.13043478260869565;0.0;0.0;0.0;0.006779661016949153;0.2
17;0;3;0;0.0;0.7391304347826086;0.0;0.0379746835443038;0.0;0.0;0.0
11;0;0;0;0.0;0.4782608695652174;0.0;0.0;0.0;0.0;0.0
22;0;6;0;0.0;0.9565217391304348;0.0;0.0759493670886076;0.0;0.0;0.0
15;0;1;0;0.0;0.6521739130434783;0.0;0.012658227848101266;0.0;0.0;0.0
9;30;1;0;0.0;0.391304347826087;1.0;0.012658227848101266;0.0;0.0;0.0
20;0;0;0;0.0;0.8695652173913043;0.0;0.0;0.0;0.0;0.0
8;30;0;0;0.0;0.34782608695652173;1.0;0.0;0.0;0.0;0.2
15;30;2;0;0.2;0.6521739130434783;1.0;0.02531645569620253;0.0;0.006779661016949153;0.39
14;30;1;0;0.0;0.6086956521739131;1.0;0.012658227848101266;0.0;0.0;0.0
11;30;3;0;0.0;0.4782608695652174;1.0;0.0379746835443038;0.0;0.0;0.0
10;0;4;0;0.2;0.43478260869565216;0.0;0.05063291139240506;0.0;0.006779661016949153;0.79
7;30;0;0;0.0;0.30434782608695654;1.0;0.0;0.0;0.0;0.0
10;30;1;0;0.0;0.43478260869565216;1.0;0.012658227848101266;0.0;0.0;0.0
8;30;0;0;0.0;0.34782608695652173;1.0;0.0;0.0;0.0;0.0
21;30;1;0;0.0;0.9130434782608695;1.0;0.012658227848101266;0.0;0.0;0.0
18;30;1;0;0.2;0.782608695652174;1.0;0.012658227848101266;0.0;0.006779661016949153;0.0
19;0;5;0;0.0;0.8260869565217391;0.0;0.06329113924050633;0.0;0.0;0.0
19;30;4;0;0.0;0.8260869565217391;1.0;0.05063291139240506;0.0;0.0;0.0
19;30;3;0;0.0;0.8260869565217391;1.0;0.0379746835443038;0.0;0.0;0.0
1;0;0;0;0.0;0.043478260869565216;0.0;0.0;0.0;0.0;0.0
22;0;2;0;0.0;0.9565217391304348;0.0;0.02531645569620253;0.0;0.0;0.0
11;0;3;0;0.0;0.4782608695652174;0.0;0.0379746835443038;0.0;0.0;0.0
18;30;2;0;0.0;0.782608695652174;1.0;0.02531645569620253;0.0;0.0;0.0
9;0;0;0;0.0;0.391304347826087;0.0;0.0;0.0;0.0;0.0
16;0;2;0;0.0;0.6956521739130435;0.0;0.02531645569620253;0.0;0.0;0.0
21;0;1;0;0.0;0.9130434782608695;0.0;0.012658227848101266;0.0;0.0;0.0
19;30;2;0;0.0;0.8260869565217391;1.0;0.02531645569620253;0.0;0.0;0.0
4;0;0;0;0.0;0.17391304347826086;0.0;0.0;0.0;0.0;0.0
10;30;3;0;0.0;0.43478260869565216;1.0;0.0379746835443038;0.0;0.0;0.0
11;30;2;0;0.0;0.4782608695652174;1.0;0.02531645569620253;0.0;0.0;0.0
2;0;0;0;0.0;0.08695652173913043;0.0;0.0;0.0;0.0;0.0
19;0;4;0;0.0;0.8260869565217391;0.0;0.05063291139240506;0.0;0.0;0.0
3;30;2;0;0.0;0.13043478260869565;1.0;0.02531645569620253;0.0;0.0;0.0
12;0;1;0;0.2;0.5217391304347826;0.0;0.012658227848101266;0.0;0.006779661016949153;0.0
13;0;4;0;0.0;0.5652173913043478;0.0;0.05063291139240506;0.0;0.0;0.0
22;30;6;0;0.0;0.9565217391304348;1.0;0.0759493670886076;0.0;0.0;0.0
20;0;4;0;0.0;0.8695652173913043;0.0;0.05063291139240506;0.0;0.0;0.0
1;30;2;0;0.0;0.043478260869565216;1.0;0.02531645569620253;0.0;0.0;0.0
11;0;1;0;0.0;0.4782608695652174;0.0;0.012658227848101266;0.0;0.0;0.0
5;0;0;0;0.0;0.21739130434782608;0.0;0.0;0.0;0.0;0.0
21;0;3;0;0.0;0.9130434782608695;0.0;0.0379746835443038;0.0;0.0;0.0
17;30;5;0;0.0;0.7391304347826086;1.0;0.06329113924050633;0.0;0.0;0.0
4;30;0;0;0.0;0.17391304347826086;1.0;0.0;0.0;0.0;0.0
3;30;0;0;0.0;0.13043478260869565;1.0;0.0;0.0;0.0;0.0
22;30;0;0;0.0;0.9565217391304348;1.0;0.0;0.0;0.0;0.0
3;30;0;0;0.0;0.13043478260869565;1.0;0.0;0.0;0.0;0.0
8;30;11;0;0.0;0.34782608695652173;1.0;0.13924050632911392;0.0;0.0;0.0
14;0;0;0;0.0;0.6086956521739131;0.0;0.0;0.0;0.0;0.0
10;30;1;0;0.4;0.43478260869565216;1.0;0.012658227848101266;0.0;0.013559322033898306;0.2
7;0;0;0;0.0;0.30434782608695654;0.0;0.0;0.0;0.0;0.0
18;30;3;0;0.0;0.782608695652174;1.0;0.0379746835443038;0.0;0.0;0.0
0;0;4;0;0.0;0.0;0.0;0.05063291139240506;0.0;0.0;0.0
19;30;3;0;0.0;0.8260869565217391;1.0;0.0379746835443038;0.0;0.0;0.0
1;30;0;0;0.0;0.043478260869565216;1.0;0.0;0.0;0.0;0.0
21;0;2;0;0.0;0.9130434782608695;0.0;0.02531645569620253;0.0;0.0;0.0
18;0;5;0;0.0;0.782608695652174;0.0;0.06329113924050633;0.0;0.0;0.0
1;30;2;0;0.0;0.043478260869565216;1.0;0.02531645569620253;0.0;0.0;0.0
12;0;1;0;0.0;0.5217391304347826;0.0;0.012658227848101266;0.0;0.0;0.0
22;0;0;0;2.94;0.9565217391304348;0.0;0.0;0.0;0.09966101694915254;1.19
11;30;3;0;0.0;0.4782608695652174;1.0;0.0379746835443038;0.0;0.0;0.0
10;30;3;0;0.6;0.43478260869565216;1.0;0.0379746835443038;0.0;0.020338983050847456;0.0
21;0;3;0;0.0;0.9130434782608695;0.0;0.0379746835443038;0.0;0.0;0.0
2;30;10;0;0.0;0.08695652173913043;1.0;0.12658227848101267;0.0;0.0;0.0
2;30;0;0;0.0;0.08695652173913043;1.0;0.0;0.0;0.0;0.0
7;0;0;0;0.0;0.30434782608695654;0.0;0.0;0.0;0.0;0.0
23;30;4;0;0.0;1.0;1.0;0.05063291139240506;0.0;0.0;0.0
20;0;3;0;0.0;0.8695652173913043;0.0;0.0379746835443038;0.0;0.0;1.38
8;30;2;0;0.0;0.34782608695652173;1.0;0.02531645569620253;0.0;0.0;0.0
14;0;6;0;0.0;0.6086956521739131;0.0;0.0759493670886076;0.0;0.0;0.0
6;0;1;0;0.0;0.2608695652173913;0.0;0.012658227848101266;0.0;0.0;0.0
8;0;1;0;0.0;0.34782608695652173;0.0;0.012658227848101266;0.0;0.0;0.0
16;0;1;0;0.0;0.6956521739130435;0.0;0.012658227848101266;0.0;0.0;0.0
14;30;0;0;0.0;0.6086956521739131;1.0;0.0;0.0;0.0;0.0
7;0;0;0;0.0;0.30434782608695654;0.0;0.0;0.0;0.0;0.0
9;30;0;0;0.0;0.391304347826087;1.0;0.0;0.0;0.0;0.4
5;30;0;0;0.0;0.21739130434782608;1.0;0.0;0.0;0.0;0.0
15;0;5;0;0.0;0.6521739130434783;0.0;0.06329113924050633;0.0;0.0;0.0
23;0;0;0;0.2;1.0;0.0;0.0;0.0;0.006779661016949153;0.0
19;0;3;0;0.0;0.8260869565217391;0.0;0.0379746835443038;0.0;0.0;0.0
16;0;0;0;0.0;0.6956521739130435;0.0;0.0;0.0;0.0;0.0
4;0;0;0;0.0;0.17391304347826086;0.0;0.0;0.0;0.0;0.0
0;0;0;0;0.0;0.0;0.0;0.0;0.0;0.0;0.0
8;0;0;0;0.0;0.34782608695652173;0.0;0.0;0.0;0.0;0.0
14;30;1;0;0.0;0.6086956521739131;1.0;0.012658227848101266;0.0;0.0;0.0
6;0;0;0;0.0;0.2608695652173913;0.0;0.0;0.0;0.0;0.0
16;30;0;0;0.0;0.6956521739130435;1.0;0.0;0.0;0.0;0.0
7;0;1;0;0.0;0.30434782608695654;0.0;0.012658227848101266;0.0;0.0;0.0
13;30;2;0;0.0;0.5652173913043478;1.0;0.02531645569620253;0.0;0.0;0.0
8;30;0;0;0.0;0.34782608695652173;1.0;0.0;0.0;0.0;0.0
15;0;2;0;0.0;0.6521739130434783;0.0;0.02531645569620253;0.0;0.0;0.0
14;30;4;0;0.0;0.6086956521739131;1.0;0.05063291139240506;0.0;0.0;0.0
0;30;1;0;0.4;0.0;1.0;0.012658227848101266;0.0;0.013559322033898306;0.6
16;30;3;0;0.41;0.6956521739130435;1.0;0.0379746835443038;0.0;0.013898305084745762;0.2
0;30;0;0;0.0;0.0;1.0;0.0;0.0;0.0;2.36
20;0;1;0;0.0;0.8695652173913043;0.0;0.012658227848101266;0.0;0.0;0.0
22;0;1;0;0.0;0.9565217391304348;0.0;0.012658227848101266;0.0;0.0;0.0
19;30;5;0;0.0;0.8260869565217391;1.0;0.06329113924050633;0.0;0.0;0.0
12;0;0;0;0.0;0.5217391304347826;0.0;0.0;0.0;0.0;0.0
0;30;0;0;0.0;0.0;1.0;0.0;0.0;0.0;0.0
5;0;1;0;0.0;0.21739130434782608;0.0;0.012658227848101266;0.0;0.0;0.0
7;0;1;0;1.18;0.30434782608695654;0.0;0.012658227848101266;0.0;0.04;0.79
0;30;1;0;2.56;0.0;1.0;0.012658227848101266;0.0;0.08677966101694916;2.56
13;0;4;0;0.0;0.5652173913043478;0.0;0.05063291139240506;0.0;0.0;0.0
1;0;0;0;0.0;0.043478260869565216;0.0;0.0;0.0;0.0;0.0
16;30;8;0;0.0;0.6956521739130435;1.0;0.10126582278481013;0.0;0.0;0.0
9;30;1;0;0.0;0.391304347826087;1.0;0.012658227848101266;0.0;0.0;0.0
9;0;8;0;0.0;0.391304347826087;0.0;0.10126582278481013;0.0;0.0;0.0
11;0;0;0;0.2;0.4782608695652174;0.0;0.0;0.0;0.006779661016949153;0.0
12;30;3;0;0.2;0.5217391304347826;1.0;0.0379746835443038;0.0;0.006779661016949153;0.0
17;0;2;0;0.0;0.7391304347826086;0.0;0.02531645569620253;0.0;0.0;0.0
22;30;1;0;1.19;0.9565217391304348;1.0;0.012658227848101266;0.0;0.04033898305084745;1.58
21;0;0;0;0.0;0.9130434782608695;0.0;0.0;0.0;0.0;0.0
19;0;7;0;0.0;0.8260869565217391;0.0;0.08860759493670886;0.0;0.0;0.42
3;30;0;0;0.4;0.13043478260869565;1.0;0.0;0.0;0.013559322033898306;0.2
6;30;1;0;0.0;0.2608695652173913;1.0;0.012658227848101266;0.0;0.0;0.0
8;30;1;0;0.2;0.34782608695652173;1.0;0.012658227848101266;0.0;0.006779661016949153;0.2
15;30;1;0;0.0;0.6521739130434783;1.0;0.012658227848101266;0.0;0.0;0.0
8;30;1;0;0.0;0.34782608695652173;1.0;0.012658227848101266;0.0;0.0;0.0
3;0;2;0;0.0;0.13043478260869565;0.0;0.02531645569620253;0.0;0.0;0.0
17;30;1;0;0.0;0.7391304347826086;1.0;0.012658227848101266;0.0;0.0;0.0
18;0;2;0;0.0;0.782608695652174;0.0;0.02531645569620253;0.0;0.0;0.0
14;0;4;0;0.0;0.6086956521739131;0.0;0.05063291139240506;0.0;0.0;0.0
14;30;2;0;0.0;0.6086956521739131;1.0;0.02531645569620253;0.0;0.0;0.0
1;30;1;0;0.0;0.043478260869565216;1.0;0.012658227848101266;0.0;0.0;0.0
5;0;0;0;0.0;0.21739130434782608;0.0;0.0;0.0;0.0;0.0
17;30;2;0;0.0;0.7391304347826086;1.0;0.02531645569620253;0.0;0.0;0.0
4;30;0;0;0.0;0.17391304347826086;1.0;0.0;0.0;0.0;0.0
4;0;0;0;0.0;0.17391304347826086;0.0;0.0;0.0;0.0;0.0
16;0;1;0;0.0;0.6956521739130435;0.0;0.012658227848101266;0.0;0.0;0.0
8;0;2;0;0.0;0.34782608695652173;0.0;0.02531645569620253;0.0;0.0;0.0
23;0;2;0;0.0;1.0;0.0;0.02531645569620253;0.0;0.0;0.0
3;0;0;0;0.2;0.13043478260869565;0.0;0.0;0.0;0.006779661016949153;0.0
5;0;0;0;0.0;0.21739130434782608;0.0;0.0;0.0;0.0;0.0
7;30;0;0;0.0;0.30434782608695654;1.0;0.0;0.0;0.0;0.0
14;30;3;0;0.0;0.6086956521739131;1.0;0.0379746835443038;0.0;0.0;0.0
7;30;0;0;0.0;0.30434782608695654;1.0;0.0;0.0;0.0;0.0
20;0;4;0;0.0;0.8695652173913043;0.0;0.05063291139240506;0.0;0.0;0.0
11;30;2;0;0.0;0.4782608695652174;1.0;0.02531645569620253;0.0;0.0;0.0
19;30;2;0;0.0;0.8260869565217391;1.0;0.02531645569620253;0.0;0.0;0.0
1;0;0;0;0.0;0.043478260869565216;0.0;0.0;0.0;0.0;0.0
20;0;0;0;0.0;0.8695652173913043;0.0;0.0;0.0;0.0;0.0
23;0;2;0;0.0;1.0;0.0;0.02531645569620253;0.0;0.0;0.0
10;0;1;0;0.0;0.43478260869565216;0.0;0.012658227848101266;0.0;0.0;0.4
19;0;4;0;0.0;0.8260869565217391;0.0;0.05063291139240506;0.0;0.0;0.0
19;30;0;0;10.04;0.8260869565217391;1.0;0.0;0.0;0.3403389830508474;8.27
18;0;3;0;0.0;0.782608695652174;0.0;0.0379746835443038;0.0;0.0;0.2
11;0;2;0;0.0;0.4782608695652174;0.0;0.02531645569620253;0.0;0.0;0.0
3;30;1;0;0.0;0.13043478260869565;1.0;0.012658227848101266;0.0;0.0;0.0
17;30;0;0;0.0;0.7391304347826086;1.0;0.0;0.0;0.0;0.0
7;30;2;0;0.0;0.30434782608695654;1.0;0.02531645569620253;0.0;0.0;0.0
8;0;1;0;0.0;0.34782608695652173;0.0;0.012658227848101266;0.0;0.0;0.0
22;0;3;0;0.0;0.9565217391304348;0.0;0.0379746835443038;0.0;0.0;0.0
0;0;0;0;0.0;0.0;0.0;0.0;0.0;0.0;0.0
6;30;0;0;0.39;0.2608695652173913;1.0;0.0;0.0;0.013220338983050847;0.0
16;0;3;0;0.0;0.6956521739130435;0.0;0.0379746835443038;0.0;0.0;2.56
22;0;4;0;0.0;0.9565217391304348;0.0;0.05063291139240506;0.0;0.0;0.0
9;30;1;0;0.0;0.391304347826087;1.0;0.012658227848101266;0.0;0.0;0.0
18;0;1;0;0.0;0.782608695652174;0.0;0.012658227848101266;0.0;0.0;0.0
20;0;2;0;0.0;0.8695652173913043;0.0;0.02531645569620253;0.0;0.0;0.0
13;0;3;0;0.0;0.5652173913043478;0.0;0.0379746835443038;0.0;0.0;0.0
20;30;4;0;0.0;0.8695652173913043;1.0;0.05063291139240506;0.0;0.0;0.0
23;0;1;0;0.0;1.0;0.0;0.012658227848101266;0.0;0.0;0.0
4;30;1;0;0.0;0.17391304347826086;1.0;0.012658227848101266;0.0;0.0;0.0
23;0;3;0;0.0;1.0;0.0;0.0379746835443038;0.0;0.0;0.0
9;30;3;0;0.0;0.391304347826087;1.0;0.0379746835443038;0.0;0.0;0.0
15;30;6;0;0.0;0.6521739130434783;1.0;0.0759493670886076;0.0;0.0;0.0
4;30;0;0;0.0;0.17391304347826086;1.0;0.0;0.0;0.0;0.0
13;30;1;0;0.0;0.5652173913043478;1.0;0.012658227848101266;0.0;0.0;0.0
3;0;1;0;0.0;0.13043478260869565;0.0;0.012658227848101266;0.0;0.0;0.0
18;0;1;0;0.0;0.782608695652174;0.0;0.012658227848101266;0.0;0.0;0.0
17;0;3;0;0.0;0.7391304347826086;0.0;0.0379746835443038;0.0;0.0;0.0
0;0;2;0;0.0;0.0;0.0;0.02531645569620253;0.0;0.0;0.0
15;0;1;0;0.0;0.6521739130434783;0.0;0.012658227848101266;0.0;0.0;0.0
5;0;0;0;0.2;0.21739130434782608;0.0;0.0;0.0;0.006779661016949153;0.0
12;30;0;0;0.0;0.5217391304347826;1.0;0.0;0.0;0.0;0.0
18;0;1;0;0.0;0.782608695652174;0.0;0.012658227848101266;0.0;0.0;0.0
22;30;6;0;0.0;0.9565217391304348;1.0;0.0759493670886076;0.0;0.0;0.0
19;0;1;1;0.0;0.8260869565217391;0.0;0.012658227848101266;1.0;0.0;0.0
22;0;1;0;0.0;0.9565217391304348;0.0;0.012658227848101266;0.0;0.0;0.0
4;30;0;0;0.0;0.17391304347826086;1.0;0.0;0.0;0.0;0.0
0;0;10;0;0.0;0.0;0.0;0.12658227848101267;0.0;0.0;0.0
23;0;2;0;0.2;1.0;0.0;0.02531645569620253;0.0;0.006779661016949153;0.0
18;30;2;0;0.2;0.782608695652174;1.0;0.02531645569620253;0.0;0.006779661016949153;0.0
0;0;4;0;0.0;0.0;0.0;0.05063291139240506;0.0;0.0;0.0
22;0;0;0;0.0;0.9565217391304348;0.0;0.0;0.0;0.0;0.0
21;0;3;0;0.0;0.9130434782608695;0.0;0.0379746835443038;0.0;0.0;0.0
8;30;0;0;0.0;0.34782608695652173;1.0;0.0;0.0;0.0;0.0
9;30;2;0;0.0;0.391304347826087;1.0;0.02531645569620253;0.0;0.0;0.0
4;0;0;0;0.0;0.17391304347826086;0.0;0.0;0.0;0.0;0.0
9;0;5;0;0.0;0.391304347826087;0.0;0.06329113924050633;0.0;0.0;0.0
10;30;1;0;0.0;0.43478260869565216;1.0;0.012658227848101266;0.0;0.0;0.0
23;0;1;0;0.0;1.0;0.0;0.012658227848101266;0.0;0.0;0.0
9;30;2;0;0.0;0.391304347826087;1.0;0.02531645569620253;0.0;0.0;0.0
11;0;0;0;0.0;0.4782608695652174;0.0;0.0;0.0;0.0;0.0
9;0;1;0;0.0;0.391304347826087;0.0;0.012658227848101266;0.0;0.0;0.0
3;0;7;0;0.0;0.13043478260869565;0.0;0.08860759493670886;0.0;0.0;0.0
7;30;3;0;0.0;0.30434782608695654;1.0;0.0379746835443038;0.0;0.0;0.0
5;30;2;0;0.0;0.21739130434782608;1.0;0.02531645569620253;0.0;0.0;0.0
18;0;0;0;0.0;0.782608695652174;0.0;0.0;0.0;0.0;0.0
22;30;5;0;0.0;0.9565217391304348;1.0;0.06329113924050633;0.0;0.0;0.0
12;30;7;0;0.0;0.5217391304347826;1.0;0.08860759493670886;0.0;0.0;0.0
20;30;4;0;0.0;0.8695652173913043;1.0;0.05063291139240506;0.0;0.0;0.0
3;30;0;0;0.0;0.13043478260869565;1.0;0.0;0.0;0.0;0.0
11;30;0;0;0.0;0.4782608695652174;1.0;0.0;0.0;0.0;0.0
4;30;0;0;0.0;0.17391304347826086;1.0;0.0;0.0;0.0;0.0
17;30;2;0;0.0;0.7391304347826086;1.0;0.02531645569620253;0.0;0.0;0.0
16;30;2;0;0.0;0.6956521739130435;1.0;0.02531645569620253;0.0;0.0;0.0
9;0;1;0;0.0;0.391304347826087;0.0;0.012658227848101266;0.0;0.0;0.0
2;0;0;0;0.0;0.08695652173913043;0.0;0.0;0.0;0.0;0.0
11;0;2;0;0.0;0.4782608695652174;0.0;0.02531645569620253;0.0;0.0;0.0
22;0;1;0;1.01;0.9565217391304348;0.0;0.012658227848101266;0.0;0.03423728813559322;0.0
5;0;0;0;0.0;0.21739130434782608;0.0;0.0;0.0;0.0;0.0
9;30;1;0;0.62;0.391304347826087;1.0;0.012658227848101266;0.0;0.02101694915254237;0.4
2;30;0;0;0.0;0.08695652173913043;1.0;0.0;0.0;0.0;0.0
21;0;2;0;0.0;0.9130434782608695;0.0;0.02531645569620253;0.0;0.0;0.0
9;0;0;0;0.0;0.391304347826087;0.0;0.0;0.0;0.0;0.0
11;30;3;0;0.0;0.4782608695652174;1.0;0.0379746835443038;0.0;0.0;0.0
2;30;0;0;0.0;0.08695652173913043;1.0;0.0;0.0;0.0;0.0
10;30;0;0;0.0;0.43478260869565216;1.0;0.0;0.0;0.0;0.0
6;30;0;0;0.0;0.2608695652173913;1.0;0.0;0.0;0.0;0.0
15;30;1;0;0.0;0.6521739130434783;1.0;0.012658227848101266;0.0;0.0;0.0
3;30;3;0;0.2;0.13043478260869565;1.0;0.0379746835443038;0.0;0.006779661016949153;0.0
7;30;1;0;0.0;0.30434782608695654;1.0;0.012658227848101266;0.0;0.0;0.0
12;30;1;0;0.2;0.5217391304347826;1.0;0.012658227848101266;0.0;0.006779661016949153;0.0
14;0;3;0;0.0;0.6086956521739131;0.0;0.0379746835443038;0.0;0.0;1.77
23;30;0;0;0.2;1.0;1.0;0.0;0.0;0.006779661016949153;0.0
12;30;3;0;0.2;0.5217391304347826;1.0;0.0379746835443038;0.0;0.006779661016949153;0.0
15;30;0;0;0.0;0.6521739130434783;1.0;0.0;0.0;0.0;0.0
14;30;0;0;0.0;0.6086956521739131;1.0;0.0;0.0;0.0;0.0
1;0;5;0;0.0;0.043478260869565216;0.0;0.06329113924050633;0.0;0.0;0.0
7;0;0;0;0.0;0.30434782608695654;0.0;0.0;0.0;0.0;0.2
23;0;0;0;0.0;1.0;0.0;0.0;0.0;0.0;0.0
12;0;0;0;0.0;0.5217391304347826;0.0;0.0;0.0;0.0;0.2
22;30;0;0;0.0;0.9565217391304348;1.0;0.0;0.0;0.0;0.0
18;30;0;0;0.0;0.782608695652174;1.0;0.0;0.0;0.0;0.0
4;0;0;0;0.2;0.17391304347826086;0.0;0.0;0.0;0.006779661016949153;0.2
3;30;4;0;0.0;0.13043478260869565;1.0;0.05063291139240506;0.0;0.0;0.0
15;30;3;0;0.0;0.6521739130434783;1.0;0.0379746835443038;0.0;0.0;0.0
17;0;1;0;0.0;0.7391304347826086;0.0;0.012658227848101266;0.0;0.0;0.0
22;0;2;0;0.0;0.9565217391304348;0.0;0.02531645569620253;0.0;0.0;0.0
6;30;0;0;0.0;0.2608695652173913;1.0;0.0;0.0;0.0;0.0
16;30;5;0;0.0;0.6956521739130435;1.0;0.06329113924050633;0.0;0.0;0.0
22;0;2;0;2.55;0.9565217391304348;0.0;0.02531645569620253;0.0;0.08644067796610169;0.99
5;0;1;0;0.0;0.21739130434782608;0.0;0.012658227848101266;0.0;0.0;0.0
14;0;1;0;0.0;0.6086956521739131;0.0;0.012658227848101266;0.0;0.0;0.0
11;0;1;0;0.0;0.4782608695652174;0.0;0.012658227848101266;0.0;0.0;0.0
0;0;9;0;0.0;0.0;0.0;0.11392405063291139;0.0;0.0;0.0
22;30;5;0;0.0;0.9565217391304348;1.0;0.06329113924050633;0.0;0.0;0.0
0;30;7;0;0.0;0.0;1.0;0.08860759493670886;0.0;0.0;0.0
17;30;2;0;0.0;0.7391304347826086;1.0;0.02531645569620253;0.0;0.0;0.0
20;30;1;0;0.0;0.8695652173913043;1.0;0.012658227848101266;0.0;0.0;0.0
12;0;3;0;0.0;0.5217391304347826;0.0;0.0379746835443038;0.0;0.0;0.0
2;0;1;0;0.0;0.08695652173913043;0.0;0.012658227848101266;0.0;0.0;0.0
11;30;2;0;0.0;0.4782608695652174;1.0;0.02531645569620253;0.0;0.0;0.0
17;0;6;0;0.0;0.7391304347826086;0.0;0.0759493670886076;0.0;0.0;0.0
4;0;0;0;0.0;0.17391304347826086;0.0;0.0;0.0;0.0;0.0
20;30;3;0;4.13;0.8695652173913043;1.0;0.0379746835443038;0.0;0.13999999999999999;0.0
12;30;1;0;0.0;0.5217391304347826;1.0;0.012658227848101266;0.0;0.0;0.0
4;0;1;0;0.0;0.17391304347826086;0.0;0.012658227848101266;0.0;0.0;0.0
18;30;4;0;0.0;0.782608695652174;1.0;0.05063291139240506;0.0;0.0;0.0
11;30;1;0;0.0;0.4782608695652174;1.0;0.012658227848101266;0.0;0.0;0.0
9;30;1;0;0.0;0.391304347826087;1.0;0.012658227848101266;0.0;0.0;0.0
14;0;6;0;0.0;0.6086956521739131;0.0;0.0759493670886076;0.0;0.0;0.0
22;0;5;0;0.0;0.9565217391304348;0.0;0.06329113924050633;0.0;0.0;0.0
16;0;10;0;0.0;0.6956521739130435;0.0;0.12658227848101267;0.0;0.0;0.0
15;0;4;0;0.0;0.6521739130434783;0.0;0.05063291139240506;0.0;0.0;0.0
11;0;0;0;1.18;0.4782608695652174;0.0;0.0;0.0;0.04;0.4
15;30;0;0;0.0;0.6521739130434783;1.0;0.0;0.0;0.0;0.0
12;0;1;0;0.0;0.5217391304347826;0.0;0.012658227848101266;0.0;0.0;0.0
20;30;1;0;0.0;0.8695652173913043;1.0;0.012658227848101266;0.0;0.0;0.0
6;30;1;0;0.0;0.2608695652173913;1.0;0.012658227848101266;0.0;0.0;0.0
10;30;2;0;0.0;0.43478260869565216;1.0;0.02531645569620253;0.0;0.0;0.0
2;30;1;0;0.0;0.08695652173913043;1.0;0.012658227848101266;0.0;0.0;0.2
9;0;1;0;0.0;0.391304347826087;0.0;0.012658227848101266;0.0;0.0;0.0
15;0;3;0;0.79;0.6521739130434783;0.0;0.0379746835443038;0.0;0.026779661016949154;0.79
7;0;4;0;0.0;0.30434782608695654;0.0;0.05063291139240506;0.0;0.0;0.0
18;0;2;0;0.0;0.782608695652174;0.0;0.02531645569620253;0.0;0.0;0.0
13;0;1;0;0.0;0.5652173913043478;0.0;0.012658227848101266;0.0;0.0;0.0
10;30;1;0;0.0;0.43478260869565216;1.0;0.012658227848101266;0.0;0.0;0.0
15;0;0;0;0.0;0.6521739130434783;0.0;0.0;0.0;0.0;0.0
17;0;1;0;0.0;0.7391304347826086;0.0;0.012658227848101266;0.0;0.0;0.0
14;0;1;0;0.0;0.6086956521739131;0.0;0.012658227848101266;0.0;0.0;0.0
18;0;2;0;0.0;0.782608695652174;0.0;0.02531645569620253;0.0;0.0;0.0
13;0;2;0;0.0;0.5652173913043478;0.0;0.02531645569620253;0.0;0.0;0.0
6;30;1;0;0.0;0.2608695652173913;1.0;0.012658227848101266;0.0;0.0;0.0
3;0;1;0;0.0;0.13043478260869565;0.0;0.012658227848101266;0.0;0.0;0.0
7;0;0;0;0.0;0.30434782608695654;0.0;0.0;0.0;0.0;0.0
23;30;0;0;0.0;1.0;1.0;0.0;0.0;0.0;0.0
10;30;0;0;0.0;0.43478260869565216;1.0;0.0;0.0;0.0;0.0
16;30;4;0;0.0;0.6956521739130435;1.0;0.05063291139240506;0.0;0.0;0.0
20;0;4;0;0.0;0.8695652173913043;0.0;0.05063291139240506;0.0;0.0;0.0
1;0;1;0;2.36;0.043478260869565216;0.0;0.012658227848101266;0.0;0.08;0.0
16;0;1;0;0.0;0.6956521739130435;0.0;0.012658227848101266;0.0;0.0;0.0
14;30;4;0;0.0;0.6086956521739131;1.0;0.05063291139240506;0.0;0.0;0.0
4;0;0;0;0.0;0.17391304347826086;0.0;0.0;0.0;0.0;0.0
6;30;0;0;0.0;0.2608695652173913;1.0;0.0;0.0;0.0;0.0
9;30;1;0;0.0;0.391304347826087;1.0;0.012658227848101266;0.0;0.0;0.0
9;0;1;0;0.0;0.391304347826087;0.0;0.012658227848101266;0.0;0.0;0.0
0;30;0;0;0.0;0.0;1.0;0.0;0.0;0.0;0.0
12;30;1;0;0.0;0.5217391304347826;1.0;0.012658227848101266;0.0;0.0;0.0
15;30;3;0;0.0;0.6521739130434783;1.0;0.0379746835443038;0.0;0.0;0.0
11;0;0;0;0.0;0.4782608695652174;0.0;0.0;0.0;0.0;0.0
6;30;2;0;0.0;0.2608695652173913;1.0;0.02531645569620253;0.0;0.0;0.0
11;30;1;0;0.0;0.4782608695652174;1.0;0.012658227848101266;0.0;0.0;0.0
2;0;2;0;0.0;0.08695652173913043;0.0;0.02531645569620253;0.0;0.0;0.0
7;30;0;0;0.0;0.30434782608695654;1.0;0.0;0.0;0.0;0.0
1;0;0;0;0.0;0.043478260869565216;0.0;0.0;0.0;0.0;0.0
4;0;6;0;0.2;0.17391304347826086;0.0;0.0759493670886076;0.0;0.006779661016949153;0.0
16;0;3;0;0.0;0.6956521739130435;0.0;0.0379746835443038;0.0;0.0;0.79
11;30;5;0;0.0;0.4782608695652174;1.0;0.06329113924050633;0.0;0.0;0.0
8;30;0;0;0.0;0.34782608695652173;1.0;0.0;0.0;0.0;0.0
19;0;5;1;0.0;0.8260869565217391;0.0;0.06329113924050633;1.0;0.0;0.0
5;30;0;0;0.0;0.21739130434782608;1.0;0.0;0.0;0.0;0.0
1;0;0;0;0.0;0.043478260869565216;0.0;0.0;0.0;0.0;0.0
17;0;1;0;0.0;0.7391304347826086;0.0;0.012658227848101266;0.0;0.0;0.0
7;30;0;0;0.79;0.30434782608695654;1.0;0.0;0.0;0.026779661016949154;0.0
22;0;2;0;0.0;0.9565217391304348;0.0;0.02531645569620253;0.0;0.0;0.0
19;30;2;0;0.0;0.8260869565217391;1.0;0.02531645569620253;0.0;0.0;0.0
20;30;2;0;0.0;0.8695652173913043;1.0;0.02531645569620253;0.0;0.0;0.0
2;30;0;0;0.0;0.08695652173913043;1.0;0.0;0.0;0.0;0.0
22;30;1;0;0.0;0.9565217391304348;1.0;0.012658227848101266;0.0;0.0;0.0
8;0;0;0;0.0;0.34782608695652173;0.0;0.0;0.0;0.0;0.0
8;0;0;0;0.0;0.34782608695652173;0.0;0.0;0.0;0.0;0.2
3;0;0;0;0.6;0.13043478260869565;0.0;0.0;0.0;0.020338983050847456;0.4
12;0;2;0;0.0;0.5217391304347826;0.0;0.02531645569620253;0.0;0.0;0.0
19;0;1;0;0.0;0.8260869565217391;0.0;0.012658227848101266;0.0;0.0;0.0
22;30;1;0;0.0;0.9565217391304348;1.0;0.012658227848101266;0.0;0.0;0.0
17;30;2;0;0.2;0.7391304347826086;1.0;0.02531645569620253;0.0;0.006779661016949153;0.0
16;0;3;0;0.0;0.6956521739130435;0.0;0.0379746835443038;0.0;0.0;0.0
10;0;2;0;0.0;0.43478260869565216;0.0;0.02531645569620253;0.0;0.0;0.0
17;30;7;0;0.0;0.7391304347826086;1.0;0.08860759493670886;0.0;0.0;0.0
8;0;1;0;0.0;0.34782608695652173;0.0;0.012658227848101266;0.0;0.0;0.0
4;30;0;0;3.75;0.17391304347826086;1.0;0.0;0.0;0.1271186440677966;0.0
8;30;5;0;0.0;0.34782608695652173;1.0;0.06329113924050633;0.0;0.0;0.0
21;0;0;0;0.0;0.9130434782608695;0.0;0.0;0.0;0.0;0.0
9;0;3;0;0.0;0.391304347826087;0.0;0.0379746835443038;0.0;0.0;0.0
11;0;1;0;0.0;0.4782608695652174;0.0;0.012658227848101266;0.0;0.0;0.2
1;30;0;0;0.0;0.043478260869565216;1.0;0.0;0.0;0.0;0.0
3;0;0;0;0.0;0.13043478260869565;0.0;0.0;0.0;0.0;0.2
2;0;0;0;0.0;0.08695652173913043;0.0;0.0;0.0;0.0;0.0
21;0;2;0;0.0;0.9130434782608695;0.0;0.02531645569620253;0.0;0.0;0.0
8;0;0;0;0.0;0.34782608695652173;0.0;0.0;0.0;0.0;0.0
23;30;2;0;0.0;1.0;1.0;0.02531645569620253;0.0;0.0;0.0
23;0;1;0;0.0;1.0;0.0;0.012658227848101266;0.0;0.0;0.0
0;0;2;0;0.0;0.0;0.0;0.02531645569620253;0.0;0.0;0.0
13;30;3;0;0.0;0.5652173913043478;1.0;0.0379746835443038;0.0;0.0;0.0
1;0;0;0;0.0;0.043478260869565216;0.0;0.0;0.0;0.0;0.0
9;30;3;0;0.0;0.391304347826087;1.0;0.0379746835443038;0.0;0.0;0.0
3;30;1;0;0.0;0.13043478260869565;1.0;0.012658227848101266;0.0;0.0;0.0
10;30;6;0;0.0;0.43478260869565216;1.0;0.0759493670886076;0.0;0.0;0.0
21;30;5;0;0.0;0.9130434782608695;1.0;0.06329113924050633;0.0;0.0;0.0
18;30;1;0;0.0;0.782608695652174;1.0;0.012658227848101266;0.0;0.0;0.0
8;0;0;0;0.0;0.34782608695652173;0.0;0.0;0.0;0.0;0.0
6;0;0;0;0.0;0.2608695652173913;0.0;0.0;0.0;0.0;0.0
20;30;6;0;0.0;0.8695652173913043;1.0;0.0759493670886076;0.0;0.0;0.0
16;30;3;0;0.0;0.6956521739130435;1.0;0.0379746835443038;0.0;0.0;0.0
0;0;0;0;0.0;0.0;0.0;0.0;0.0;0.0;0.0
14;30;0;0;0.0;0.6086956521739131;1.0;0.0;0.0;0.0;0.0
23;30;0;0;0.2;1.0;1.0;0.0;0.0;0.006779661016949153;0.4
17;0;0;0;0.0;0.7391304347826086;0.0;0.0;0.0;0.0;29.5
9;30;0;0;0.0;0.391304347826087;1.0;0.0;0.0;0.0;0.0
14;0;3;0;0.0;0.6086956521739131;0.0;0.0379746835443038;0.0;0.0;0.0
14;0;2;0;0.0;0.6086956521739131;0.0;0.02531645569620253;0.0;0.0;0.0
19;30;0;0;0.0;0.8260869565217391;1.0;0.0;0.0;0.0;2.56
2;0;0;0;0.0;0.08695652173913043;0.0;0.0;0.0;0.0;0.0
22;30;1;0;0.0;0.9565217391304348;1.0;0.012658227848101266;0.0;0.0;0.0
8;0;2;0;0.0;0.34782608695652173;0.0;0.02531645569620253;0.0;0.0;0.0
7;30;1;0;0.2;0.30434782608695654;1.0;0.012658227848101266;0.0;0.006779661016949153;0.2
11;30;2;0;0.0;0.4782608695652174;1.0;0.02531645569620253;0.0;0.0;0.0
14;0;3;0;0.0;0.6086956521739131;0.0;0.0379746835443038;0.0;0.0;0.0
2;30;0;0;0.0;0.08695652173913043;1.0;0.0;0.0;0.0;0.2
17;30;2;0;0.0;0.7391304347826086;1.0;0.02531645569620253;0.0;0.0;0.0
19;0;4;0;0.0;0.8260869565217391;0.0;0.05063291139240506;0.0;0.0;0.0
3;0;2;0;0.0;0.13043478260869565;0.0;0.02531645569620253;0.0;0.0;0.0
14;30;3;0;0.0;0.6086956521739131;1.0;0.0379746835443038;0.0;0.0;0.0
13;30;1;0;0.0;0.5652173913043478;1.0;0.012658227848101266;0.0;0.0;0.0
23;30;4;0;0.0;1.0;1.0;0.05063291139240506;0.0;0.0;0.0
13;30;1;0;0.0;0.5652173913043478;1.0;0.012658227848101266;0.0;0.0;0.0
21;30;5;0;0.0;0.9130434782608695;1.0;0.06329113924050633;0.0;0.0;0.0
7;30;0;0;0.0;0.30434782608695654;1.0;0.0;0.0;0.0;0.0
11;0;0;0;0.0;0.4782608695652174;0.0;0.0;0.0;0.0;0.0
14;30;1;0;0.0;0.6086956521739131;1.0;0.012658227848101266;0.0;0.0;0.0
12;30;0;0;0.0;0.5217391304347826;1.0;0.0;0.0;0.0;0.0
3;30;0;0;0.0;0.13043478260869565;1.0;0.0;0.0;0.0;0.0
1;30;5;0;0.0;0.043478260869565216;1.0;0.06329113924050633;0.0;0.0;0.0
18;30;0;0;0.0;0.782608695652174;1.0;0.0;0.0;0.0;0.0
6;0;0;0;0.0;0.2608695652173913;0.0;0.0;0.0;0.0;0.0
4;30;0;0;0.0;0.17391304347826086;1.0;0.0;0.0;0.0;0.0
5;30;1;0;0.0;0.21739130434782608;1.0;0.012658227848101266;0.0;0.0;0.0
7;30;1;0;0.0;0.30434782608695654;1.0;0.012658227848101266;0.0;0.0;0.0
7;0;0;0;0.0;0.30434782608695654;0.0;0.0;0.0;0.0;0.0
5;0;0;0;0.0;0.21739130434782608;0.0;0.0;0.0;0.0;0.0
2;0;1;0;0.0;0.08695652173913043;0.0;0.012658227848101266;0.0;0.0;0.0
7;0;0;0;0.0;0.30434782608695654;0.0;0.0;0.0;0.0;0.0
13;0;3;0;0.4;0.5652173913043478;0.0;0.0379746835443038;0.0;0.013559322033898306;0.59
9;30;1;0;0.0;0.391304347826087;1.0;0.012658227848101266;0.0;0.0;0.0
13;30;1;0;0.0;0.5652173913043478;1.0;0.012658227848101266;0.0;0.0;0.0
10;30;3;0;0.79;0.43478260869565216;1.0;0.0379746835443038;0.0;0.026779661016949154;0.0
16;0;1;0;0.0;0.6956521739130435;0.0;0.012658227848101266;0.0;0.0;0.0
20;30;79;0;0.0;0.8695652173913043;1.0;1.0;0.0;0.0;0.0
13;30;1;0;0.0;0.5652173913043478;1.0;0.012658227848101266;0.0;0.0;0.0
18;0;2;0;1.37;0.782608695652174;0.0;0.02531645569620253;0.0;0.0464406779661017;0.2
11;0;1;0;0.0;0.4782608695652174;0.0;0.012658227848101266;0.0;0.0;0.0
23;30;4;0;0.0;1.0;1.0;0.05063291139240506;0.0;0.0;0.0
18;30;3;0;0.0;0.782608695652174;1.0;0.0379746835443038;0.0;0.0;0.0
11;0;5;0;0.0;0.4782608695652174;0.0;0.06329113924050633;0.0;0.0;0.0
22;30;9;0;0.0;0.9565217391304348;1.0;0.11392405063291139;0.0;0.0;0.0
20;30;3;0;0.0;0.8695652173913043;1.0;0.0379746835443038;0.0;0.0;0.0
23;0;1;0;0.0;1.0;0.0;0.012658227848101266;0.0;0.0;0.0
5;0;0;0;0.0;0.21739130434782608;0.0;0.0;0.0;0.0;0.0
12;0;0;0;0.0;0.5217391304347826;0.0;0.0;0.0;0.0;0.0
1;30;0;0;0.0;0.043478260869565216;1.0;0.0;0.0;0.0;0.0
4;30;0;0;0.0;0.17391304347826086;1.0;0.0;0.0;0.0;0.0
23;30;1;0;0.0;1.0;1.0;0.012658227848101266;0.0;0.0;0.0
13;0;4;0;0.0;0.5652173913043478;0.0;0.05063291139240506;0.0;0.0;0.0
8;0;0;0;0.0;0.34782608695652173;0.0;0.0;0.0;0.0;0.0
12;0;8;0;0.0;0.5217391304347826;0.0;0.10126582278481013;0.0;0.0;0.0
14;0;5;0;0.0;0.6086956521739131;0.0;0.06329113924050633;0.0;0.0;0.0
17;0;3;0;0.0;0.7391304347826086;0.0;0.0379746835443038;0.0;0.0;0.0
17;0;3;0;0.0;0.7391304347826086;0.0;0.0379746835443038;0.0;0.0;0.0
19;30;3;0;0.0;0.8260869565217391;1.0;0.0379746835443038;0.0;0.0;0.0
9;0;1;0;0.0;0.391304347826087;0.0;0.012658227848101266;0.0;0.0;0.0
3;0;0;0;0.0;0.13043478260869565;0.0;0.0;0.0;0.0;0.0
5;30;0;0;0.0;0.21739130434782608;1.0;0.0;0.0;0.0;0.0
8;30;0;0;0.0;0.34782608695652173;1.0;0.0;0.0;0.0;0.0
4;0;1;0;0.0;0.17391304347826086;0.0;0.012658227848101266;0.0;0.0;1.18
20;0;2;0;0.0;0.8695652173913043;0.0;0.02531645569620253;0.0;0.0;0.0
2;0;1;0;0.2;0.08695652173913043;0.0;0.012658227848101266;0.0;0.006779661016949153;0.59
0;0;1;0;0.0;0.0;0.0;0.012658227848101266;0.0;0.0;0.0
19;30;1;0;0.0;0.8260869565217391;1.0;0.012658227848101266;0.0;0.0;0.0
2;0;2;0;0.2;0.08695652173913043;0.0;0.02531645569620253;0.0;0.006779661016949153;0.0
19;30;1;0;0.0;0.8260869565217391;1.0;0.012658227848101266;0.0;0.0;0.0
1;30;0;0;0.0;0.043478260869565216;1.0;0.0;0.0;0.0;0.0
22;30;0;0;0.0;0.9565217391304348;1.0;0.0;0.0;0.0;0.2
0;0;6;0;0.0;0.0;0.0;0.0759493670886076;0.0;0.0;0.0
3;0;0;0;0.0;0.13043478260869565;0.0;0.0;0.0;0.0;0.0
15;0;3;0;0.0;0.6521739130434783;0.0;0.0379746835443038;0.0;0.0;0.0
1;0;1;0;0.0;0.043478260869565216;0.0;0.012658227848101266;0.0;0.0;0.0
3;30;0;0;0.0;0.13043478260869565;1.0;0.0;0.0;0.0;0.0
11;0;0;0;0.0;0.4782608695652174;0.0;0.0;0.0;0.0;0.0
11;0;2;0;0.0;0.4782608695652174;0.0;0.02531645569620253;0.0;0.0;0.0
17;0;3;0;0.0;0.7391304347826086;0.0;0.0379746835443038;0.0;0.0;0.0
14;0;5;0;0.0;0.6086956521739131;0.0;0.06329113924050633;0.0;0.0;0.0
22;30;2;0;0.0;0.9565217391304348;1.0;0.02531645569620253;0.0;0.0;0.0
0;0;5;0;0.0;0.0;0.0;0.06329113924050633;0.0;0.0;0.0
4;30;0;0;1.18;0.17391304347826086;1.0;0.0;0.0;0.04;0.0
7;30;1;0;0.0;0.30434782608695654;1.0;0.012658227848101266;0.0;0.0;0.0
10;0;1;0;0.0;0.43478260869565216;0.0;0.012658227848101266;0.0;0.0;0.6
23;0;0;0;0.59;1.0;0.0;0.0;0.0;0.02;0.2
7;0;2;0;0.0;0.30434782608695654;0.0;0.02531645569620253;0.0;0.0;0.0
18;30;7;0;0.0;0.782608695652174;1.0;0.08860759493670886;0.0;0.0;0.0
13;0;0;0;0.0;0.5652173913043478;0.0;0.0;0.0;0.0;0.0
8;30;0;0;0.0;0.34782608695652173;1.0;0.0;0.0;0.0;0.0
3;0;1;0;0.0;0.13043478260869565;0.0;0.012658227848101266;0.0;0.0;0.0
5;30;1;0;0.0;0.21739130434782608;1.0;0.012658227848101266;0.0;0.0;0.0
17;0;2;0;0.0;0.7391304347826086;0.0;0.02531645569620253;0.0;0.0;0.0
11;0;0;0;0.0;0.4782608695652174;0.0;0.0;0.0;0.0;0.0
11;30;5;0;0.0;0.4782608695652174;1.0;0.06329113924050633;0.0;0.0;0.0
21;0;3;0;0.0;0.9130434782608695;0.0;0.0379746835443038;0.0;0.0;0.0
3;0;0;0;0.0;0.13043478260869565;0.0;0.0;0.0;0.0;0.0
3;0;1;0;0.0;0.13043478260869565;0.0;0.012658227848101266;0.0;0.0;0.0
13;0;4;0;0.0;0.5652173913043478;0.0;0.05063291139240506;0.0;0.0;0.0
2;0;2;0;0.0;0.08695652173913043;0.0;0.02531645569620253;0.0;0.0;0.0
