tweets;related;rainfall (mm/30min);Next batch rainfall (mm/30min);Next batch rainfall class
2;0;0.0;0.0;fraca
0;0;0.0;0.0;fraca
0;0;0.0;0.0;fraca
0;0;0.0;0.0;fraca
1;0;0.0;0.0;fraca
0;0;0.0;0.0;fraca
0;0;0.0;0.0;fraca
1;0;0.0;0.2;fraca
3;0;0.0;0.0;fraca
0;0;0.0;0.0;fraca
1;0;0.0;0.0;fraca
1;0;0.0;0.0;fraca
1;0;0.0;0.0;fraca
0;0;0.0;0.0;fraca
0;0;0.0;0.0;fraca
1;0;0.0;0.0;fraca
5;0;0.0;0.0;fraca
0;0;0.0;0.0;fraca
1;0;0.0;0.0;fraca
4;0;0.0;0.0;fraca
1;0;0.0;0.0;fraca
0;0;0.0;0.0;fraca
8;0;0.2;0.0;fraca
1;0;0.0;0.0;fraca
0;0;0.0;0.0;fraca
0;0;0.0;0.0;fraca
0;0;0.0;0.2;fraca
0;0;0.0;0.0;fraca
0;0;0.0;0.0;fraca
0;0;0.0;0.2;fraca
1;0;0.0;0.0;fraca
0;0;0.0;0.0;fraca
3;0;0.0;0.0;fraca
1;0;0.0;0.0;fraca
0;0;0.0;0.2;fraca
0;0;0.0;0.0;fraca
0;0;0.2;0.0;fraca
0;0;0.0;0.0;fraca
0;0;0.0;0.0;fraca
0;0;0.0;0.0;fraca
1;0;0.0;0.0;fraca
0;0;0.0;0.0;fraca
0;0;0.0;0.0;fraca
0;0;0.0;0.0;fraca
2;0;0.2;0.0;fraca
0;0;0.0;0.0;fraca
0;0;0.0;0.0;fraca
2;0;0.0;0.0;fraca
1;0;0.0;0.0;fraca
0;0;0.0;0.0;fraca
1;0;0.0;0.0;fraca
0;0;0.2;0.0;fraca
0;0;0.0;0.0;fraca
0;0;0.0;0.2;fraca
1;0;0.0;0.0;fraca
0;0;0.0;0.0;fraca
2;0;0.2;0.2;fraca
0;0;0.0;0.0;fraca
1;0;0.0;0.0;fraca
0;0;0.0;0.2;fraca
0;0;0.0;0.2;fraca
0;0;0.0;0.0;fraca
0;0;0.0;0.0;fraca
1;0;0.0;0.0;fraca
0;0;0.0;0.0;fraca
0;0;0.0;0.0;fraca
0;0;0.2;0.0;fraca
0;0;0.0;0.0;fraca
0;0;0.0;0.0;fraca
0;0;0.0;0.0;fraca
0;0;0.0;0.2;fraca
1;1;0.0;0.0;fraca
0;0;0.0;0.0;fraca
7;0;0.0;0.0;fraca
0;0;0.2;0.0;fraca
0;0;0.0;0.0;fraca
1;0;0.0;0.0;fraca
1;0;0.0;0.0;fraca
0;0;0.0;0.0;fraca
1;0;0.0;0.0;fraca
0;0;0.0;0.0;fraca
0;0;0.0;0.0;fraca
0;0;0.0;0.0;fraca
2;0;0.0;0.2;fraca
0;0;0.0;0.0;fraca
15;0;0.0;0.0;fraca
0;0;0.0;0.2;fraca
0;0;0.0;0.0;fraca
2;0;0.0;0.0;fraca
1;1;0.0;0.0;fraca
0;0;0.0;0.0;fraca
0;0;0.0;0.2;fraca
1;0;0.0;0.0;fraca
0;0;0.0;0.0;fraca
0;0;0.0;0.0;fraca
1;0;0.0;0.0;fraca
1;0;0.0;0.0;fraca
2;0;0.0;0.0;fraca
0;0;0.0;0.0;fraca
0;0;0.0;0.2;fraca
1;0;0.0;0.0;fraca
0;0;0.0;0.0;fraca
0;0;0.0;0.0;fraca
0;0;0.0;0.0;fraca
0;0;0.0;0.0;fraca
0;0;0.0;0.0;fraca
0;0;0.0;0.0;fraca
0;0;0.0;0.0;fraca
0;0;0.0;0.0;fraca
0;0;0.0;0.0;fraca
0;0;0.0;0.0;fraca
0;0;0.0;0.0;fraca
0;0;0.0;0.0;fraca
0;0;0.0;0.0;fraca
1;0;0.0;0.0;fraca
1;0;0.0;0.0;fraca
0;0;0.0;0.2;fraca
2;0;0.0;0.0;fraca
0;0;0.0;0.0;fraca
0;0;0.2;0.0;fraca
0;0;0.0;0.0;fraca
0;0;0.0;0.0;fraca
0;0;0.0;0.0;fraca
0;0;0.0;0.0;fraca
1;0;0.0;0.0;fraca
0;0;0.0;0.0;fraca
19;0;0.0;0.0;fraca
0;0;0.0;0.2;fraca
2;0;0.0;0.0;fraca
1;0;0.0;0.0;fraca
1;0;0.0;0.0;fraca
0;0;0.0;0.0;fraca
0;0;0.0;0.0;fraca
1;0;0.0;0.0;fraca
0;0;0.0;0.0;fraca
1;0;0.0;0.0;fraca
0;0;0.0;0.0;fraca
0;0;0.0;0.0;fraca
0;0;0.0;0.0;fraca
0;0;0.0;0.0;fraca
0;0;0.0;0.0;fraca
0;0;0.0;0.0;fraca
0;0;0.2;0.0;fraca
0;0;0.0;0.0;fraca
1;0;0.0;0.0;fraca
1;0;0.0;0.0;fraca
2;0;0.0;0.0;fraca
0;0;0.0;0.0;fraca
0;0;0.0;0.0;fraca
8;0;0.2;0.0;fraca
0;0;0.0;0.0;fraca
0;0;0.0;0.0;fraca
0;0;0.0;0.0;fraca
0;0;0.0;0.2;fraca
1;0;0.0;0.0;fraca
0;0;0.0;0.0;fraca
0;0;0.0;0.0;fraca
2;0;0.0;0.0;fraca
1;0;0.0;0.0;fraca
0;0;0.0;0.0;fraca
0;0;0.0;0.0;fraca
1;0;0.2;0.0;fraca
0;0;0.0;0.2;fraca
0;0;0.0;0.0;fraca
0;0;0.0;0.0;fraca
0;0;0.0;0.0;fraca
0;0;0.0;0.0;fraca
2;0;0.0;0.0;fraca
1;0;0.0;0.0;fraca
0;0;0.0;0.0;fraca
0;0;0.0;0.0;fraca
3;0;0.0;0.0;fraca
2;0;0.0;0.0;fraca
0;0;0.0;0.0;fraca
0;0;0.0;0.0;fraca
0;0;0.0;0.0;fraca
7;0;0.0;0.0;fraca
0;0;0.0;0.0;fraca
0;0;0.0;0.2;fraca
1;0;0.0;0.2;fraca
1;0;0.0;0.0;fraca
0;0;0.0;0.0;fraca
0;0;0.0;0.0;fraca
0;0;0.0;0.0;fraca
3;0;0.0;0.0;fraca
0;0;0.0;0.0;fraca
0;0;0.0;0.0;fraca
0;0;0.2;0.0;fraca
0;0;0.0;0.0;fraca
2;0;0.0;0.0;fraca
0;0;0.0;0.0;fraca
2;0;0.0;0.0;fraca
0;0;0.0;0.0;fraca
1;0;0.0;0.0;fraca
0;0;0.0;0.0;fraca
0;0;0.0;0.0;fraca
0;0;0.0;0.0;fraca
0;0;0.2;0.0;fraca
0;0;0.0;0.0;fraca
1;0;0.0;0.2;fraca
0;0;0.0;0.0;fraca
0;0;0.0;0.0;fraca
0;0;0.0;0.0;fraca
3;0;0.0;0.0;fraca
3;0;0.0;0.0;fraca
0;0;0.2;0.0;fraca
0;0;0.0;0.0;fraca
0;0;0.0;0.0;fraca
0;0;0.0;0.0;fraca
0;0;0.0;0.0;fraca
2;0;0.0;0.0;fraca
8;0;0.0;0.0;fraca
0;0;0.0;0.0;fraca
0;0;0.0;0.0;fraca
0;0;0.0;0.0;fraca
0;0;0.0;0.0;fraca
0;0;0.0;0.0;fraca
0;0;0.0;0.2;fraca
0;0;0.0;0.0;fraca
0;0;0.0;0.0;fraca
0;0;0.0;0.0;fraca
0;0;0.0;0.0;fraca
0;0;0.0;0.0;fraca
0;0;0.0;0.0;fraca
0;0;0.0;0.0;fraca
0;0;0.2;0.0;fraca
0;0;0.0;0.0;fraca
0;0;0.0;0.0;fraca
2;0;0.0;0.0;fraca
3;0;0.0;0.0;fraca
1;0;0.0;0.0;fraca
0;0;0.0;0.0;fraca
0;0;0.0;0.0;fraca
0;0;0.0;0.0;fraca
1;0;0.0;0.0;fraca
0;0;0.0;0.2;fraca
0;0;0.0;0.0;fraca
0;0;0.0;0.0;fraca
0;0;0.0;0.2;fraca
0;0;0.2;0.2;fraca
1;0;0.0;0.0;fraca
4;0;0.2;0.2;fraca
1;0;0.0;0.0;fraca
1;0;0.0;0.0;fraca
0;0;0.0;0.0;fraca
1;0;0.0;0.0;fraca
0;0;0.0;0.0;fraca
2;0;0.0;0.0;fraca
0;0;0.0;0.0;fraca
0;0;0.0;0.0;fraca
0;0;0.0;0.0;fraca
0;0;0.0;0.2;fraca
0;0;0.0;0.0;fraca
0;0;0.0;0.0;fraca
2;0;0.2;0.0;fraca
2;0;0.0;0.0;fraca
0;0;0.0;0.0;fraca
2;0;0.0;0.0;fraca
2;0;0.0;0.0;fraca
0;0;0.0;0.0;fraca
0;0;0.0;0.0;fraca
0;0;0.0;0.0;fraca
0;0;0.0;0.0;fraca
3;0;0.0;0.0;fraca
0;0;0.2;0.2;fraca
0;0;0.2;0.0;fraca
0;0;0.2;0.0;fraca
1;0;0.0;0.2;fraca
1;0;0.0;0.0;fraca
1;0;0.0;0.0;fraca
0;0;0.0;0.0;fraca
0;0;0.2;0.2;fraca
1;0;0.0;0.0;fraca
6;0;0.0;0.2;fraca
0;0;0.0;0.0;fraca
1;0;0.0;0.0;fraca
0;0;0.2;0.0;fraca
1;0;0.2;0.0;fraca
1;0;0.0;0.0;fraca
0;0;0.0;0.0;fraca
0;0;0.0;0.0;fraca
2;0;0.0;0.0;fraca
5;0;0.2;0.2;fraca
0;0;0.0;0.0;fraca
0;0;0.0;0.0;fraca
0;0;0.0;0.0;fraca
0;0;0.0;0.0;fraca
0;0;0.2;0.0;fraca
0;0;0.0;0.0;fraca
1;0;0.0;0.0;fraca
0;0;0.0;0.0;fraca
0;0;0.0;0.0;fraca
0;0;0.0;0.0;fraca
3;0;0.0;0.0;fraca
4;0;0.2;0.0;fraca
1;0;0.0;0.0;fraca
0;0;0.0;0.0;fraca
0;0;0.0;0.0;fraca
0;0;0.0;0.0;fraca
0;0;0.0;0.0;fraca
2;0;0.2;0.0;fraca
0;0;0.0;0.0;fraca
0;0;0.0;0.0;fraca
0;0;0.0;0.0;fraca
0;0;0.0;0.0;fraca
0;0;0.0;0.0;fraca
1;0;0.0;0.0;fraca
2;0;0.0;0.0;fraca
0;0;0.0;0.0;fraca
0;0;0.0;0.2;fraca
0;0;0.0;0.0;fraca
0;0;0.0;0.0;fraca
1;0;0.0;0.0;fraca
0;0;0.0;0.0;fraca
0;0;0.0;0.0;fraca
0;0;0.0;0.0;fraca
1;0;0.0;0.0;fraca
2;0;0.0;0.0;fraca
0;0;0.0;0.0;fraca
0;0;0.2;0.0;fraca
0;0;0.2;0.0;fraca
0;0;0.0;0.0;fraca
0;0;0.0;0.0;fraca
0;0;0.0;0.0;fraca
0;0;0.0;0.0;fraca
0;0;0.0;0.0;fraca
5;0;0.0;0.2;fraca
0;0;0.0;0.0;fraca
3;0;0.0;0.0;fraca
0;0;0.0;0.0;fraca
0;0;0.2;0.0;fraca
0;0;0.2;0.2;fraca
1;0;0.0;0.0;fraca
0;0;0.0;0.0;fraca
1;0;0.0;0.0;fraca
0;0;0.0;0.0;fraca
0;0;0.0;0.0;fraca
0;0;0.0;0.0;fraca
1;0;0.0;0.0;fraca
1;0;0.0;0.0;fraca
0;0;0.0;0.0;fraca
1;0;0.2;0.0;fraca
1;0;0.0;0.2;fraca
0;0;0.0;0.0;fraca
0;0;0.0;0.0;fraca
0;0;0.0;0.0;fraca
1;0;0.0;0.0;fraca
0;0;0.2;0.0;fraca
0;0;0.0;0.0;fraca
0;0;0.2;0.0;fraca
1;0;0.0;0.0;fraca
0;0;0.0;0.0;fraca
1;0;0.2;0.0;fraca
0;0;0.0;0.0;fraca
0;0;0.0;0.0;fraca
0;0;0.0;0.2;fraca
0;0;0.2;0.0;fraca
0;0;0.0;0.0;fraca
0;0;0.0;0.0;fraca
0;0;0.0;0.0;fraca
0;0;0.2;0.0;fraca
0;0;0.0;0.0;fraca
0;0;0.0;0.0;fraca
0;0;0.0;0.0;fraca
0;0;0.0;0.0;fraca
0;0;0.0;0.0;fraca
5;0;0.2;0.0;fraca
1;0;0.0;0.0;fraca
0;0;0.0;0.0;fraca
0;0;0.0;0.2;fraca
1;0;0.0;0.0;fraca
1;0;0.0;0.0;fraca
1;0;0.0;0.0;fraca
0;0;0.0;0.0;fraca
0;0;0.0;0.0;fraca
0;0;0.0;0.0;fraca
0;0;0.0;0.0;fraca
0;0;0.0;0.0;fraca
0;0;0.0;0.0;fraca
0;0;0.0;0.0;fraca
1;0;0.0;0.0;fraca
0;0;0.0;0.0;fraca
0;0;0.2;0.2;fraca
0;0;0.2;0.0;fraca
0;0;0.2;0.0;fraca
0;0;0.0;0.0;fraca
0;0;0.0;0.0;fraca
0;0;0.0;0.0;fraca
2;0;0.2;0.0;fraca
1;0;0.0;0.0;fraca
0;0;0.0;0.0;fraca
3;0;0.0;0.2;fraca
0;0;0.0;0.0;fraca
0;0;0.0;0.0;fraca
16;0;0.2;0.0;fraca
1;0;0.0;0.0;fraca
0;0;0.2;0.0;fraca
1;0;0.0;0.2;fraca
2;0;0.0;0.0;fraca
0;0;0.0;0.0;fraca
0;0;0.2;0.0;fraca
1;0;0.0;0.0;fraca
0;0;0.0;0.0;fraca
0;0;0.0;0.2;fraca
0;0;0.0;0.0;fraca
0;0;0.0;0.0;fraca
1;0;0.0;0.2;fraca
0;0;0.0;0.0;fraca
0;0;0.0;0.0;fraca
0;0;0.0;0.0;fraca
0;0;0.2;0.0;fraca
0;0;0.0;0.0;fraca
0;0;0.0;0.0;fraca
0;0;0.0;0.0;fraca
0;0;0.0;0.2;fraca
0;0;0.0;0.0;fraca
1;0;0.0;0.0;fraca
5;0;0.0;0.0;fraca
0;0;0.2;0.0;fraca
0;0;0.0;0.0;fraca
2;0;0.0;0.0;fraca
1;0;0.0;0.0;fraca
1;0;0.0;0.0;fraca
1;0;0.0;0.0;fraca
0;0;0.0;0.0;fraca
0;0;0.0;0.0;fraca
0;0;0.0;0.0;fraca
0;0;0.0;0.0;fraca
0;0;0.0;0.0;fraca
0;0;0.0;0.0;fraca
3;0;0.0;0.0;fraca
0;0;0.0;0.2;fraca
0;0;0.0;0.0;fraca
1;0;0.2;0.2;fraca
1;0;0.0;0.0;fraca
0;0;0.0;0.0;fraca
0;0;0.0;0.0;fraca
1;0;0.0;0.0;fraca
1;0;0.2;0.2;fraca
0;0;0.0;0.0;fraca
0;0;0.0;0.0;fraca
2;0;0.0;0.0;fraca
0;0;0.2;0.0;fraca
0;0;0.0;0.0;fraca
0;0;0.0;0.0;fraca
0;0;0.0;0.0;fraca
0;0;0.0;0.0;fraca
1;0;0.0;0.0;fraca
0;0;0.0;0.0;fraca
0;0;0.0;0.0;fraca
0;0;0.2;0.0;fraca
1;0;0.0;0.0;fraca
2;0;0.0;0.0;fraca
0;0;0.0;0.0;fraca
0;0;0.0;0.0;fraca
8;0;0.0;0.0;fraca
1;0;0.0;0.0;fraca
2;0;0.0;0.0;fraca
0;0;0.0;0.0;fraca
0;0;0.0;0.0;fraca
0;0;0.0;0.0;fraca
1;0;0.0;0.0;fraca
1;0;0.0;0.0;fraca
0;0;0.2;0.2;fraca
0;0;0.2;0.0;fraca
1;0;0.0;0.0;fraca
0;0;0.0;0.0;fraca
0;0;0.0;0.0;fraca
1;0;0.0;0.0;fraca
1;0;0.0;0.0;fraca
1;0;0.0;0.0;fraca
0;0;0.0;0.0;fraca
0;0;0.0;0.0;fraca
5;0;0.0;0.0;fraca
0;0;0.2;0.2;fraca
0;0;0.0;0.0;fraca
1;0;0.0;0.0;fraca
0;0;0.0;0.0;fraca
1;0;0.0;0.0;fraca
0;0;0.0;0.0;fraca
12;0;0.2;0.0;fraca
0;0;0.0;0.0;fraca
0;0;0.0;0.0;fraca
0;0;0.0;0.0;fraca
0;0;0.0;0.0;fraca
0;0;0.0;0.0;fraca
0;0;0.0;0.0;fraca
2;0;0.0;0.0;fraca
1;0;0.0;0.0;fraca
0;0;0.0;0.0;fraca
3;0;0.0;0.0;fraca
0;0;0.0;0.0;fraca
0;0;0.2;0.0;fraca
0;0;0.2;0.0;fraca
0;0;0.0;0.0;fraca
0;0;0.0;0.0;fraca
2;0;0.0;0.0;fraca
0;0;0.2;0.0;fraca
0;0;0.0;0.2;fraca
0;0;0.2;0.0;fraca
0;0;0.2;0.0;fraca
3;0;0.0;0.0;fraca
1;0;0.0;0.0;fraca
3;0;0.0;0.2;fraca
14;0;0.0;0.0;fraca
0;0;0.0;0.0;fraca
0;0;0.0;0.0;fraca
0;0;0.0;0.0;fraca
1;0;0.0;0.2;fraca
2;0;0.0;0.0;fraca
0;0;0.0;0.0;fraca
1;0;0.0;0.0;fraca
4;0;0.0;0.0;fraca
1;0;0.0;0.0;fraca
1;0;0.2;0.0;fraca
0;0;0.2;0.2;fraca
2;0;0.0;0.0;fraca
1;0;0.2;0.0;fraca
0;0;0.0;0.0;fraca
0;0;0.0;0.0;fraca
0;0;0.2;0.0;fraca
0;0;0.0;0.0;fraca
0;0;0.0;0.0;fraca
0;0;0.0;0.2;fraca
0;0;0.0;0.0;fraca
1;0;0.0;0.2;fraca
0;0;0.0;0.2;fraca
0;0;0.2;0.0;fraca
0;0;0.0;0.0;fraca
2;0;0.0;0.2;fraca
1;0;0.0;0.0;fraca
0;0;0.0;0.0;fraca
0;0;0.0;0.0;fraca
0;0;0.0;0.0;fraca
0;0;0.0;0.0;fraca
0;0;0.0;0.0;fraca
0;0;0.0;0.0;fraca
4;0;0.0;0.2;fraca
0;0;0.0;0.2;fraca
0;0;0.0;0.0;fraca
0;0;0.2;0.0;fraca
2;0;0.0;0.0;fraca
0;0;0.0;0.0;fraca
2;0;0.0;0.0;fraca
0;0;0.0;0.0;fraca
1;0;0.0;0.0;fraca
0;0;0.0;0.0;fraca
0;0;0.0;0.0;fraca
0;0;0.0;0.0;fraca
0;0;0.0;0.0;fraca
2;0;0.0;0.0;fraca
3;0;0.0;0.2;fraca
0;0;0.0;0.0;fraca
1;0;0.0;0.2;fraca
0;0;0.0;0.0;fraca
0;0;0.0;0.0;fraca
0;0;0.0;0.2;fraca
0;0;0.0;0.0;fraca
0;0;0.0;0.0;fraca
1;0;0.0;0.2;fraca
0;0;0.0;0.2;fraca
0;0;0.0;0.0;fraca
1;0;0.0;0.0;fraca
0;0;0.2;0.0;fraca
9;0;0.2;0.2;fraca
0;0;0.0;0.0;fraca
0;0;0.2;0.2;fraca
0;0;0.0;0.0;fraca
0;0;0.0;0.0;fraca
0;0;0.0;0.0;fraca
0;0;0.0;0.0;fraca
0;0;0.0;0.0;fraca
2;0;0.0;0.0;fraca
0;0;0.0;0.0;fraca
0;0;0.0;0.0;fraca
4;0;0.0;0.0;fraca
0;0;0.0;0.2;fraca
3;0;0.2;0.0;fraca
0;0;0.0;0.0;fraca
0;0;0.0;0.0;fraca
0;0;0.0;0.0;fraca
3;0;0.0;0.0;fraca
0;0;0.0;0.0;fraca
0;0;0.0;0.0;fraca
0;0;0.0;0.0;fraca
0;0;0.0;0.0;fraca
0;0;0.0;0.2;fraca
1;0;0.0;0.0;fraca
2;0;0.2;0.2;fraca
0;0;0.0;0.0;fraca
0;0;0.0;0.0;fraca
0;0;0.0;0.0;fraca
0;0;0.0;0.0;fraca
0;0;0.0;0.0;fraca
0;0;0.0;0.0;fraca
12;0;0.0;0.2;fraca
0;0;0.0;0.0;fraca
0;0;0.0;0.0;fraca
1;0;0.0;0.0;fraca
0;0;0.0;0.0;fraca
0;0;0.0;0.0;fraca
0;0;0.0;0.0;fraca
0;0;0.0;0.0;fraca
1;0;0.0;0.0;fraca
0;0;0.0;0.0;fraca
0;0;0.0;0.0;fraca
1;0;0.2;0.2;fraca
0;0;0.0;0.0;fraca
1;0;0.0;0.0;fraca
1;0;0.0;0.0;fraca
0;0;0.0;0.0;fraca
0;0;0.0;0.0;fraca
0;0;0.0;0.0;fraca
0;0;0.2;0.0;fraca
0;0;0.0;0.0;fraca
1;0;0.0;0.0;fraca
0;0;0.0;0.0;fraca
0;0;0.0;0.0;fraca
1;0;0.0;0.0;fraca
0;0;0.0;0.0;fraca
0;0;0.0;0.0;fraca
0;0;0.0;0.0;fraca
0;0;0.0;0.0;fraca
0;0;0.0;0.0;fraca
0;0;0.0;0.0;fraca
1;0;0.2;0.0;fraca
0;0;0.0;0.0;fraca
1;0;0.0;0.0;fraca
0;0;0.0;0.0;fraca
0;0;0.0;0.0;fraca
0;0;0.0;0.0;fraca
0;0;0.0;0.0;fraca
0;0;0.0;0.0;fraca
2;0;0.0;0.0;fraca
2;0;0.0;0.0;fraca
0;0;0.0;0.0;fraca
0;0;0.0;0.2;fraca
39;0;0.0;0.0;fraca
0;0;0.2;0.2;fraca
0;0;0.0;0.0;fraca
1;0;0.2;0.0;fraca
0;0;0.0;0.0;fraca
0;0;0.0;0.2;fraca
0;0;0.0;0.0;fraca
0;0;0.0;0.0;fraca
0;0;0.0;0.0;fraca
0;0;0.0;0.0;fraca
0;0;0.0;0.0;fraca
1;0;0.0;0.0;fraca
0;0;0.0;0.2;fraca
0;0;0.2;0.0;fraca
0;0;0.0;0.0;fraca
0;0;0.0;0.0;fraca
0;0;0.0;0.0;fraca
0;0;0.0;0.0;fraca
1;0;0.0;0.2;fraca
0;0;0.0;0.2;fraca
0;0;0.0;0.0;fraca
0;0;0.2;0.0;fraca
0;0;0.0;0.0;fraca
2;0;0.0;0.0;fraca
1;0;0.0;0.2;fraca
0;0;0.0;0.0;fraca
0;0;0.0;0.0;fraca
1;0;0.0;0.0;fraca
0;0;0.0;0.0;fraca
0;0;0.0;0.0;fraca
0;0;0.0;0.0;fraca
0;0;0.0;0.0;fraca
0;0;0.0;0.0;fraca
1;0;0.0;0.0;fraca
0;0;0.0;0.0;fraca
0;0;0.0;0.0;fraca
2;0;0.0;0.0;fraca
0;0;0.0;0.0;fraca
2;0;0.0;0.0;fraca
0;0;0.0;0.0;fraca
0;0;0.0;0.0;fraca
1;0;0.2;0.0;fraca
5;0;0.0;0.0;fraca
2;0;0.0;0.0;fraca
1;0;0.0;0.0;fraca
24;0;0.0;0.0;fraca
0;0;0.0;0.0;fraca
0;0;0.0;0.0;fraca
0;0;0.0;0.2;fraca
0;0;0.0;0.0;fraca
0;0;0.0;0.0;fraca
1;0;0.0;0.0;fraca
0;0;0.0;0.2;fraca
1;0;0.0;0.2;fraca
0;0;0.0;0.0;fraca
0;0;0.0;0.0;fraca
0;0;0.0;0.0;fraca
1;0;0.0;0.0;fraca
0;0;0.2;0.0;fraca
0;0;0.0;0.0;fraca
1;0;0.0;0.0;fraca
2;0;0.0;0.0;fraca
0;0;0.0;0.0;fraca
1;0;0.0;0.2;fraca
0;0;0.2;0.0;fraca
0;0;0.0;0.0;fraca
1;0;0.2;0.0;fraca
0;0;0.0;0.0;fraca
1;0;0.0;0.0;fraca
2;0;0.0;0.0;fraca
0;0;0.0;0.0;fraca
0;0;0.0;0.0;fraca
0;0;0.0;0.0;fraca
0;0;0.0;0.0;fraca
0;0;0.0;0.2;fraca
0;0;0.2;0.0;fraca
0;0;0.0;0.0;fraca
0;0;0.0;0.0;fraca
1;0;0.0;0.0;fraca
0;0;0.2;0.2;fraca
0;0;0.0;0.0;fraca
5;0;0.0;0.0;fraca
0;0;0.0;0.0;fraca
0;0;0.0;0.0;fraca
0;0;0.0;0.0;fraca
0;0;0.0;0.2;fraca
0;0;0.0;0.0;fraca
0;0;0.0;0.0;fraca
0;0;0.0;0.0;fraca
0;0;0.0;0.0;fraca
0;0;0.2;0.0;fraca
0;0;0.0;0.0;fraca
0;0;0.0;0.0;fraca
0;0;0.2;0.0;fraca
1;0;0.0;0.0;fraca
0;0;0.0;0.2;fraca
0;0;0.0;0.0;fraca
0;0;0.0;0.0;fraca
0;0;0.0;0.0;fraca
0;0;0.0;0.0;fraca
5;0;0.0;0.0;fraca
0;0;0.0;0.0;fraca
0;0;0.0;0.0;fraca
0;0;0.0;0.0;fraca
0;0;0.2;0.2;fraca
0;0;0.0;0.0;fraca
0;0;0.0;0.0;fraca
0;0;0.0;0.0;fraca
0;0;0.0;0.0;fraca
0;0;0.0;0.0;fraca
0;0;0.0;0.0;fraca
2;0;0.0;0.0;fraca
1;0;0.0;0.0;fraca
0;0;0.2;0.2;fraca
14;0;0.0;0.0;fraca
0;0;0.0;0.0;fraca
0;0;0.0;0.0;fraca
0;0;0.0;0.0;fraca
0;0;0.0;0.0;fraca
0;0;0.0;0.0;fraca
0;0;0.0;0.0;fraca
0;0;0.0;0.0;fraca
1;0;0.0;0.0;fraca
0;0;0.0;0.0;fraca
0;0;0.0;0.0;fraca
1;0;0.2;0.0;fraca
0;0;0.0;0.0;fraca
0;0;0.0;0.0;fraca
0;0;0.0;0.0;fraca
0;0;0.0;0.0;fraca
2;0;0.0;0.0;fraca
0;0;0.0;0.0;fraca
3;0;0.0;0.0;fraca
0;0;0.0;0.0;fraca
1;0;0.0;0.0;fraca
0;0;0.0;0.0;fraca
1;0;0.0;0.0;fraca
3;0;0.0;0.0;fraca
0;0;0.0;0.0;fraca
0;0;0.0;0.0;fraca
0;0;0.0;0.0;fraca
0;0;0.0;0.0;fraca
0;0;0.0;0.0;fraca
0;0;0.0;0.0;fraca
0;0;0.0;0.2;fraca
0;0;0.0;0.2;fraca
0;0;0.0;0.0;fraca
0;0;0.0;0.0;fraca
0;0;0.0;0.0;fraca
0;0;0.0;0.2;fraca
0;0;0.0;0.0;fraca
0;0;0.0;0.2;fraca
0;0;0.0;0.0;fraca
1;0;0.0;0.0;fraca
0;0;0.0;0.0;fraca
2;0;0.2;0.2;fraca
0;0;0.0;0.0;fraca
0;0;0.0;0.0;fraca
1;0;0.0;0.0;fraca
0;0;0.0;0.2;fraca
4;0;0.0;0.0;fraca
0;0;0.0;0.0;fraca
0;0;0.0;0.0;fraca
0;0;0.0;0.0;fraca
0;0;0.0;0.0;fraca
1;0;0.0;0.0;fraca
0;0;0.0;0.0;fraca
0;0;0.0;0.0;fraca
0;0;0.0;0.0;fraca
0;0;0.2;0.0;fraca
0;0;0.0;0.0;fraca
0;0;0.0;0.0;fraca
2;0;0.0;0.0;fraca
2;0;0.0;0.0;fraca
2;0;0.2;0.0;fraca
3;0;0.0;0.0;fraca
0;0;0.0;0.0;fraca
0;0;0.0;0.0;fraca
0;0;0.0;0.0;fraca
2;0;0.0;0.2;fraca
6;0;0.0;0.0;fraca
4;0;0.0;0.0;fraca
1;0;0.0;0.2;fraca
0;0;0.0;0.0;fraca
0;0;0.0;0.2;fraca
0;0;0.0;0.0;fraca
0;0;0.0;0.0;fraca
0;0;0.0;0.2;fraca
0;0;0.0;0.2;fraca
0;0;0.0;0.0;fraca
1;0;0.0;0.0;fraca
1;0;0.0;0.0;fraca
0;0;0.2;0.2;fraca
1;0;0.0;0.0;fraca
0;0;0.0;0.2;fraca
0;0;0.0;0.0;fraca
0;0;0.0;0.0;fraca
3;0;0.2;0.0;fraca
0;0;0.0;0.0;fraca
0;0;0.0;0.0;fraca
32;0;0.0;0.0;fraca
1;0;0.0;0.0;fraca
1;0;0.2;0.0;fraca
0;0;0.0;0.0;fraca
2;0;0.0;0.0;fraca
1;0;0.0;0.0;fraca
0;0;0.0;0.0;fraca
0;0;0.0;0.0;fraca
0;0;0.0;0.2;fraca
0;0;0.0;0.0;fraca
2;0;0.2;0.0;fraca
0;0;0.0;0.2;fraca
0;0;0.0;0.0;fraca
0;0;0.0;0.0;fraca
0;0;0.0;0.0;fraca
2;0;0.0;0.2;fraca
0;0;0.0;0.0;fraca
0;0;0.0;0.0;fraca
1;0;0.0;0.0;fraca
0;0;0.2;0.2;fraca
1;0;0.2;0.0;fraca
0;0;0.0;0.0;fraca
0;0;0.0;0.2;fraca
0;0;0.0;0.0;fraca
0;0;0.0;0.2;fraca
0;0;0.0;0.0;fraca
1;0;0.0;0.0;fraca
0;0;0.0;0.0;fraca
2;0;0.0;0.0;fraca
0;0;0.0;0.0;fraca
3;0;0.0;0.0;fraca
0;0;0.2;0.0;fraca
1;0;0.0;0.0;fraca
2;0;0.0;0.0;fraca
1;0;0.0;0.0;fraca
0;0;0.0;0.0;fraca
1;0;0.0;0.0;fraca
0;0;0.2;0.0;fraca
0;0;0.0;0.0;fraca
1;0;0.0;0.0;fraca
1;0;0.0;0.0;fraca
0;0;0.0;0.0;fraca
0;0;0.0;0.0;fraca
0;0;0.0;0.0;fraca
0;0;0.0;0.0;fraca
0;0;0.0;0.0;fraca
2;0;0.0;0.0;fraca
2;0;0.2;0.0;fraca
1;0;0.0;0.0;fraca
0;0;0.2;0.0;fraca
1;0;0.0;0.2;fraca
0;0;0.0;0.2;fraca
1;0;0.0;0.0;fraca
1;0;0.0;0.0;fraca
2;0;0.0;0.0;fraca
2;0;0.0;0.0;fraca
0;0;0.0;0.0;fraca
0;0;0.0;0.0;fraca
0;0;0.0;0.0;fraca
0;0;0.0;0.0;fraca
1;0;0.0;0.0;fraca
0;0;0.0;0.0;fraca
4;0;0.0;0.0;fraca
2;0;0.0;0.0;fraca
0;0;0.0;0.2;fraca
0;0;0.0;0.0;fraca
0;0;0.2;0.2;fraca
0;0;0.0;0.0;fraca
0;0;0.0;0.0;fraca
0;0;0.0;0.0;fraca
6;0;0.2;0.0;fraca
0;0;0.2;0.0;fraca
1;0;0.0;0.0;fraca
0;0;0.0;0.0;fraca
0;0;0.0;0.0;fraca
0;0;0.0;0.0;fraca
0;0;0.2;0.2;fraca
1;0;0.2;0.0;fraca
4;0;0.0;0.2;fraca
0;0;0.0;0.0;fraca
0;0;0.0;0.0;fraca
1;0;0.0;0.0;fraca
0;0;0.0;0.0;fraca
0;0;0.0;0.0;fraca
0;0;0.0;0.0;fraca
1;0;0.0;0.0;fraca
0;0;0.0;0.0;fraca
0;0;0.0;0.0;fraca
0;0;0.2;0.0;fraca
0;0;0.2;0.0;fraca
0;0;0.0;0.2;fraca
0;0;0.0;0.0;fraca
1;0;0.0;0.0;fraca
0;0;0.0;0.0;fraca
0;0;0.0;0.0;fraca
0;0;0.0;0.0;fraca
0;0;0.0;0.0;fraca
0;0;0.0;0.0;fraca
1;0;0.0;0.0;fraca
0;0;0.2;0.0;fraca
0;0;0.0;0.0;fraca
1;0;0.0;0.0;fraca
1;0;0.0;0.0;fraca
0;0;0.0;0.0;fraca
0;0;0.0;0.0;fraca
1;0;0.0;0.0;fraca
0;0;0.0;0.0;fraca
0;0;0.0;0.0;fraca
1;0;0.0;0.0;fraca
2;0;0.0;0.0;fraca
0;0;0.0;0.0;fraca
1;0;0.0;0.0;fraca
0;0;0.2;0.0;fraca
4;0;0.0;0.0;fraca
0;0;0.0;0.0;fraca
0;0;0.2;0.2;fraca
0;0;0.2;0.0;fraca
2;0;0.2;0.0;fraca
0;0;0.0;0.0;fraca
0;0;0.0;0.0;fraca
1;0;0.0;0.0;fraca
0;0;0.0;0.0;fraca
0;0;0.0;0.0;fraca
0;0;0.0;0.0;fraca
0;0;0.0;0.0;fraca
1;0;0.0;0.0;fraca
3;0;0.0;0.0;fraca
0;0;0.2;0.2;fraca
0;0;0.0;0.0;fraca
0;0;0.0;0.0;fraca
0;0;0.0;0.0;fraca
0;0;0.0;0.0;fraca
0;0;0.0;0.0;fraca
1;0;0.0;0.0;fraca
0;0;0.0;0.2;fraca
4;0;0.0;0.0;fraca
0;0;0.0;0.0;fraca
0;0;0.0;0.0;fraca
0;0;0.0;0.0;fraca
1;0;0.0;0.0;fraca
1;0;0.0;0.0;fraca
0;0;0.0;0.0;fraca
0;0;0.0;0.0;fraca
0;0;0.0;0.0;fraca
0;0;0.0;0.0;fraca
0;0;0.0;0.0;fraca
1;0;0.0;0.0;fraca
2;0;0.0;0.0;fraca
1;0;0.0;0.0;fraca
2;0;0.0;0.0;fraca
0;0;0.2;0.0;fraca
0;0;0.0;0.0;fraca
0;0;0.0;0.0;fraca
0;0;0.0;0.0;fraca
0;0;0.0;0.2;fraca
0;0;0.0;0.0;fraca
0;0;0.0;0.0;fraca
0;0;0.0;0.0;fraca
1;0;0.0;0.0;fraca
0;0;0.0;0.0;fraca
0;0;0.0;0.2;fraca
1;0;0.0;0.2;fraca
0;0;0.0;0.0;fraca
0;0;0.0;0.0;fraca
4;0;0.2;0.2;fraca
0;0;0.0;0.0;fraca
0;0;0.0;0.0;fraca
0;0;0.0;0.0;fraca
0;0;0.0;0.0;fraca
1;0;0.0;0.0;fraca
0;0;0.0;0.2;fraca
0;0;0.0;0.0;fraca
0;0;0.0;0.0;fraca
0;0;0.0;0.0;fraca
0;0;0.0;0.0;fraca
0;0;0.0;0.2;fraca
0;0;0.0;0.0;fraca
0;0;0.0;0.0;fraca
1;0;0.2;0.0;fraca
0;0;0.2;0.0;fraca
0;0;0.0;0.0;fraca
0;0;0.0;0.0;fraca
7;0;0.2;0.0;fraca
0;0;0.0;0.0;fraca
6;0;0.2;0.2;fraca
0;0;0.0;0.2;fraca
5;0;0.0;0.0;fraca
0;0;0.0;0.0;fraca
1;0;0.0;0.0;fraca
0;0;0.0;0.0;fraca
0;0;0.0;0.0;fraca
0;0;0.0;0.0;fraca
1;0;0.2;0.0;fraca
0;0;0.0;0.0;fraca
1;0;0.0;0.0;fraca
0;0;0.0;0.2;fraca
0;0;0.0;0.0;fraca
0;0;0.2;0.0;fraca
0;0;0.0;0.0;fraca
0;0;0.0;0.0;fraca
0;0;0.0;0.0;fraca
2;0;0.2;0.2;fraca
1;0;0.0;0.0;fraca
6;0;0.0;0.0;fraca
0;0;0.0;0.0;fraca
0;0;0.0;0.0;fraca
1;0;0.0;0.0;fraca
0;0;0.0;0.0;fraca
1;0;0.0;0.0;fraca
0;0;0.0;0.0;fraca
1;0;0.0;0.0;fraca
0;0;0.0;0.0;fraca
0;0;0.0;0.0;fraca
0;0;0.0;0.0;fraca
1;0;0.0;0.0;fraca
0;0;0.0;0.0;fraca
0;0;0.0;0.0;fraca
0;0;0.0;0.0;fraca
0;0;0.0;0.0;fraca
0;0;0.0;0.0;fraca
0;0;0.0;0.0;fraca
0;0;0.0;0.0;fraca
0;0;0.0;0.0;fraca
0;0;0.0;0.0;fraca
0;0;0.0;0.0;fraca
0;0;0.0;0.0;fraca
0;0;0.2;0.0;fraca
0;0;0.0;0.0;fraca
2;0;0.0;0.0;fraca
0;0;0.0;0.0;fraca
0;0;0.0;0.0;fraca
0;0;0.0;0.2;fraca
0;0;0.0;0.0;fraca
0;0;0.0;0.0;fraca
0;0;0.0;0.0;fraca
2;0;0.0;0.0;fraca
0;0;0.0;0.0;fraca
0;0;0.0;0.0;fraca
0;0;0.0;0.0;fraca
1;0;0.0;0.0;fraca
0;0;0.0;0.0;fraca
2;0;0.0;0.0;fraca
0;0;0.0;0.2;fraca
1;0;0.2;0.0;fraca
0;0;0.0;0.0;fraca
0;0;0.0;0.0;fraca
0;0;0.0;0.0;fraca
3;0;0.0;0.0;fraca
0;0;0.0;0.0;fraca
0;0;0.0;0.0;fraca
1;0;0.0;0.0;fraca
1;0;0.0;0.2;fraca
0;0;0.0;0.0;fraca
0;0;0.0;0.0;fraca
0;0;0.0;0.0;fraca
0;0;0.0;0.0;fraca
0;0;0.0;0.2;fraca
0;0;0.2;0.0;fraca
7;0;0.0;0.0;fraca
1;0;0.0;0.0;fraca
0;0;0.0;0.0;fraca
2;1;0.0;0.0;fraca
1;0;0.0;0.0;fraca
0;0;0.0;0.0;fraca
3;0;0.0;0.0;fraca
0;0;0.0;0.0;fraca
0;0;0.0;0.0;fraca
0;0;0.0;0.0;fraca
0;0;0.0;0.2;fraca
0;0;0.0;0.0;fraca
0;0;0.0;0.2;fraca
1;0;0.0;0.0;fraca
0;0;0.0;0.0;fraca
0;0;0.0;0.0;fraca
2;0;0.0;0.0;fraca
0;0;0.0;0.0;fraca
0;0;0.0;0.0;fraca
0;0;0.0;0.0;fraca
0;0;0.0;0.2;fraca
0;0;0.0;0.0;fraca
1;0;0.0;0.0;fraca
4;0;0.0;0.2;fraca
0;0;0.0;0.0;fraca
0;0;0.0;0.0;fraca
0;0;0.0;0.0;fraca
0;0;0.0;0.0;fraca
1;0;0.0;0.0;fraca
2;0;0.2;0.2;fraca
0;0;0.0;0.0;fraca
1;0;0.0;0.0;fraca
0;0;0.0;0.0;fraca
1;0;0.0;0.2;fraca
0;0;0.0;0.0;fraca
1;0;0.0;0.0;fraca
0;0;0.0;0.0;fraca
1;0;0.0;0.0;fraca
0;0;0.0;0.0;fraca
2;1;0.0;0.0;fraca
0;0;0.0;0.0;fraca
0;0;0.2;0.0;fraca
0;0;0.0;0.2;fraca
0;0;0.0;0.2;fraca
0;0;0.0;0.0;fraca
0;0;0.0;0.0;fraca
0;0;0.0;0.0;fraca
0;0;0.0;0.0;fraca
0;0;0.0;0.0;fraca
0;0;0.0;0.0;fraca
4;0;0.0;0.0;fraca
1;0;0.0;0.0;fraca
0;0;0.0;0.0;fraca
0;0;0.0;0.0;fraca
0;0;0.2;0.2;fraca
1;0;0.0;0.0;fraca
4;0;0.0;0.0;fraca
0;0;0.0;0.0;fraca
0;0;0.0;0.0;fraca
1;0;0.2;0.0;fraca
0;0;0.0;0.0;fraca
0;0;0.0;0.0;fraca
0;0;0.0;0.0;fraca
0;0;0.2;0.0;fraca
0;0;0.0;0.0;fraca
0;0;0.0;0.2;fraca
1;0;0.0;0.0;fraca
10;0;0.0;0.2;fraca
0;0;0.0;0.0;fraca
0;0;0.0;0.0;fraca
0;0;0.0;0.2;fraca
7;0;0.0;0.0;fraca
2;0;0.0;0.0;fraca
0;0;0.0;0.0;fraca
0;0;0.0;0.0;fraca
0;0;0.0;0.0;fraca
0;0;0.0;0.0;fraca
0;0;0.0;0.0;fraca
0;0;0.0;0.0;fraca
0;0;0.2;0.0;fraca
0;0;0.0;0.0;fraca
0;0;0.2;0.0;fraca
0;0;0.0;0.0;fraca
1;0;0.2;0.2;fraca
0;0;0.0;0.0;fraca
0;0;0.0;0.0;fraca
0;0;0.0;0.0;fraca
0;0;0.0;0.0;fraca
0;0;0.0;0.0;fraca
1;0;0.0;0.0;fraca
0;0;0.0;0.0;fraca
2;0;0.0;0.0;fraca
1;0;0.0;0.0;fraca
0;0;0.0;0.0;fraca
1;0;0.0;0.0;fraca
0;0;0.2;0.0;fraca
3;0;0.0;0.0;fraca
1;0;0.0;0.0;fraca
0;0;0.0;0.2;fraca
0;0;0.0;0.0;fraca
0;0;0.0;0.0;fraca
0;0;0.0;0.0;fraca
1;0;0.0;0.0;fraca
0;0;0.0;0.0;fraca
1;0;0.0;0.0;fraca
0;0;0.0;0.0;fraca
0;0;0.0;0.0;fraca
3;0;0.0;0.0;fraca
1;0;0.0;0.0;fraca
0;0;0.0;0.2;fraca
2;1;0.0;0.0;fraca
2;0;0.2;0.0;fraca
0;0;0.0;0.0;fraca
2;0;0.0;0.0;fraca
2;0;0.2;0.0;fraca
1;0;0.0;0.0;fraca
0;0;0.0;0.0;fraca
0;0;0.0;0.0;fraca
0;0;0.0;0.0;fraca
0;0;0.0;0.0;fraca
4;0;0.0;0.0;fraca
0;0;0.0;0.0;fraca
0;0;0.0;0.0;fraca
15;0;0.0;0.2;fraca
2;0;0.0;0.0;fraca
1;0;0.0;0.0;fraca
2;0;0.0;0.0;fraca
0;0;0.0;0.0;fraca
1;0;0.2;0.0;fraca
0;0;0.2;0.0;fraca
2;0;0.2;0.2;fraca
0;0;0.0;0.0;fraca
0;0;0.2;0.0;fraca
1;0;0.2;0.0;fraca
0;0;0.0;0.0;fraca
0;0;0.0;0.2;fraca
0;0;0.2;0.0;fraca
0;0;0.0;0.0;fraca
0;0;0.0;0.0;fraca
0;0;0.0;0.0;fraca
6;0;0.0;0.0;fraca
0;0;0.0;0.0;fraca
1;0;0.0;0.0;fraca
0;0;0.0;0.0;fraca
1;0;0.0;0.0;fraca
1;0;0.2;0.2;fraca
7;0;0.0;0.0;fraca
0;0;0.0;0.0;fraca
0;0;0.2;0.0;fraca
0;0;0.0;0.0;fraca
1;0;0.0;0.2;fraca
0;0;0.0;0.0;fraca
0;0;0.0;0.0;fraca
0;0;0.0;0.0;fraca
0;0;0.0;0.0;fraca
1;0;0.0;0.0;fraca
0;0;0.0;0.0;fraca
1;1;0.0;0.0;fraca
0;0;0.0;0.0;fraca
0;0;0.0;0.0;fraca
1;0;0.0;0.0;fraca
1;0;0.0;0.0;fraca
0;0;0.0;0.0;fraca
0;0;0.0;0.0;fraca
0;0;0.0;0.0;fraca
0;0;0.0;0.0;fraca
0;0;0.0;0.0;fraca
0;0;0.0;0.0;fraca
0;0;0.2;0.0;fraca
0;0;0.2;0.0;fraca
0;0;0.0;0.0;fraca
0;0;0.0;0.0;fraca
2;0;0.0;0.0;fraca
0;0;0.0;0.0;fraca
1;0;0.0;0.0;fraca
0;0;0.0;0.0;fraca
1;0;0.0;0.0;fraca
0;0;0.0;0.0;fraca
0;0;0.0;0.0;fraca
0;0;0.2;0.0;fraca
1;0;0.0;0.0;fraca
0;0;0.0;0.0;fraca
1;0;0.2;0.0;fraca
0;0;0.0;0.0;fraca
0;0;0.0;0.0;fraca
0;0;0.0;0.2;fraca
0;0;0.0;0.0;fraca
0;0;0.0;0.0;fraca
0;0;0.0;0.0;fraca
1;0;0.0;0.0;fraca
0;0;0.0;0.0;fraca
0;0;0.2;0.2;fraca
1;0;0.2;0.0;fraca
10;0;0.0;0.0;fraca
0;0;0.0;0.0;fraca
0;0;0.0;0.0;fraca
2;0;0.0;0.0;fraca
2;0;0.0;0.2;fraca
2;0;0.0;0.0;fraca
0;0;0.0;0.0;fraca
2;0;0.0;0.0;fraca
0;0;0.0;0.0;fraca
3;0;0.0;0.0;fraca
3;0;0.2;0.0;fraca
0;0;0.0;0.0;fraca
0;0;0.0;0.0;fraca
0;0;0.0;0.0;fraca
1;0;0.0;0.0;fraca
0;0;0.0;0.0;fraca
0;0;0.0;0.2;fraca
0;0;0.0;0.0;fraca
0;0;0.0;0.0;fraca
0;0;0.0;0.0;fraca
0;0;0.2;0.2;fraca
0;0;0.0;0.0;fraca
1;0;0.2;0.0;fraca
0;0;0.0;0.0;fraca
0;0;0.0;0.0;fraca
0;0;0.0;0.0;fraca
1;0;0.0;0.0;fraca
0;0;0.0;0.0;fraca
0;0;0.0;0.0;fraca
3;0;0.0;0.0;fraca
1;0;0.0;0.0;fraca
0;0;0.0;0.0;fraca
2;0;0.0;0.0;fraca
1;0;0.0;0.0;fraca
0;0;0.0;0.0;fraca
1;0;0.0;0.0;fraca
0;0;0.0;0.0;fraca
0;0;0.0;0.0;fraca
0;0;0.0;0.0;fraca
0;0;0.0;0.0;fraca
2;0;0.0;0.0;fraca
20;0;0.0;0.0;fraca
2;0;0.0;0.0;fraca
0;0;0.0;0.0;fraca
0;0;0.0;0.0;fraca
0;0;0.2;0.0;fraca
22;0;0.0;0.0;fraca
1;0;0.0;0.0;fraca
0;0;0.0;0.0;fraca
1;0;0.0;0.2;fraca
