tweets;related;rainfall (mm/30min);Next batch rainfall (mm/30min);Next batch rainfall class
0;0;0.0;0.0;fraca
1;0;0.0;0.0;fraca
2;0;0.0;0.0;fraca
5;0;0.0;0.0;fraca
0;0;0.0;0.0;fraca
2;0;0.0;0.0;fraca
0;0;0.0;0.0;fraca
0;0;0.0;0.0;fraca
0;0;0.0;0.0;fraca
0;0;0.0;0.0;fraca
0;0;1.97;1.77;fraca
0;0;0.2;0.2;fraca
0;0;0.0;0.0;fraca
0;0;0.0;0.0;fraca
5;0;0.0;0.0;fraca
1;0;0.0;0.0;fraca
4;0;0.0;0.0;fraca
14;0;0.0;0.0;fraca
0;0;0.0;0.39;fraca
1;0;0.0;0.0;fraca
1;0;0.4;0.0;fraca
0;0;0.0;5.91;moderada
1;0;0.0;0.0;fraca
0;0;0.0;0.0;fraca
5;0;0.0;0.0;fraca
0;0;0.0;0.0;fraca
5;0;0.0;0.0;fraca
0;0;0.0;0.0;fraca
0;0;0.0;0.0;fraca
2;0;0.0;0.0;fraca
1;0;0.0;0.2;fraca
2;0;0.0;0.0;fraca
0;0;0.0;0.0;fraca
1;0;0.0;0.0;fraca
0;0;0.0;0.0;fraca
0;0;0.0;0.0;fraca
0;0;0.0;0.0;fraca
16;0;0.0;0.0;fraca
2;0;0.0;0.0;fraca
3;0;0.0;0.0;fraca
0;0;0.0;0.0;fraca
3;0;0.0;0.0;fraca
1;0;0.0;0.0;fraca
3;0;0.0;0.0;fraca
0;0;0.0;0.0;fraca
1;0;0.0;0.0;fraca
0;0;0.39;1.77;fraca
1;0;0.0;0.0;fraca
14;0;0.0;0.0;fraca
6;0;0.0;0.0;fraca
1;0;0.0;0.0;fraca
3;0;0.0;0.0;fraca
0;0;0.0;0.0;fraca
1;0;0.0;0.0;fraca
1;0;0.39;0.0;fraca
0;0;0.0;0.0;fraca
1;0;0.0;0.0;fraca
2;0;0.0;0.0;fraca
1;0;0.0;0.0;fraca
1;0;0.0;0.0;fraca
0;0;0.0;0.0;fraca
8;0;0.0;0.0;fraca
4;0;1.18;0.4;fraca
0;0;0.0;0.0;fraca
1;0;0.0;0.0;fraca
2;0;0.0;0.0;fraca
5;0;0.0;0.0;fraca
1;0;0.0;0.2;fraca
0;0;0.0;0.0;fraca
0;0;0.0;0.0;fraca
2;0;0.0;0.0;fraca
0;0;0.0;0.4;fraca
5;0;0.0;0.0;fraca
0;0;0.0;0.0;fraca
0;0;0.0;0.0;fraca
1;0;0.0;0.4;fraca
1;0;0.0;0.0;fraca
0;0;0.0;0.0;fraca
1;0;0.0;0.0;fraca
5;0;0.2;1.58;fraca
0;0;0.0;0.0;fraca
1;0;0.0;0.0;fraca
3;0;0.0;0.0;fraca
0;0;0.0;0.0;fraca
0;0;0.0;0.0;fraca
0;0;0.0;0.0;fraca
2;0;0.0;0.0;fraca
2;0;0.0;0.0;fraca
0;0;0.0;0.0;fraca
0;0;0.0;0.0;fraca
0;0;0.0;0.0;fraca
1;0;0.0;0.0;fraca
0;0;0.0;0.0;fraca
0;0;0.0;0.0;fraca
3;0;0.0;0.0;fraca
3;0;0.0;0.0;fraca
2;0;0.0;0.0;fraca
4;0;0.0;0.0;fraca
0;0;0.0;0.0;fraca
0;0;0.0;0.0;fraca
0;0;0.0;0.0;fraca
1;0;1.97;1.97;fraca
4;0;0.0;0.0;fraca
0;0;0.0;0.0;fraca
0;0;0.0;0.0;fraca
0;0;0.0;0.0;fraca
2;0;0.0;0.0;fraca
2;0;0.0;0.0;fraca
1;0;0.0;0.0;fraca
0;0;0.0;0.0;fraca
1;0;0.0;0.0;fraca
3;0;0.0;0.0;fraca
1;0;0.0;0.0;fraca
4;0;0.4;0.99;fraca
0;0;0.0;0.0;fraca
0;0;0.0;0.0;fraca
0;0;0.0;0.0;fraca
0;0;0.0;0.0;fraca
0;0;0.0;0.0;fraca
1;0;0.0;0.0;fraca
0;0;0.0;0.0;fraca
1;0;0.0;0.0;fraca
2;0;0.0;0.0;fraca
1;0;0.0;0.0;fraca
1;0;0.0;0.0;fraca
6;0;0.0;0.0;fraca
1;0;0.0;0.0;fraca
19;0;0.0;0.0;fraca
3;0;0.0;0.0;fraca
3;0;0.0;0.0;fraca
2;0;0.6;0.2;fraca
0;0;0.0;0.0;fraca
0;0;0.0;0.0;fraca
4;0;0.0;0.0;fraca
0;0;0.0;0.0;fraca
13;0;0.0;0.0;fraca
3;0;0.0;0.0;fraca
3;0;2.75;0.2;fraca
3;0;0.0;0.0;fraca
1;0;0.0;0.0;fraca
0;0;0.0;0.0;fraca
0;0;0.0;0.0;fraca
1;0;0.0;0.0;fraca
0;0;0.0;0.0;fraca
1;0;0.0;0.0;fraca
1;0;0.0;0.0;fraca
0;0;0.0;0.0;fraca
0;0;0.0;0.0;fraca
4;0;0.0;0.0;fraca
0;0;0.0;0.0;fraca
1;0;0.0;0.59;fraca
0;0;0.2;0.0;fraca
2;0;0.0;0.0;fraca
3;0;0.0;0.0;fraca
1;0;0.0;0.0;fraca
3;0;0.0;0.0;fraca
0;0;0.6;0.2;fraca
0;0;0.0;0.0;fraca
0;0;0.0;0.0;fraca
2;0;0.0;0.0;fraca
1;0;0.0;0.0;fraca
8;0;0.0;1.18;fraca
1;0;0.0;0.0;fraca
9;0;0.0;0.0;fraca
7;0;0.0;0.0;fraca
2;0;0.0;0.0;fraca
0;0;0.0;0.0;fraca
1;0;0.0;0.0;fraca
0;0;0.0;0.0;fraca
1;0;0.0;0.0;fraca
0;0;0.0;0.0;fraca
0;0;0.0;0.0;fraca
0;0;0.0;0.0;fraca
0;0;0.0;0.2;fraca
2;0;0.59;0.4;fraca
2;0;0.0;0.0;fraca
3;0;0.0;0.0;fraca
1;0;0.0;0.0;fraca
4;0;0.0;0.0;fraca
1;0;0.0;0.0;fraca
0;0;0.0;0.0;fraca
0;0;0.0;0.0;fraca
5;0;0.0;0.0;fraca
0;0;0.0;0.0;fraca
2;0;0.0;0.0;fraca
2;0;0.0;0.0;fraca
3;0;0.0;0.0;fraca
3;0;0.0;0.0;fraca
6;0;0.0;0.0;fraca
0;0;0.0;0.0;fraca
0;0;0.0;0.0;fraca
0;0;0.6;0.0;fraca
3;0;0.0;0.0;fraca
3;0;0.0;0.0;fraca
0;0;0.0;0.2;fraca
4;0;0.0;0.0;fraca
1;0;0.2;0.39;fraca
0;0;0.0;0.0;fraca
0;0;0.0;0.0;fraca
7;0;0.0;0.0;fraca
3;0;0.0;0.0;fraca
1;0;0.0;0.4;fraca
1;0;0.0;0.0;fraca
9;0;0.0;0.0;fraca
1;0;0.0;0.0;fraca
2;0;0.0;0.0;fraca
0;0;0.0;0.0;fraca
4;0;0.0;0.0;fraca
0;0;0.0;0.0;fraca
2;0;0.2;0.0;fraca
0;0;0.0;0.0;fraca
1;0;0.0;0.0;fraca
2;0;0.0;0.0;fraca
8;0;0.0;0.0;fraca
3;0;0.0;0.0;fraca
5;0;0.0;0.0;fraca
3;0;0.0;0.0;fraca
3;0;0.0;0.0;fraca
0;0;0.0;0.0;fraca
2;0;0.0;0.0;fraca
2;0;0.0;0.0;fraca
2;0;0.0;0.0;fraca
3;0;0.0;0.0;fraca
3;0;0.0;0.39;fraca
0;0;0.0;0.0;fraca
1;0;0.0;0.0;fraca
2;0;0.2;0.2;fraca
0;0;0.0;0.0;fraca
0;0;0.0;0.0;fraca
0;0;0.0;0.0;fraca
1;0;0.0;0.0;fraca
1;0;0.0;0.0;fraca
2;0;0.0;0.0;fraca
1;0;0.0;0.0;fraca
0;0;0.0;0.0;fraca
1;0;0.0;0.0;fraca
1;0;0.0;0.0;fraca
4;0;0.0;0.0;fraca
2;0;0.0;0.0;fraca
0;0;0.0;0.0;fraca
0;0;0.0;0.0;fraca
3;0;0.2;0.0;fraca
0;0;0.0;0.0;fraca
1;0;0.0;0.0;fraca
4;0;0.0;0.0;fraca
0;0;0.0;0.0;fraca
3;0;0.0;0.0;fraca
0;0;0.0;0.0;fraca
4;0;0.0;0.0;fraca
2;0;0.0;0.0;fraca
0;0;0.0;0.0;fraca
1;0;0.2;0.2;fraca
0;0;0.0;0.0;fraca
2;0;0.0;0.0;fraca
1;0;0.0;0.0;fraca
2;0;0.0;0.0;fraca
0;0;0.0;0.0;fraca
4;0;0.0;0.0;fraca
0;0;0.0;0.0;fraca
2;0;0.0;0.0;fraca
0;0;0.0;0.0;fraca
3;0;0.0;0.0;fraca
1;0;0.0;0.0;fraca
0;0;0.0;0.0;fraca
0;0;0.0;0.0;fraca
0;0;0.0;0.0;fraca
0;0;0.0;0.0;fraca
2;0;0.0;0.0;fraca
1;0;0.2;0.0;fraca
1;0;0.0;0.0;fraca
0;0;0.0;0.0;fraca
7;0;1.97;1.97;fraca
0;0;0.0;0.0;fraca
1;0;0.0;0.0;fraca
2;0;0.0;0.0;fraca
2;0;0.0;0.0;fraca
0;0;0.2;0.0;fraca
4;0;0.2;0.2;fraca
1;0;0.0;0.0;fraca
1;0;0.0;0.0;fraca
1;0;0.0;0.0;fraca
2;0;0.0;0.0;fraca
0;0;0.0;0.0;fraca
1;0;0.0;0.0;fraca
1;0;0.0;0.0;fraca
1;0;0.0;0.0;fraca
0;0;0.0;0.0;fraca
2;0;0.0;0.0;fraca
3;0;0.0;0.0;fraca
0;0;0.0;0.0;fraca
0;0;0.0;0.0;fraca
0;0;0.0;0.0;fraca
2;0;0.0;0.0;fraca
5;0;0.0;0.0;fraca
2;0;0.0;0.0;fraca
0;0;0.0;0.0;fraca
1;0;0.0;0.0;fraca
10;0;0.0;0.0;fraca
2;0;0.2;0.2;fraca
0;0;0.0;0.0;fraca
1;0;0.0;0.0;fraca
1;0;0.0;0.0;fraca
0;0;0.0;0.0;fraca
2;0;0.0;0.0;fraca
1;0;0.0;0.0;fraca
0;0;0.0;0.0;fraca
1;0;0.0;0.0;fraca
1;0;0.0;0.0;fraca
0;0;0.0;0.0;fraca
5;0;0.0;0.0;fraca
2;0;0.0;0.0;fraca
2;0;0.0;0.0;fraca
0;0;0.59;1.78;fraca
0;0;0.0;0.0;fraca
0;0;0.0;0.0;fraca
1;0;0.4;0.2;fraca
0;0;0.0;0.0;fraca
0;0;0.0;0.0;fraca
1;0;0.0;0.0;fraca
0;0;0.0;0.0;fraca
0;0;0.0;0.0;fraca
0;0;0.0;0.0;fraca
0;0;0.0;0.0;fraca
1;0;0.0;0.0;fraca
0;0;0.0;0.0;fraca
1;0;0.0;0.0;fraca
1;0;0.0;0.0;fraca
4;0;0.0;0.0;fraca
0;0;0.0;0.0;fraca
1;0;0.0;0.2;fraca
3;0;0.0;0.0;fraca
2;0;0.0;0.0;fraca
3;0;0.0;0.0;fraca
0;0;0.59;0.0;fraca
0;0;0.0;0.0;fraca
2;0;0.0;0.0;fraca
2;0;0.0;0.0;fraca
2;0;0.0;0.0;fraca
0;0;0.0;0.0;fraca
0;0;0.0;0.0;fraca
0;0;0.6;0.4;fraca
2;0;1.97;1.97;fraca
5;0;0.0;0.0;fraca
0;0;0.0;0.0;fraca
0;0;0.0;0.0;fraca
4;0;0.0;0.0;fraca
9;0;0.0;0.0;fraca
0;0;0.79;0.0;fraca
11;0;0.0;0.0;fraca
2;0;0.0;0.0;fraca
2;0;0.0;0.0;fraca
0;0;0.0;0.0;fraca
1;0;0.0;0.0;fraca
8;0;0.0;0.0;fraca
2;0;0.0;0.0;fraca
0;0;0.0;0.0;fraca
4;0;0.0;0.0;fraca
2;0;0.0;0.0;fraca
0;0;0.0;0.0;fraca
3;0;0.0;0.0;fraca
0;0;0.0;0.0;fraca
0;0;0.4;0.2;fraca
3;0;0.0;0.0;fraca
0;0;0.0;0.0;fraca
3;0;0.0;0.0;fraca
0;0;0.0;0.0;fraca
2;0;0.0;0.0;fraca
1;0;0.0;0.0;fraca
2;0;0.0;0.0;fraca
0;0;0.0;0.0;fraca
0;0;0.0;0.2;fraca
0;0;0.0;0.0;fraca
2;0;0.4;0.6;fraca
0;0;0.0;0.0;fraca
1;0;0.0;0.0;fraca
1;0;0.39;1.77;fraca
1;0;0.0;0.0;fraca
0;0;0.2;0.0;fraca
0;0;0.0;0.0;fraca
0;0;0.0;0.0;fraca
1;0;0.0;0.0;fraca
4;0;0.0;0.0;fraca
2;0;0.2;0.0;fraca
1;0;0.0;0.0;fraca
3;0;0.0;0.0;fraca
0;0;0.0;0.0;fraca
1;0;0.0;0.0;fraca
0;0;0.0;0.0;fraca
3;0;0.0;0.0;fraca
4;0;0.0;0.59;fraca
6;0;0.0;0.39;fraca
3;0;0.0;0.0;fraca
1;0;0.0;0.0;fraca
1;0;0.0;0.0;fraca
0;0;0.0;0.0;fraca
2;0;0.0;0.0;fraca
0;0;0.0;0.0;fraca
0;0;0.0;0.0;fraca
1;0;0.0;0.0;fraca
1;0;1.97;2.17;fraca
2;0;0.0;0.0;fraca
2;0;0.0;0.0;fraca
0;0;0.0;0.0;fraca
3;0;0.0;0.0;fraca
0;0;0.0;0.0;fraca
0;0;0.0;0.0;fraca
5;0;0.0;0.0;fraca
6;0;0.0;0.0;fraca
3;0;0.0;0.0;fraca
5;0;0.0;0.0;fraca
2;0;0.0;0.0;fraca
1;0;0.0;0.0;fraca
0;0;0.0;0.0;fraca
0;0;0.0;0.0;fraca
1;0;0.0;0.0;fraca
1;0;0.2;0.0;fraca
2;0;0.0;0.0;fraca
0;0;0.0;0.0;fraca
0;0;0.0;0.0;fraca
1;0;0.0;0.0;fraca
0;0;0.2;0.0;fraca
0;0;0.0;0.0;fraca
1;0;0.0;0.0;fraca
1;0;0.0;0.79;fraca
2;0;0.0;0.0;fraca
1;0;0.0;0.0;fraca
0;0;2.95;2.16;fraca
0;0;0.0;0.0;fraca
3;0;0.0;0.0;fraca
3;0;0.0;0.0;fraca
2;0;0.0;0.0;fraca
6;0;0.0;0.0;fraca
0;0;0.0;0.0;fraca
0;0;0.0;0.0;fraca
8;0;0.0;0.0;fraca
1;0;0.2;0.59;fraca
2;0;0.0;0.0;fraca
4;0;0.0;0.0;fraca
0;0;0.0;0.0;fraca
0;0;0.0;0.0;fraca
9;0;0.0;0.0;fraca
1;0;0.79;0.0;fraca
1;0;0.0;0.0;fraca
0;0;0.0;0.0;fraca
0;0;0.0;0.0;fraca
0;0;0.4;0.0;fraca
1;0;0.0;0.0;fraca
0;0;0.0;0.0;fraca
2;0;0.0;0.0;fraca
0;0;0.0;0.0;fraca
2;0;0.0;0.0;fraca
0;0;0.0;0.0;fraca
0;0;0.0;0.0;fraca
2;0;0.0;0.0;fraca
0;0;0.0;0.0;fraca
2;0;0.0;0.0;fraca
0;0;0.0;0.0;fraca
5;0;0.0;0.0;fraca
1;0;0.0;0.0;fraca
1;0;0.0;0.0;fraca
0;0;0.0;0.0;fraca
0;0;0.0;0.0;fraca
1;0;0.0;0.0;fraca
0;0;0.79;0.2;fraca
2;0;0.0;0.0;fraca
3;0;0.0;0.0;fraca
2;0;0.0;0.0;fraca
0;0;0.0;0.0;fraca
0;0;0.0;0.0;fraca
1;0;0.0;0.0;fraca
1;0;0.0;0.0;fraca
0;0;0.4;0.0;fraca
0;0;0.0;0.0;fraca
2;0;0.0;0.0;fraca
0;0;0.0;0.0;fraca
2;0;0.0;0.0;fraca
0;0;0.0;0.0;fraca
2;0;0.2;0.2;fraca
0;0;0.0;0.0;fraca
3;0;0.0;0.0;fraca
3;0;0.0;0.0;fraca
1;0;0.59;0.2;fraca
2;0;0.0;0.0;fraca
0;0;0.0;0.0;fraca
3;0;0.0;0.0;fraca
0;0;0.0;0.0;fraca
0;0;0.0;0.0;fraca
4;0;0.0;0.0;fraca
1;0;0.0;0.0;fraca
0;0;0.0;0.0;fraca
1;0;0.0;0.0;fraca
1;0;0.2;1.17;fraca
1;0;0.0;0.0;fraca
3;0;0.0;0.0;fraca
0;0;0.0;0.0;fraca
0;0;0.0;0.0;fraca
0;0;0.0;0.0;fraca
1;0;1.58;0.6;fraca
0;0;0.0;0.0;fraca
1;0;0.0;0.0;fraca
6;0;0.0;0.0;fraca
4;0;0.0;0.0;fraca
3;1;1.37;1.77;fraca
0;0;0.0;0.0;fraca
5;0;0.0;0.0;fraca
1;0;0.0;0.0;fraca
0;0;0.0;0.0;fraca
1;0;0.0;0.0;fraca
1;0;0.0;0.0;fraca
0;0;0.0;0.0;fraca
1;0;0.0;0.0;fraca
5;0;0.0;0.0;fraca
0;0;0.0;0.0;fraca
0;0;0.0;0.98;fraca
2;0;0.0;0.0;fraca
2;0;0.0;0.0;fraca
2;0;0.0;0.0;fraca
1;0;0.0;0.0;fraca
0;0;0.0;0.0;fraca
2;0;0.0;1.58;fraca
2;0;0.0;0.0;fraca
1;0;0.0;0.0;fraca
3;0;0.0;0.0;fraca
2;0;0.0;0.0;fraca
2;0;0.0;0.0;fraca
3;0;0.0;0.0;fraca
3;0;0.0;0.0;fraca
8;0;0.0;0.0;fraca
0;0;0.0;0.0;fraca
8;0;0.0;0.0;fraca
0;0;0.0;0.0;fraca
2;0;0.0;0.0;fraca
1;0;0.0;0.0;fraca
0;0;0.0;0.0;fraca
6;0;0.0;0.0;fraca
3;0;0.0;0.0;fraca
1;0;0.0;0.0;fraca
0;0;0.0;0.0;fraca
1;0;0.0;0.0;fraca
1;0;0.0;0.0;fraca
9;0;0.0;0.0;fraca
2;0;0.0;0.0;fraca
2;0;0.0;0.0;fraca
0;0;0.0;0.0;fraca
0;0;0.0;0.0;fraca
0;0;3.93;1.57;fraca
6;0;0.0;0.0;fraca
2;0;0.0;0.0;fraca
0;0;0.0;0.0;fraca
2;0;0.0;0.0;fraca
2;0;0.0;0.0;fraca
1;0;0.0;0.0;fraca
0;0;0.0;0.0;fraca
2;0;0.0;0.0;fraca
0;0;0.0;0.0;fraca
0;0;0.0;0.0;fraca
0;0;0.0;0.0;fraca
1;0;0.0;0.0;fraca
2;0;0.0;0.0;fraca
0;0;0.0;0.0;fraca
7;0;0.2;0.6;fraca
10;0;0.0;0.0;fraca
0;0;0.0;0.0;fraca
1;0;0.0;0.0;fraca
2;0;0.0;0.2;fraca
4;0;0.0;0.0;fraca
3;0;0.0;0.0;fraca
4;0;0.0;0.0;fraca
0;0;0.4;0.0;fraca
0;0;0.0;0.2;fraca
1;0;0.0;0.0;fraca
0;0;0.0;0.0;fraca
3;0;0.0;0.0;fraca
1;0;0.0;0.0;fraca
0;0;0.0;0.0;fraca
3;0;0.0;0.0;fraca
1;0;0.2;0.59;fraca
2;0;0.0;0.0;fraca
0;0;0.0;0.0;fraca
0;0;0.0;0.0;fraca
4;0;0.0;0.0;fraca
0;0;0.4;0.4;fraca
5;0;0.0;0.0;fraca
0;0;0.0;0.0;fraca
0;0;0.0;0.0;fraca
0;0;0.0;0.0;fraca
2;0;0.0;0.0;fraca
0;0;0.0;0.0;fraca
0;0;0.0;0.0;fraca
4;0;0.0;0.0;fraca
0;0;0.0;0.0;fraca
0;0;0.0;0.0;fraca
2;0;0.0;0.0;fraca
2;0;0.0;0.0;fraca
1;0;0.0;0.0;fraca
0;0;0.0;0.0;fraca
1;0;0.0;0.0;fraca
0;0;0.0;0.0;fraca
0;0;0.0;0.0;fraca
3;0;0.0;0.0;fraca
5;0;0.0;0.0;fraca
0;0;0.0;0.0;fraca
5;0;0.0;0.0;fraca
2;0;0.0;0.0;fraca
2;0;0.0;0.0;fraca
0;0;0.2;0.0;fraca
1;0;0.4;0.4;fraca
1;0;0.2;0.0;fraca
2;0;0.0;0.0;fraca
5;0;0.39;0.39;fraca
1;0;0.0;0.0;fraca
0;0;0.0;0.0;fraca
1;0;0.0;0.0;fraca
1;0;0.0;0.0;fraca
1;0;0.0;0.0;fraca
0;0;0.0;0.0;fraca
2;0;0.0;0.0;fraca
2;0;0.0;0.0;fraca
4;0;0.0;0.0;fraca
1;0;0.0;0.0;fraca
0;0;0.0;0.0;fraca
9;0;0.0;0.0;fraca
0;0;0.0;0.0;fraca
6;0;0.0;0.0;fraca
1;0;0.4;0.4;fraca
1;0;0.0;0.0;fraca
0;0;0.0;0.0;fraca
0;0;0.0;0.0;fraca
0;0;0.0;0.2;fraca
5;0;0.0;0.0;fraca
2;0;0.0;0.0;fraca
0;0;0.0;0.0;fraca
1;0;0.0;0.0;fraca
0;0;0.0;0.0;fraca
1;0;0.0;0.0;fraca
0;0;0.0;0.0;fraca
1;0;0.0;0.2;fraca
2;0;0.0;0.0;fraca
1;0;0.0;0.0;fraca
1;0;0.0;0.0;fraca
3;0;0.0;0.0;fraca
0;0;0.0;0.0;fraca
0;0;0.0;0.0;fraca
2;0;0.0;0.0;fraca
1;0;0.0;0.0;fraca
0;0;0.0;0.0;fraca
1;0;0.0;0.0;fraca
7;0;0.59;0.2;fraca
5;0;0.0;0.0;fraca
0;0;0.0;0.0;fraca
0;0;0.0;0.0;fraca
1;0;0.0;0.0;fraca
1;0;0.0;0.0;fraca
0;0;0.0;0.0;fraca
2;0;0.0;0.0;fraca
3;0;0.0;0.0;fraca
3;0;0.0;0.0;fraca
8;0;1.77;1.97;fraca
2;0;0.0;0.0;fraca
5;0;0.0;0.0;fraca
1;0;0.0;0.0;fraca
2;0;0.0;0.0;fraca
3;0;0.0;0.0;fraca
0;0;0.0;0.0;fraca
0;0;25.1;33.74;muito forte
1;0;0.0;0.0;fraca
2;0;0.0;0.0;fraca
1;0;0.0;0.0;fraca
1;0;0.0;0.0;fraca
0;0;0.2;0.0;fraca
4;0;0.0;0.0;fraca
1;0;0.0;0.0;fraca
2;0;0.0;0.0;fraca
0;0;0.0;0.0;fraca
0;0;0.0;0.0;fraca
3;0;0.0;0.0;fraca
2;0;0.0;0.0;fraca
2;0;0.0;0.0;fraca
2;0;0.2;0.0;fraca
1;0;0.0;0.0;fraca
0;0;0.0;0.0;fraca
0;0;2.75;3.93;moderada
1;0;0.0;0.0;fraca
0;0;0.0;0.0;fraca
0;0;0.0;0.0;fraca
3;0;0.0;0.0;fraca
1;0;1.57;1.17;fraca
2;0;0.0;0.0;fraca
4;0;0.0;0.0;fraca
0;0;0.0;0.0;fraca
1;0;0.0;0.0;fraca
0;0;0.0;0.0;fraca
9;0;0.0;0.0;fraca
2;0;0.0;0.0;fraca
0;0;0.0;0.0;fraca
0;0;0.0;0.0;fraca
0;0;0.0;0.0;fraca
16;0;0.0;0.0;fraca
1;0;0.0;0.0;fraca
3;0;0.0;0.0;fraca
0;0;0.0;0.0;fraca
0;0;0.0;0.39;fraca
5;0;0.0;0.0;fraca
2;0;0.0;0.0;fraca
2;0;0.0;0.0;fraca
0;0;0.0;0.0;fraca
0;0;0.0;0.0;fraca
1;0;0.0;0.0;fraca
0;0;0.0;0.0;fraca
0;0;0.0;0.0;fraca
1;0;0.0;0.0;fraca
2;0;0.0;0.0;fraca
2;0;33.74;6.12;moderada
1;0;0.0;0.0;fraca
2;0;0.0;0.0;fraca
18;0;0.0;0.0;fraca
2;0;0.0;0.0;fraca
5;0;0.0;0.0;fraca
2;0;0.0;0.0;fraca
0;0;0.0;0.0;fraca
2;0;0.0;0.0;fraca
0;0;0.0;0.0;fraca
5;0;0.0;0.0;fraca
0;0;4.51;3.15;moderada
2;0;0.0;0.0;fraca
2;0;0.0;0.0;fraca
1;0;0.0;0.0;fraca
3;0;0.0;0.0;fraca
5;0;0.0;0.0;fraca
2;0;0.0;0.0;fraca
2;0;0.0;0.0;fraca
0;0;0.0;0.0;fraca
0;0;0.0;0.0;fraca
2;0;0.0;0.0;fraca
0;0;0.0;0.0;fraca
1;0;0.0;0.2;fraca
7;0;0.0;0.0;fraca
1;0;0.0;25.1;muito forte
3;0;0.0;0.0;fraca
6;0;2.16;1.18;fraca
2;0;0.0;0.0;fraca
1;0;0.0;0.0;fraca
2;0;0.0;0.0;fraca
8;0;0.78;1.37;fraca
3;0;0.0;0.0;fraca
1;0;0.0;0.0;fraca
1;0;0.0;0.0;fraca
0;0;0.0;0.0;fraca
3;0;5.91;1.77;fraca
4;0;0.0;0.0;fraca
0;0;0.0;0.0;fraca
2;0;0.0;0.0;fraca
0;0;0.0;0.0;fraca
0;0;0.0;0.0;fraca
1;0;0.0;0.0;fraca
1;0;0.0;0.0;fraca
1;0;0.0;0.0;fraca
2;0;0.0;0.0;fraca
0;0;0.0;0.0;fraca
3;0;0.0;0.0;fraca
1;0;0.0;0.0;fraca
7;0;0.0;0.0;fraca
1;0;0.0;0.0;fraca
3;0;0.0;0.0;fraca
0;0;0.0;0.0;fraca
4;0;0.0;0.0;fraca
3;0;0.0;0.0;fraca
1;0;0.0;0.0;fraca
2;0;0.0;0.0;fraca
0;0;0.0;0.0;fraca
0;0;0.0;0.0;fraca
1;0;0.0;0.0;fraca
0;0;0.0;0.0;fraca
0;0;0.0;0.2;fraca
2;0;0.0;0.0;fraca
3;0;0.0;0.0;fraca
1;0;0.0;0.0;fraca
0;0;0.2;0.0;fraca
2;0;0.0;0.0;fraca
3;0;0.0;0.0;fraca
1;0;0.0;0.0;fraca
0;0;0.0;0.0;fraca
0;0;0.0;0.0;fraca
6;0;0.0;0.0;fraca
4;0;0.0;0.0;fraca
4;0;0.0;0.0;fraca
1;0;0.0;0.0;fraca
1;0;0.2;0.0;fraca
0;0;0.0;0.98;fraca
2;0;0.2;0.2;fraca
0;0;0.0;0.0;fraca
0;0;0.0;0.0;fraca
1;0;0.0;0.0;fraca
0;0;0.0;0.0;fraca
2;0;0.0;0.0;fraca
3;0;0.0;0.0;fraca
1;0;0.0;0.0;fraca
2;0;0.0;0.0;fraca
4;0;0.59;1.97;fraca
1;0;0.0;0.0;fraca
1;0;0.0;0.0;fraca
1;0;0.0;0.0;fraca
0;0;0.0;0.0;fraca
0;0;0.0;0.0;fraca
2;0;0.0;0.0;fraca
0;0;0.0;0.0;fraca
2;0;0.0;0.0;fraca
0;0;0.0;0.0;fraca
0;0;0.0;0.0;fraca
1;0;3.73;0.4;fraca
1;0;0.2;0.0;fraca
0;0;0.2;0.0;fraca
1;0;0.0;0.0;fraca
2;0;0.0;0.0;fraca
2;0;0.0;0.0;fraca
3;0;0.0;0.0;fraca
2;0;0.0;0.0;fraca
0;0;0.0;0.0;fraca
0;0;0.0;0.0;fraca
0;0;0.0;0.0;fraca
2;0;1.38;2.16;fraca
2;0;0.0;0.0;fraca
1;0;0.0;0.0;fraca
2;0;0.0;0.0;fraca
0;0;0.0;0.0;fraca
4;0;0.0;0.0;fraca
0;0;0.0;0.0;fraca
0;0;0.6;0.2;fraca
0;0;0.0;0.0;fraca
0;0;0.0;0.0;fraca
0;0;0.0;0.0;fraca
0;0;0.0;0.0;fraca
0;0;0.0;0.0;fraca
1;0;0.0;0.0;fraca
1;0;0.0;0.0;fraca
0;0;0.0;0.0;fraca
0;0;0.0;0.0;fraca
1;0;0.0;0.0;fraca
1;0;0.2;0.0;fraca
2;0;0.98;0.2;fraca
3;0;0.0;0.0;fraca
0;0;1.57;0.6;fraca
1;0;0.0;0.0;fraca
1;0;0.0;0.0;fraca
2;0;0.2;0.2;fraca
0;0;0.0;0.0;fraca
0;0;0.0;0.0;fraca
1;0;0.39;0.0;fraca
0;0;0.0;0.0;fraca
3;0;0.0;0.0;fraca
3;0;0.0;0.0;fraca
0;0;0.0;0.0;fraca
0;0;2.36;2.75;moderada
3;0;0.0;0.0;fraca
0;0;0.0;0.0;fraca
0;0;0.0;0.0;fraca
8;0;3.93;2.75;moderada
1;0;0.0;0.0;fraca
0;0;0.2;0.0;fraca
1;0;0.0;0.0;fraca
1;0;0.0;0.0;fraca
4;0;0.0;0.0;fraca
0;0;0.0;0.0;fraca
0;0;0.0;0.0;fraca
0;0;0.0;1.77;fraca
0;0;0.0;0.0;fraca
0;0;0.0;0.0;fraca
2;0;0.0;0.0;fraca
0;0;0.0;0.0;fraca
2;0;0.0;0.0;fraca
1;0;1.37;2.95;moderada
0;0;0.0;0.0;fraca
2;0;0.0;0.0;fraca
3;0;0.0;0.0;fraca
0;0;0.2;0.59;fraca
1;0;0.0;0.0;fraca
0;0;0.0;0.0;fraca
1;0;0.0;0.0;fraca
0;0;0.0;0.0;fraca
2;0;0.0;0.0;fraca
0;0;0.0;0.0;fraca
0;0;0.0;0.0;fraca
1;0;0.0;0.0;fraca
2;0;0.0;0.0;fraca
3;0;0.0;0.0;fraca
9;0;0.0;0.0;fraca
0;0;0.0;0.0;fraca
0;0;0.0;0.0;fraca
0;0;0.0;0.0;fraca
2;0;0.0;0.0;fraca
2;0;0.0;0.0;fraca
2;0;0.0;0.0;fraca
2;0;0.0;0.0;fraca
1;0;2.36;1.57;fraca
0;0;0.0;0.0;fraca
1;0;0.0;0.0;fraca
0;0;0.0;0.0;fraca
1;0;0.0;0.0;fraca
6;0;0.0;0.0;fraca
1;0;0.0;0.0;fraca
0;0;0.0;0.0;fraca
0;0;0.0;0.0;fraca
0;0;0.0;0.0;fraca
8;0;0.0;0.0;fraca
2;0;0.0;0.0;fraca
6;0;0.0;0.0;fraca
0;0;0.2;0.2;fraca
1;0;0.0;0.0;fraca
1;0;0.0;0.0;fraca
0;0;0.0;0.0;fraca
3;0;0.0;0.0;fraca
3;0;0.0;0.0;fraca
0;0;0.0;0.0;fraca
3;0;0.0;0.0;fraca
0;0;0.0;0.0;fraca
3;0;0.0;0.0;fraca
2;0;0.79;0.4;fraca
0;0;0.0;0.0;fraca
1;0;0.0;0.0;fraca
0;0;1.57;0.4;fraca
1;0;0.0;0.0;fraca
2;0;0.0;0.0;fraca
2;0;0.4;0.0;fraca
0;0;0.0;0.0;fraca
3;0;0.0;0.0;fraca
5;0;0.0;0.0;fraca
1;0;0.0;0.0;fraca
5;0;0.0;0.0;fraca
2;0;0.0;0.0;fraca
1;0;1.38;0.0;fraca
0;0;0.0;0.0;fraca
2;0;0.0;0.0;fraca
0;0;0.4;0.4;fraca
1;0;0.0;0.0;fraca
5;0;0.0;0.0;fraca
1;0;0.0;0.0;fraca
0;0;0.0;0.0;fraca
4;0;0.0;0.0;fraca
3;0;0.0;0.0;fraca
2;0;0.0;0.0;fraca
3;0;0.0;0.0;fraca
2;0;0.0;0.0;fraca
2;0;0.0;0.0;fraca
0;0;2.16;0.2;fraca
2;0;0.0;0.0;fraca
1;0;0.0;0.0;fraca
0;0;0.0;0.0;fraca
1;0;0.0;0.0;fraca
5;0;0.0;0.0;fraca
0;0;0.39;0.2;fraca
2;0;0.0;0.0;fraca
0;0;0.0;0.0;fraca
0;0;0.0;0.0;fraca
2;0;0.0;0.0;fraca
0;0;0.0;0.4;fraca
1;0;0.0;0.0;fraca
0;0;0.0;0.0;fraca
1;0;0.0;0.0;fraca
1;0;0.0;0.0;fraca
3;0;0.0;0.0;fraca
11;0;0.0;0.0;fraca
7;0;0.0;0.0;fraca
1;0;0.0;0.0;fraca
1;0;0.0;0.0;fraca
1;0;0.0;0.0;fraca
0;0;0.0;0.0;fraca
1;0;0.0;0.0;fraca
4;0;0.0;0.0;fraca
0;0;0.0;0.0;fraca
0;0;0.0;0.0;fraca
0;0;0.0;0.0;fraca
3;0;0.0;0.0;fraca
0;0;0.0;0.0;fraca
1;0;0.0;0.0;fraca
1;0;0.0;0.0;fraca
0;0;0.0;0.0;fraca
19;0;0.0;0.0;fraca
0;0;0.0;0.0;fraca
6;0;0.0;0.0;fraca
1;0;0.0;0.0;fraca
0;0;0.0;0.0;fraca
2;0;0.0;0.0;fraca
0;0;0.0;0.0;fraca
0;0;0.2;0.2;fraca
0;0;0.0;0.0;fraca
3;0;0.0;0.0;fraca
5;0;0.0;0.0;fraca
4;0;0.0;0.0;fraca
0;0;0.0;0.0;fraca
2;0;0.0;0.0;fraca
0;0;0.0;0.0;fraca
0;0;0.0;0.0;fraca
2;0;0.0;0.0;fraca
0;0;0.0;0.0;fraca
0;0;0.0;0.0;fraca
3;0;0.0;0.0;fraca
3;0;0.0;0.0;fraca
0;0;0.0;0.0;fraca
2;0;0.0;0.0;fraca
0;0;0.99;1.57;fraca
0;0;0.0;0.0;fraca
0;0;0.0;0.0;fraca
0;0;0.0;0.0;fraca
2;0;0.0;0.0;fraca
12;0;0.0;0.0;fraca
2;0;0.0;0.0;fraca
2;0;0.0;0.0;fraca
2;0;0.0;0.0;fraca
1;0;0.0;0.0;fraca
3;0;0.0;0.0;fraca
3;0;0.0;0.0;fraca
0;0;0.0;0.0;fraca
2;0;0.0;0.0;fraca
2;0;0.0;0.0;fraca
3;0;0.0;0.0;fraca
1;0;0.0;0.0;fraca
3;0;0.0;0.0;fraca
5;0;0.0;0.0;fraca
0;0;0.0;0.0;fraca
0;0;0.0;0.0;fraca
1;0;0.0;0.0;fraca
0;0;0.0;0.0;fraca
1;0;0.0;0.0;fraca
4;0;0.0;0.0;fraca
0;0;0.0;0.0;fraca
5;0;0.0;0.0;fraca
0;0;0.0;0.0;fraca
0;0;0.0;0.0;fraca
0;0;0.0;0.0;fraca
4;0;0.0;0.0;fraca
3;0;0.0;0.0;fraca
2;0;0.0;0.0;fraca
0;0;0.0;0.0;fraca
0;0;0.0;0.0;fraca
19;0;1.97;1.97;fraca
0;0;0.0;0.0;fraca
6;0;0.0;0.0;fraca
0;0;0.0;0.0;fraca
1;0;0.0;0.0;fraca
0;0;0.0;0.2;fraca
3;0;0.0;0.0;fraca
3;0;0.0;0.2;fraca
0;0;0.0;0.0;fraca
1;0;0.0;0.0;fraca
1;0;0.0;0.0;fraca
1;0;0.0;0.0;fraca
3;0;0.0;0.59;fraca
0;0;0.0;0.0;fraca
0;0;0.0;0.0;fraca
0;0;0.0;0.0;fraca
0;0;0.0;0.0;fraca
2;0;1.77;1.37;fraca
1;0;2.75;0.0;fraca
4;0;0.6;0.2;fraca
0;0;0.0;0.4;fraca
1;0;0.0;0.0;fraca
3;0;0.0;0.0;fraca
0;0;0.2;0.0;fraca
2;0;0.98;0.6;fraca
5;0;0.0;0.0;fraca
2;0;0.0;0.0;fraca
2;0;0.0;0.0;fraca
0;0;0.0;0.0;fraca
1;0;0.0;0.0;fraca
1;0;0.0;0.0;fraca
0;0;0.0;0.0;fraca
0;0;0.0;0.0;fraca
1;0;0.0;0.0;fraca
2;0;0.0;0.0;fraca
6;0;0.0;0.0;fraca
0;0;0.0;0.0;fraca
2;0;0.0;0.0;fraca
3;0;0.0;0.0;fraca
0;0;0.0;0.0;fraca
0;0;0.0;0.0;fraca
3;0;0.0;0.0;fraca
4;0;0.0;0.0;fraca
0;0;0.0;0.0;fraca
0;0;0.0;0.0;fraca
4;0;0.0;0.0;fraca
1;0;0.2;0.2;fraca
3;0;0.0;0.0;fraca
0;0;0.0;0.0;fraca
0;0;0.0;0.0;fraca
0;0;0.0;0.0;fraca
1;0;0.0;0.0;fraca
0;0;0.0;0.0;fraca
1;0;0.0;0.2;fraca
0;0;0.0;0.0;fraca
1;0;0.98;0.79;fraca
1;0;0.0;0.0;fraca
1;0;0.0;0.0;fraca
3;0;0.0;0.0;fraca
10;0;0.39;12.43;moderada
0;0;0.0;0.0;fraca
0;0;1.77;1.77;fraca
1;0;0.4;0.0;fraca
0;0;0.0;0.0;fraca
2;0;0.0;0.0;fraca
0;0;0.0;0.0;fraca
0;0;0.0;0.0;fraca
5;0;0.0;0.0;fraca
0;0;0.0;0.0;fraca
0;0;0.0;0.0;fraca
2;0;0.0;0.0;fraca
0;0;1.78;0.6;fraca
2;0;0.0;0.0;fraca
2;0;0.0;0.0;fraca
5;0;0.0;0.0;fraca
2;0;1.17;1.38;fraca
0;0;0.0;0.0;fraca
2;0;0.0;0.0;fraca
1;0;0.0;0.0;fraca
0;0;0.4;0.4;fraca
0;0;0.0;0.0;fraca
2;0;0.0;0.0;fraca
0;0;0.0;0.0;fraca
3;0;0.0;0.0;fraca
0;0;0.0;0.0;fraca
1;0;0.2;0.0;fraca
4;0;0.0;0.0;fraca
5;1;1.18;3.93;moderada
2;0;0.0;0.0;fraca
0;0;0.0;0.0;fraca
0;0;0.0;0.0;fraca
6;0;0.0;0.0;fraca
3;0;0.0;0.0;fraca
0;0;0.6;0.6;fraca
2;0;0.0;0.0;fraca
1;0;0.0;0.0;fraca
0;0;0.0;0.0;fraca
0;0;0.0;0.0;fraca
1;0;0.0;0.0;fraca
0;0;0.0;0.0;fraca
3;0;0.0;0.0;fraca
0;0;0.0;0.0;fraca
0;0;0.0;0.0;fraca
2;0;0.0;0.0;fraca
0;0;0.0;0.0;fraca
2;0;0.0;0.0;fraca
0;0;0.0;0.0;fraca
2;0;0.0;0.0;fraca
1;0;0.2;0.2;fraca
0;0;0.0;0.0;fraca
1;0;0.0;0.0;fraca
0;0;0.0;0.0;fraca
2;0;0.0;0.0;fraca
0;0;0.0;0.0;fraca
0;0;0.0;0.0;fraca
0;0;0.0;0.0;fraca
0;0;0.0;0.0;fraca
0;0;0.0;0.0;fraca
5;0;0.0;0.0;fraca
0;0;0.0;0.0;fraca
2;0;0.0;0.0;fraca
0;0;0.0;0.0;fraca
2;0;0.2;0.0;fraca
3;0;0.0;0.0;fraca
0;0;0.0;0.0;fraca
3;0;0.0;0.0;fraca
4;0;0.0;0.2;fraca
1;0;0.0;0.0;fraca
1;0;0.0;0.0;fraca
2;0;0.0;0.0;fraca
2;0;0.0;0.0;fraca
0;0;0.0;0.0;fraca
3;0;0.0;0.0;fraca
0;0;0.0;0.0;fraca
1;0;0.0;0.0;fraca
0;0;0.0;0.0;fraca
1;0;0.0;0.0;fraca
0;0;0.0;0.0;fraca
1;0;0.2;0.2;fraca
0;0;1.77;0.59;fraca
0;0;0.0;0.0;fraca
5;0;0.0;0.0;fraca
0;0;0.0;0.0;fraca
0;0;0.0;0.0;fraca
2;0;0.0;0.0;fraca
8;0;12.43;0.0;fraca
2;0;0.0;0.0;fraca
0;0;0.0;0.0;fraca
0;0;0.0;0.0;fraca
0;0;0.0;0.0;fraca
0;0;3.15;0.0;fraca
0;0;0.0;0.0;fraca
5;0;0.0;0.0;fraca
6;0;0.0;0.0;fraca
0;0;0.0;0.0;fraca
2;0;0.0;0.0;fraca
2;0;0.0;0.2;fraca
1;0;0.0;0.0;fraca
1;0;1.77;1.77;fraca
3;0;0.0;0.0;fraca
1;0;0.0;0.0;fraca
1;0;6.12;0.2;fraca
1;0;0.0;0.0;fraca
3;0;0.0;0.0;fraca
0;0;0.0;0.0;fraca
0;0;1.77;2.36;fraca
7;0;0.0;0.0;fraca
1;0;0.0;0.0;fraca
2;0;0.0;0.0;fraca
0;0;0.4;0.0;fraca
1;0;0.0;0.0;fraca
3;0;0.0;0.0;fraca
1;0;0.0;0.0;fraca
3;0;0.0;0.0;fraca
2;0;0.2;0.0;fraca
3;0;0.0;0.39;fraca
2;0;0.0;0.0;fraca
7;0;0.0;0.0;fraca
0;0;0.0;0.0;fraca
0;0;0.2;0.0;fraca
1;0;0.0;0.0;fraca
4;0;0.2;0.2;fraca
0;0;0.0;0.0;fraca
2;0;1.77;0.79;fraca
0;0;0.0;0.0;fraca
1;0;0.0;0.0;fraca
6;0;0.0;0.0;fraca
2;0;0.0;0.0;fraca
0;0;0.0;0.0;fraca
0;0;0.0;0.0;fraca
0;0;0.0;0.0;fraca
1;0;0.0;0.0;fraca
3;0;0.0;0.0;fraca
2;0;0.2;0.2;fraca
0;0;0.0;0.0;fraca
0;0;0.0;0.0;fraca
3;0;0.0;0.0;fraca
2;0;0.0;0.2;fraca
1;0;0.0;0.0;fraca
0;0;0.0;0.0;fraca
2;0;0.0;0.0;fraca
0;0;0.0;0.0;fraca
2;0;0.0;0.0;fraca
1;0;0.6;0.78;fraca
0;0;0.0;0.0;fraca
2;0;0.0;0.0;fraca
0;0;0.0;0.0;fraca
1;0;0.0;0.0;fraca
2;0;0.0;0.0;fraca
2;0;0.2;2.75;moderada
3;0;0.0;0.0;fraca
0;0;0.0;0.0;fraca
1;0;0.0;0.2;fraca
3;0;0.0;0.0;fraca
0;0;0.0;0.0;fraca
0;0;0.0;0.0;fraca
1;0;0.0;0.0;fraca
0;0;0.0;0.0;fraca
2;0;0.0;0.0;fraca
0;0;0.0;0.0;fraca
1;0;0.0;0.0;fraca
2;0;0.0;0.0;fraca
0;0;0.0;0.2;fraca
0;0;0.0;0.0;fraca
1;0;0.0;0.0;fraca
0;0;0.0;0.0;fraca
0;0;0.0;0.0;fraca
0;0;0.0;0.0;fraca
2;0;0.0;0.0;fraca
0;0;0.0;0.0;fraca
2;0;0.4;0.79;fraca
2;0;0.0;0.0;fraca
1;0;0.0;0.0;fraca
4;0;0.0;0.0;fraca
1;0;0.0;0.0;fraca
2;0;0.0;0.0;fraca
0;0;0.0;0.0;fraca
0;0;0.0;0.0;fraca
1;0;0.0;0.0;fraca
1;0;0.0;0.0;fraca
2;0;0.0;0.0;fraca
1;0;0.0;0.0;fraca
0;0;0.0;0.2;fraca
1;0;0.0;0.0;fraca
11;0;0.0;0.0;fraca
3;0;0.0;0.0;fraca
1;0;0.0;0.0;fraca
0;0;0.2;0.6;fraca
2;0;0.0;0.0;fraca
1;0;0.0;0.0;fraca
0;0;0.0;0.2;fraca
0;0;0.0;0.0;fraca
3;0;0.0;0.0;fraca
1;0;0.0;0.0;fraca
0;0;0.0;0.0;fraca
0;0;0.59;0.0;fraca
1;0;0.39;3.15;moderada
2;0;0.0;0.0;fraca
4;0;0.2;0.0;fraca
1;0;0.0;0.0;fraca
1;0;0.0;0.0;fraca
0;0;0.0;0.0;fraca
0;0;0.0;0.0;fraca
1;0;0.0;0.0;fraca
0;0;0.0;0.0;fraca
3;0;0.2;0.4;fraca
2;0;0.0;0.0;fraca
1;0;0.2;0.0;fraca
0;0;3.15;1.38;fraca
1;0;0.0;0.0;fraca
1;0;0.0;0.0;fraca
0;0;0.98;0.4;fraca
3;0;0.0;0.0;fraca
0;0;0.0;0.59;fraca
1;0;0.0;0.0;fraca
0;0;0.0;0.0;fraca
1;0;0.0;0.0;fraca
4;0;0.0;0.0;fraca
0;0;0.0;0.0;fraca
1;0;0.0;0.0;fraca
1;0;0.0;0.0;fraca
0;0;1.37;0.39;fraca
2;0;0.0;0.0;fraca
0;0;0.0;0.0;fraca
3;0;0.0;0.0;fraca
0;0;0.4;0.0;fraca
0;0;0.0;0.0;fraca
0;0;0.0;0.0;fraca
0;0;0.0;0.0;fraca
1;0;0.0;0.0;fraca
1;0;0.0;0.0;fraca
0;0;0.0;0.0;fraca
3;0;0.2;0.0;fraca
0;0;0.0;0.0;fraca
1;0;0.0;0.0;fraca
4;0;0.0;0.0;fraca
0;0;0.0;0.0;fraca
1;0;0.2;0.2;fraca
0;0;0.0;0.0;fraca
0;0;0.0;0.0;fraca
1;0;0.0;0.0;fraca
1;0;0.0;0.0;fraca
2;0;0.0;0.0;fraca
1;0;0.0;0.0;fraca
