tweets;related;rainfall (mm/30min);Next batch rainfall (mm/30min);Next batch rainfall class
1;0;0.0;0.0;fraca
0;0;0.0;0.0;fraca
0;0;0.0;0.0;fraca
1;0;0.0;0.0;fraca
0;0;0.0;0.0;fraca
1;0;0.0;0.0;fraca
5;0;0.0;0.0;fraca
1;0;0.0;0.0;fraca
1;0;0.0;0.0;fraca
1;0;0.0;0.0;fraca
0;0;0.0;0.0;fraca
1;0;0.0;0.0;fraca
0;0;0.0;0.0;fraca
0;0;0.0;0.0;fraca
0;0;0.0;0.0;fraca
5;0;0.0;0.0;fraca
0;0;0.0;0.2;fraca
0;0;0.0;0.0;fraca
1;0;0.0;0.0;fraca
0;0;0.2;0.0;fraca
1;0;0.0;0.0;fraca
1;0;0.0;0.0;fraca
3;0;0.0;0.0;fraca
0;0;0.0;0.0;fraca
0;0;0.0;0.0;fraca
1;0;0.0;0.0;fraca
2;0;0.0;0.0;fraca
3;0;0.0;0.0;fraca
0;0;0.0;0.0;fraca
1;0;0.0;0.0;fraca
0;0;0.0;0.0;fraca
0;0;0.0;0.0;fraca
0;0;0.2;0.6;fraca
1;0;0.0;0.0;fraca
0;0;0.0;0.0;fraca
0;0;0.0;0.0;fraca
0;0;0.0;0.0;fraca
0;0;0.0;0.0;fraca
1;0;0.0;0.0;fraca
0;0;0.2;0.0;fraca
0;0;0.0;0.0;fraca
4;0;0.0;0.0;fraca
1;0;0.0;0.0;fraca
1;0;0.0;0.0;fraca
0;0;7.87;6.49;moderada
8;0;0.0;0.0;fraca
0;0;0.4;1.77;fraca
0;0;0.0;0.0;fraca
0;0;0.0;0.0;fraca
0;0;0.6;0.4;fraca
1;0;0.0;0.0;fraca
0;0;0.0;0.0;fraca
3;0;0.0;0.0;fraca
0;0;1.18;0.99;fraca
2;0;0.6;0.98;fraca
2;0;0.0;0.0;fraca
2;0;3.34;0.4;fraca
0;0;0.0;7.07;moderada
1;0;0.0;0.0;fraca
5;0;0.2;0.0;fraca
1;0;0.0;0.0;fraca
0;0;0.0;0.0;fraca
1;0;0.0;0.0;fraca
0;0;0.0;0.0;fraca
1;0;0.0;0.0;fraca
2;0;0.0;0.0;fraca
0;0;0.0;0.2;fraca
1;0;0.0;0.0;fraca
0;0;0.0;0.0;fraca
0;0;0.0;0.0;fraca
0;0;0.0;0.0;fraca
2;0;0.0;0.0;fraca
3;0;0.0;0.0;fraca
0;0;0.0;0.0;fraca
0;0;0.0;0.0;fraca
6;0;0.0;0.0;fraca
0;0;0.0;0.0;fraca
1;0;0.0;0.0;fraca
0;0;0.0;0.0;fraca
0;0;0.0;0.0;fraca
0;0;0.0;0.0;fraca
5;0;0.0;0.0;fraca
0;0;0.0;1.37;fraca
0;0;0.0;0.0;fraca
2;0;0.0;0.0;fraca
9;0;0.0;0.0;fraca
0;0;0.0;0.0;fraca
0;0;0.0;0.0;fraca
1;0;0.0;0.0;fraca
0;0;0.0;0.0;fraca
0;0;0.0;0.0;fraca
0;0;0.0;0.0;fraca
1;0;0.0;0.0;fraca
0;0;0.0;0.0;fraca
0;0;0.0;0.0;fraca
1;0;0.0;0.0;fraca
0;0;0.0;0.0;fraca
0;0;0.0;0.0;fraca
0;0;0.0;0.0;fraca
0;0;0.0;0.0;fraca
1;0;0.0;0.0;fraca
0;0;0.0;0.0;fraca
2;0;0.0;0.0;fraca
0;0;0.0;0.0;fraca
0;0;0.0;0.0;fraca
0;0;0.0;0.0;fraca
0;0;0.0;0.0;fraca
0;0;0.0;0.0;fraca
0;0;0.0;0.0;fraca
2;0;0.0;0.0;fraca
2;0;0.0;0.0;fraca
4;0;0.0;0.0;fraca
0;0;0.0;0.0;fraca
1;0;0.0;0.0;fraca
0;0;0.0;0.0;fraca
0;0;0.0;0.0;fraca
1;0;0.0;0.0;fraca
1;0;0.98;0.2;fraca
0;0;0.0;0.0;fraca
1;0;0.0;0.0;fraca
1;0;0.0;0.0;fraca
0;0;0.0;0.0;fraca
0;0;0.0;0.0;fraca
1;0;0.0;0.0;fraca
0;0;0.0;0.0;fraca
0;0;0.0;0.0;fraca
2;0;0.0;0.0;fraca
0;0;0.0;0.0;fraca
0;0;0.0;0.0;fraca
1;0;0.0;0.0;fraca
0;0;0.0;0.0;fraca
0;0;0.0;0.0;fraca
0;0;0.0;0.0;fraca
0;0;0.0;0.0;fraca
0;0;0.0;0.0;fraca
0;0;0.0;0.0;fraca
0;0;0.0;0.0;fraca
0;0;0.79;0.0;fraca
0;0;0.0;0.0;fraca
0;0;0.0;0.0;fraca
0;0;0.0;0.0;fraca
0;0;0.0;0.0;fraca
3;0;0.0;0.0;fraca
0;0;0.2;0.2;fraca
0;0;0.0;0.0;fraca
2;0;0.0;0.0;fraca
2;0;0.0;0.0;fraca
0;0;0.59;0.4;fraca
0;0;0.0;0.0;fraca
2;0;0.0;0.0;fraca
2;0;0.0;0.0;fraca
0;0;0.0;0.0;fraca
1;0;0.0;0.0;fraca
0;0;0.0;0.0;fraca
0;0;0.0;0.0;fraca
1;0;0.0;0.0;fraca
0;0;0.0;0.0;fraca
1;0;0.4;0.4;fraca
2;0;0.0;0.0;fraca
0;0;0.0;0.0;fraca
0;0;0.0;0.0;fraca
2;0;0.0;0.0;fraca
0;0;0.0;0.0;fraca
0;0;0.0;0.0;fraca
1;0;0.0;0.0;fraca
0;0;0.0;0.0;fraca
1;0;0.0;0.0;fraca
0;0;0.0;0.0;fraca
1;0;0.0;0.0;fraca
0;0;0.0;0.0;fraca
0;0;0.0;0.0;fraca
0;0;0.0;0.0;fraca
1;0;0.0;0.0;fraca
0;0;0.0;0.0;fraca
0;0;0.0;0.0;fraca
0;0;0.0;0.0;fraca
0;0;0.0;0.0;fraca
0;0;2.16;2.56;moderada
0;0;0.0;0.0;fraca
0;0;0.0;0.0;fraca
0;0;0.0;0.0;fraca
0;0;0.0;0.0;fraca
0;0;0.0;0.0;fraca
0;0;0.0;0.0;fraca
0;0;0.0;0.0;fraca
3;0;0.0;0.0;fraca
0;0;0.0;0.0;fraca
0;0;0.0;0.2;fraca
1;0;0.39;0.0;fraca
0;0;0.59;0.2;fraca
0;0;0.0;0.0;fraca
0;0;0.0;0.0;fraca
0;0;0.0;0.0;fraca
0;0;0.0;0.0;fraca
0;0;0.0;0.0;fraca
0;0;0.0;0.0;fraca
0;0;3.34;1.77;fraca
0;0;0.2;0.2;fraca
1;0;0.2;2.76;moderada
0;0;0.0;0.0;fraca
4;0;0.0;0.0;fraca
0;0;0.0;0.0;fraca
0;0;0.0;0.0;fraca
0;0;0.0;0.0;fraca
0;0;0.0;0.0;fraca
0;0;0.0;0.2;fraca
1;0;0.0;0.0;fraca
0;0;0.0;0.0;fraca
0;0;0.0;0.0;fraca
0;0;0.0;0.0;fraca
1;0;0.0;0.0;fraca
0;0;0.0;0.0;fraca
0;0;0.0;0.0;fraca
0;0;0.0;0.0;fraca
2;0;0.0;0.0;fraca
2;0;0.0;0.0;fraca
0;0;0.0;0.0;fraca
1;0;0.0;0.0;fraca
0;0;0.0;0.0;fraca
0;0;0.0;0.0;fraca
2;0;0.0;0.0;fraca
1;0;0.0;0.0;fraca
1;0;0.6;1.37;fraca
3;0;0.0;0.0;fraca
1;0;0.0;0.2;fraca
7;0;0.0;0.0;fraca
0;0;0.0;0.0;fraca
0;0;0.0;0.0;fraca
0;0;0.78;2.16;fraca
1;0;0.0;0.0;fraca
0;0;0.0;0.0;fraca
0;0;0.79;0.79;fraca
1;0;0.0;0.0;fraca
0;0;0.0;0.0;fraca
1;0;0.0;0.0;fraca
1;0;0.0;0.0;fraca
0;0;0.39;0.0;fraca
2;0;0.0;0.0;fraca
0;0;0.0;0.0;fraca
0;0;0.0;0.0;fraca
0;0;0.0;0.0;fraca
1;0;0.0;0.0;fraca
0;0;0.0;0.2;fraca
1;0;0.0;0.0;fraca
0;0;0.0;0.0;fraca
0;0;0.0;0.0;fraca
0;0;0.0;0.0;fraca
0;0;0.0;0.0;fraca
0;0;0.0;0.0;fraca
0;0;0.0;0.0;fraca
2;0;0.79;0.0;fraca
0;0;0.0;0.0;fraca
0;0;0.0;0.0;fraca
0;0;0.0;0.0;fraca
3;0;0.0;0.0;fraca
1;0;0.2;0.0;fraca
0;0;0.0;0.0;fraca
0;0;0.0;0.0;fraca
0;0;0.0;0.0;fraca
0;0;0.0;0.0;fraca
0;0;0.0;0.0;fraca
0;0;0.0;0.0;fraca
4;0;0.0;0.0;fraca
0;0;0.0;0.0;fraca
0;0;0.0;0.0;fraca
1;0;0.0;0.0;fraca
2;0;0.0;0.2;fraca
0;0;0.0;0.0;fraca
0;0;0.0;0.0;fraca
2;0;0.0;0.0;fraca
0;0;0.0;0.0;fraca
2;0;0.0;0.4;fraca
0;0;0.79;0.4;fraca
0;0;0.0;0.0;fraca
0;0;0.0;0.0;fraca
0;0;0.0;0.0;fraca
1;0;0.0;0.0;fraca
1;0;0.0;0.0;fraca
0;0;0.0;0.0;fraca
0;0;0.0;0.0;fraca
2;0;1.37;1.78;fraca
0;0;0.0;0.0;fraca
0;0;0.0;0.0;fraca
0;0;0.0;0.0;fraca
0;0;0.0;1.18;fraca
0;0;0.0;1.18;fraca
1;0;0.0;0.0;fraca
0;0;0.0;0.0;fraca
0;0;0.0;0.0;fraca
1;0;0.0;0.0;fraca
1;0;0.0;0.0;fraca
1;0;4.31;4.31;moderada
2;0;0.0;0.0;fraca
2;0;0.0;0.0;fraca
0;0;0.0;0.0;fraca
1;0;0.0;0.0;fraca
0;0;0.0;0.0;fraca
1;0;0.0;0.0;fraca
1;0;0.0;0.0;fraca
1;0;0.0;0.0;fraca
0;0;0.39;2.16;fraca
0;0;0.0;0.0;fraca
0;0;4.31;3.34;moderada
0;0;0.0;0.0;fraca
1;0;0.0;0.0;fraca
2;0;0.0;0.0;fraca
2;0;0.0;0.0;fraca
0;0;0.0;0.0;fraca
0;0;0.0;0.0;fraca
1;0;10.56;8.33;moderada
1;0;0.0;0.0;fraca
1;0;0.0;0.0;fraca
1;0;0.2;0.2;fraca
1;0;0.0;0.0;fraca
1;0;0.0;0.0;fraca
0;0;0.0;0.0;fraca
0;0;0.2;0.0;fraca
1;0;0.0;0.0;fraca
2;0;0.0;0.0;fraca
1;0;0.0;0.0;fraca
0;0;0.0;0.0;fraca
0;0;0.4;0.0;fraca
0;0;0.0;0.0;fraca
0;0;0.0;0.0;fraca
3;0;0.0;0.0;fraca
1;0;0.0;0.0;fraca
1;0;0.0;0.0;fraca
0;0;0.0;0.0;fraca
0;0;0.0;0.0;fraca
0;0;0.0;0.0;fraca
0;0;0.0;0.0;fraca
0;0;0.0;0.0;fraca
0;0;0.0;0.0;fraca
0;0;0.0;0.0;fraca
0;0;0.0;0.0;fraca
0;0;0.2;0.0;fraca
0;0;0.0;0.0;fraca
0;0;10.76;13.45;forte
0;0;0.0;0.0;fraca
0;0;0.0;0.0;fraca
0;0;0.0;0.0;fraca
0;0;0.0;0.0;fraca
0;0;0.0;0.0;fraca
2;0;0.4;0.4;fraca
0;0;0.0;0.0;fraca
0;0;2.76;0.78;fraca
0;0;0.0;0.0;fraca
0;0;0.0;0.0;fraca
0;0;0.0;0.0;fraca
3;0;0.0;0.0;fraca
1;0;0.0;0.0;fraca
0;0;0.0;0.0;fraca
0;0;0.0;0.0;fraca
0;0;0.0;0.0;fraca
1;0;0.0;0.0;fraca
1;0;0.0;0.0;fraca
0;0;0.0;0.0;fraca
0;0;0.0;0.0;fraca
0;0;0.0;0.0;fraca
3;0;0.0;0.0;fraca
0;0;0.0;0.0;fraca
0;0;0.0;0.0;fraca
0;0;0.0;0.0;fraca
0;0;0.0;0.0;fraca
2;0;0.0;0.0;fraca
0;0;0.0;0.0;fraca
1;0;0.0;0.0;fraca
0;0;0.0;0.0;fraca
0;0;0.0;0.0;fraca
0;0;0.0;0.0;fraca
1;0;0.0;0.0;fraca
0;0;0.0;0.0;fraca
2;0;0.0;0.0;fraca
2;0;0.0;0.0;fraca
0;0;0.0;0.0;fraca
0;0;0.2;0.0;fraca
2;1;0.0;0.2;fraca
0;0;0.0;0.0;fraca
2;0;0.0;0.0;fraca
2;0;0.0;0.0;fraca
0;0;0.0;0.0;fraca
0;0;0.79;0.2;fraca
0;0;0.0;0.0;fraca
3;0;0.0;0.0;fraca
0;0;0.0;0.0;fraca
1;0;2.16;1.38;fraca
0;0;0.0;0.0;fraca
1;0;0.0;0.0;fraca
0;0;0.0;0.0;fraca
1;0;0.0;0.0;fraca
1;0;0.0;0.0;fraca
2;0;0.0;0.0;fraca
4;0;0.0;0.0;fraca
0;0;0.0;0.0;fraca
0;0;0.2;0.0;fraca
0;0;0.0;0.0;fraca
0;0;0.0;0.0;fraca
0;0;0.0;0.0;fraca
3;0;0.0;0.0;fraca
0;0;0.0;0.0;fraca
0;0;0.0;0.0;fraca
0;0;0.0;0.0;fraca
0;0;0.0;0.0;fraca
0;0;0.4;1.38;fraca
0;0;0.0;0.0;fraca
0;0;0.2;0.2;fraca
4;1;0.2;0.0;fraca
0;0;0.0;0.0;fraca
1;0;0.2;0.0;fraca
1;0;0.98;0.98;fraca
0;0;1.18;0.79;fraca
1;0;0.0;0.0;fraca
0;0;0.0;0.0;fraca
1;0;0.0;0.98;fraca
4;0;0.0;0.0;fraca
1;0;0.0;0.0;fraca
0;0;0.0;0.0;fraca
0;0;0.0;0.0;fraca
0;0;0.0;0.2;fraca
0;0;0.0;0.0;fraca
1;0;0.0;0.0;fraca
0;0;0.0;2.16;fraca
0;0;0.0;0.0;fraca
0;0;0.0;0.0;fraca
0;0;0.0;0.0;fraca
2;0;0.0;0.0;fraca
0;0;0.0;0.0;fraca
2;0;0.0;0.0;fraca
2;0;0.0;0.0;fraca
0;0;0.0;0.0;fraca
1;0;0.0;0.0;fraca
0;0;0.0;0.0;fraca
0;0;0.78;0.2;fraca
0;0;0.0;0.0;fraca
0;0;0.0;0.0;fraca
0;0;0.0;0.0;fraca
1;0;0.0;0.0;fraca
0;0;0.0;0.0;fraca
3;0;0.0;0.0;fraca
0;0;0.0;0.0;fraca
0;0;0.0;0.0;fraca
0;0;0.0;0.0;fraca
0;0;0.0;0.0;fraca
0;0;0.0;0.0;fraca
1;0;0.0;0.0;fraca
0;0;0.0;0.0;fraca
0;0;0.0;0.0;fraca
0;0;0.0;0.0;fraca
0;0;0.0;0.2;fraca
3;0;0.0;0.0;fraca
1;0;0.0;0.0;fraca
0;0;0.0;0.0;fraca
0;0;0.0;0.0;fraca
0;0;0.0;0.0;fraca
0;0;0.0;0.0;fraca
3;0;0.0;0.0;fraca
0;0;0.0;0.0;fraca
2;0;0.0;0.0;fraca
0;0;0.0;0.0;fraca
1;0;0.0;0.0;fraca
0;0;0.0;0.0;fraca
0;0;0.0;0.0;fraca
0;0;0.0;0.0;fraca
2;0;0.0;0.0;fraca
1;0;0.0;0.0;fraca
2;0;0.0;0.0;fraca
0;0;0.0;0.0;fraca
0;0;0.0;0.0;fraca
1;0;0.0;0.0;fraca
0;0;0.0;0.0;fraca
0;0;0.0;0.0;fraca
0;0;0.0;0.0;fraca
17;0;0.0;0.0;fraca
0;0;0.0;0.0;fraca
0;0;0.2;0.0;fraca
3;0;0.0;0.0;fraca
0;0;0.0;0.0;fraca
2;0;0.0;0.0;fraca
3;0;0.0;0.0;fraca
0;0;0.4;0.0;fraca
0;0;2.36;2.94;moderada
1;0;0.0;0.0;fraca
1;0;0.0;0.0;fraca
3;0;0.0;0.2;fraca
4;0;0.0;0.0;fraca
0;0;0.0;0.0;fraca
0;0;0.0;0.0;fraca
1;0;0.0;0.0;fraca
0;0;0.0;0.0;fraca
0;0;0.0;0.0;fraca
1;0;0.0;0.0;fraca
0;0;0.0;0.0;fraca
0;0;0.0;0.0;fraca
2;0;0.0;0.0;fraca
0;0;0.0;0.0;fraca
0;0;0.0;0.2;fraca
0;0;0.0;0.0;fraca
1;0;0.98;1.18;fraca
0;0;0.0;0.0;fraca
1;0;0.0;0.0;fraca
0;0;0.0;0.0;fraca
1;0;0.0;0.0;fraca
0;0;0.0;0.0;fraca
0;0;0.0;0.0;fraca
0;0;0.0;0.0;fraca
0;0;0.0;0.0;fraca
0;0;0.0;0.0;fraca
3;0;0.0;0.0;fraca
0;0;0.2;0.59;fraca
0;0;0.0;0.0;fraca
0;0;0.0;0.0;fraca
5;1;0.0;0.0;fraca
0;0;0.0;0.0;fraca
0;0;0.0;0.0;fraca
0;0;0.0;0.0;fraca
0;0;0.2;0.0;fraca
0;0;0.0;0.0;fraca
2;0;0.0;0.0;fraca
2;0;0.0;0.0;fraca
0;0;0.0;0.0;fraca
0;0;0.0;0.0;fraca
0;0;0.0;0.0;fraca
0;0;0.0;0.0;fraca
1;0;0.0;0.0;fraca
1;0;0.0;0.0;fraca
0;0;0.0;0.0;fraca
1;0;0.0;0.0;fraca
2;0;0.0;0.0;fraca
0;0;0.0;0.0;fraca
0;0;0.0;0.0;fraca
0;0;0.0;0.0;fraca
9;1;0.0;0.0;fraca
0;0;0.0;0.0;fraca
1;0;0.0;0.0;fraca
1;0;0.0;0.0;fraca
0;0;0.0;0.0;fraca
0;0;0.0;0.0;fraca
0;0;0.0;0.0;fraca
0;0;0.0;0.0;fraca
0;0;0.0;0.0;fraca
0;0;0.0;0.6;fraca
6;0;0.0;0.0;fraca
0;0;0.0;0.0;fraca
0;0;0.0;0.0;fraca
0;0;0.0;0.0;fraca
4;0;0.0;0.0;fraca
0;0;0.0;0.0;fraca
0;0;0.0;0.0;fraca
1;0;0.0;0.0;fraca
0;0;1.57;1.37;fraca
0;0;0.0;0.0;fraca
1;0;0.0;0.0;fraca
0;0;0.0;0.0;fraca
0;0;3.14;0.0;fraca
0;0;0.0;0.0;fraca
0;0;0.0;0.0;fraca
0;0;0.0;0.0;fraca
0;0;0.0;0.0;fraca
0;0;0.0;0.0;fraca
0;0;0.0;0.0;fraca
0;0;0.0;0.0;fraca
0;0;0.2;0.0;fraca
0;0;1.96;0.99;fraca
2;0;0.0;0.0;fraca
0;0;0.0;0.0;fraca
2;0;0.0;0.0;fraca
2;0;0.0;0.0;fraca
4;0;0.0;0.0;fraca
0;0;0.0;0.0;fraca
1;0;0.0;0.0;fraca
1;0;0.0;0.0;fraca
2;0;0.0;0.0;fraca
4;0;0.0;0.0;fraca
3;0;0.0;0.0;fraca
1;0;0.0;0.0;fraca
0;0;0.0;0.0;fraca
0;0;0.0;0.0;fraca
2;0;0.0;0.0;fraca
2;0;0.0;0.0;fraca
1;0;0.0;0.0;fraca
0;0;0.0;0.0;fraca
0;0;0.2;0.79;fraca
1;0;0.0;0.0;fraca
0;0;0.0;0.0;fraca
0;0;0.0;0.0;fraca
0;0;0.0;0.0;fraca
0;0;0.0;0.0;fraca
2;0;0.0;0.0;fraca
0;0;0.0;0.0;fraca
1;0;0.0;0.0;fraca
0;0;0.0;0.0;fraca
0;0;0.0;0.0;fraca
0;0;0.0;0.0;fraca
1;0;0.0;0.0;fraca
0;0;0.0;0.0;fraca
0;0;16.06;13.89;forte
0;0;0.0;0.0;fraca
3;0;0.0;0.0;fraca
0;0;0.0;0.0;fraca
0;0;0.0;0.0;fraca
0;0;0.0;0.0;fraca
0;0;0.0;0.0;fraca
1;0;8.33;0.39;fraca
0;0;0.0;0.0;fraca
3;0;0.0;0.0;fraca
0;0;0.0;0.0;fraca
0;0;0.0;0.0;fraca
0;0;0.0;0.0;fraca
0;0;0.0;0.0;fraca
3;0;0.0;0.59;fraca
0;0;0.0;0.0;fraca
0;0;0.0;0.0;fraca
0;0;0.0;0.0;fraca
0;0;0.0;0.0;fraca
0;0;0.0;0.0;fraca
1;0;0.0;0.2;fraca
1;0;0.0;0.0;fraca
0;0;0.0;0.0;fraca
0;0;0.0;0.0;fraca
0;0;0.0;0.0;fraca
0;0;0.0;0.0;fraca
0;0;0.59;0.2;fraca
0;0;0.2;0.4;fraca
0;0;0.0;0.0;fraca
0;0;0.0;0.0;fraca
0;0;0.0;0.0;fraca
0;0;0.0;0.0;fraca
1;0;0.6;0.0;fraca
1;0;0.0;0.0;fraca
1;0;0.0;0.0;fraca
0;0;0.0;0.0;fraca
0;0;0.0;0.0;fraca
1;0;0.2;0.0;fraca
0;0;0.0;0.0;fraca
0;0;0.0;0.0;fraca
0;0;0.0;0.0;fraca
0;0;0.0;0.0;fraca
0;0;0.0;0.0;fraca
0;0;0.0;0.0;fraca
1;0;0.0;0.0;fraca
0;0;0.0;0.0;fraca
0;0;0.0;0.0;fraca
0;0;0.0;0.0;fraca
1;0;0.0;0.2;fraca
2;0;0.0;0.0;fraca
0;0;0.0;0.0;fraca
0;0;0.0;0.0;fraca
0;0;0.0;0.0;fraca
0;0;0.0;0.0;fraca
1;0;0.0;0.0;fraca
0;0;0.59;0.0;fraca
1;0;0.0;0.0;fraca
2;0;0.0;0.0;fraca
0;0;0.0;0.0;fraca
0;0;0.0;0.0;fraca
0;0;0.4;0.2;fraca
2;0;0.0;0.2;fraca
0;0;0.0;0.0;fraca
3;0;0.0;0.0;fraca
0;0;0.0;10.56;moderada
0;0;0.0;0.0;fraca
0;0;0.0;0.0;fraca
1;0;0.0;0.0;fraca
1;0;0.0;0.0;fraca
0;0;0.0;0.0;fraca
2;0;0.0;0.0;fraca
1;0;0.0;0.0;fraca
1;0;0.0;0.0;fraca
0;0;0.0;0.0;fraca
0;0;0.0;0.0;fraca
0;0;1.77;0.2;fraca
1;0;0.4;0.0;fraca
0;0;0.0;0.0;fraca
0;0;0.2;0.4;fraca
2;0;0.0;0.0;fraca
1;0;0.0;0.0;fraca
1;0;0.0;0.0;fraca
0;0;0.0;0.0;fraca
0;0;0.0;0.0;fraca
0;0;2.56;0.2;fraca
0;0;0.0;0.2;fraca
0;0;0.0;0.0;fraca
0;0;0.0;0.0;fraca
2;0;0.0;0.0;fraca
0;0;0.0;0.0;fraca
0;0;0.4;0.2;fraca
0;0;0.0;0.0;fraca
1;0;0.0;0.0;fraca
0;0;0.0;0.0;fraca
0;0;0.59;0.6;fraca
0;0;0.0;0.0;fraca
1;0;0.0;0.0;fraca
1;0;1.78;2.36;fraca
0;0;0.0;0.0;fraca
1;0;0.0;0.0;fraca
0;0;0.0;0.0;fraca
1;0;0.0;0.39;fraca
1;0;0.0;3.34;moderada
2;0;0.2;0.0;fraca
3;0;0.0;0.0;fraca
0;0;0.0;0.0;fraca
0;0;0.0;0.0;fraca
1;0;0.0;0.0;fraca
0;0;0.0;0.0;fraca
1;0;0.0;0.0;fraca
0;0;0.0;0.0;fraca
0;0;0.0;0.0;fraca
1;0;0.0;0.0;fraca
0;0;0.0;0.0;fraca
0;0;0.0;0.0;fraca
0;0;0.0;0.0;fraca
0;0;0.0;0.0;fraca
0;0;0.0;0.0;fraca
0;0;0.0;0.0;fraca
0;0;1.38;0.59;fraca
0;0;0.0;0.0;fraca
1;0;0.0;0.0;fraca
0;0;0.0;0.0;fraca
0;0;0.0;0.0;fraca
0;0;0.0;0.0;fraca
0;0;0.0;0.0;fraca
1;0;0.0;0.0;fraca
0;0;0.0;0.0;fraca
0;0;0.0;0.0;fraca
0;0;0.0;0.0;fraca
0;0;0.2;0.0;fraca
3;0;0.0;0.0;fraca
2;0;0.0;0.0;fraca
0;0;0.0;0.0;fraca
0;0;0.0;0.0;fraca
0;0;0.0;0.0;fraca
1;0;0.0;0.0;fraca
0;0;0.0;0.0;fraca
0;0;0.0;0.0;fraca
1;0;0.0;0.0;fraca
0;0;0.2;0.0;fraca
1;0;1.37;0.0;fraca
0;0;0.0;0.0;fraca
5;0;0.0;0.0;fraca
0;0;0.0;0.2;fraca
6;0;0.0;0.0;fraca
0;0;0.0;0.0;fraca
1;0;0.0;0.0;fraca
2;0;0.2;1.57;fraca
1;0;0.0;0.0;fraca
1;0;0.0;0.0;fraca
0;0;0.0;0.0;fraca
2;0;0.0;0.0;fraca
3;0;0.0;0.0;fraca
2;0;0.0;0.0;fraca
1;0;0.0;0.0;fraca
0;0;0.0;0.0;fraca
1;0;0.0;0.0;fraca
0;0;0.0;0.0;fraca
1;0;0.0;0.0;fraca
1;0;0.0;0.0;fraca
0;0;0.0;0.0;fraca
0;0;0.0;0.0;fraca
0;0;0.0;0.0;fraca
2;0;0.0;0.0;fraca
1;0;0.0;0.2;fraca
2;0;0.0;0.0;fraca
0;0;0.0;0.0;fraca
0;0;0.0;0.0;fraca
0;0;0.0;0.0;fraca
0;0;0.0;0.0;fraca
2;0;0.0;0.0;fraca
0;0;0.0;0.0;fraca
1;0;0.0;0.0;fraca
1;0;0.0;0.0;fraca
0;0;0.0;0.0;fraca
0;0;0.0;0.0;fraca
0;0;0.0;0.0;fraca
0;0;0.0;0.0;fraca
0;0;0.0;0.0;fraca
0;0;0.0;0.0;fraca
1;0;0.0;0.0;fraca
0;0;0.0;0.0;fraca
1;0;0.0;0.0;fraca
0;0;0.0;0.0;fraca
0;0;0.0;0.0;fraca
0;0;0.0;0.0;fraca
0;0;0.0;0.0;fraca
0;0;0.0;0.0;fraca
0;0;0.0;0.0;fraca
0;0;0.0;0.0;fraca
0;0;0.0;0.4;fraca
0;0;0.0;0.0;fraca
0;0;0.0;0.0;fraca
4;0;0.0;0.0;fraca
2;0;0.0;0.0;fraca
0;0;0.0;0.0;fraca
2;0;0.0;0.0;fraca
0;0;0.0;0.0;fraca
0;0;0.0;0.0;fraca
2;0;0.0;0.0;fraca
2;0;0.0;0.0;fraca
1;0;0.0;0.0;fraca
3;0;0.0;0.0;fraca
0;0;0.0;0.2;fraca
0;0;0.0;0.0;fraca
2;0;0.0;0.0;fraca
1;0;0.0;0.0;fraca
0;0;0.0;0.2;fraca
0;0;0.0;0.0;fraca
2;0;0.2;0.0;fraca
2;0;0.39;1.96;fraca
0;0;0.0;0.0;fraca
2;0;0.0;0.0;fraca
0;0;0.0;0.0;fraca
1;0;0.0;0.0;fraca
0;0;0.0;0.0;fraca
0;0;0.0;0.0;fraca
3;0;0.0;0.0;fraca
0;0;1.77;0.0;fraca
0;0;0.0;0.0;fraca
2;0;0.0;0.0;fraca
0;0;0.0;0.0;fraca
0;0;0.0;0.0;fraca
1;0;0.0;0.0;fraca
3;0;1.37;0.2;fraca
0;0;0.0;0.0;fraca
1;0;0.4;0.0;fraca
0;0;0.0;0.0;fraca
2;0;0.0;0.0;fraca
0;0;0.0;0.0;fraca
0;0;0.0;0.0;fraca
0;0;0.0;0.0;fraca
0;0;0.0;0.0;fraca
0;0;0.0;0.0;fraca
0;0;0.0;0.0;fraca
0;0;0.4;0.0;fraca
0;0;0.0;0.0;fraca
0;0;0.0;0.0;fraca
1;0;0.0;0.0;fraca
0;0;0.0;0.0;fraca
6;0;0.0;0.0;fraca
0;0;0.0;0.0;fraca
0;0;0.0;0.0;fraca
0;0;0.0;0.0;fraca
0;0;0.0;0.0;fraca
1;0;0.0;0.0;fraca
0;0;0.0;0.0;fraca
0;0;0.0;0.4;fraca
0;0;0.0;0.0;fraca
0;0;0.0;0.0;fraca
2;0;0.0;0.0;fraca
0;0;0.0;0.0;fraca
1;0;0.2;0.2;fraca
0;0;0.0;0.0;fraca
0;0;0.0;0.0;fraca
0;0;0.0;0.0;fraca
1;0;0.0;0.0;fraca
0;0;0.6;0.79;fraca
0;0;0.0;0.0;fraca
0;0;0.0;0.0;fraca
0;0;0.0;0.0;fraca
0;0;0.0;0.0;fraca
1;0;0.0;0.0;fraca
0;0;0.0;0.0;fraca
0;0;0.0;0.0;fraca
0;0;0.0;0.0;fraca
1;0;0.0;0.0;fraca
0;0;0.0;0.0;fraca
0;0;0.0;0.0;fraca
1;0;0.0;0.0;fraca
1;0;0.0;0.0;fraca
0;0;0.2;0.0;fraca
0;0;0.0;0.0;fraca
0;0;0.0;0.0;fraca
1;0;0.0;0.0;fraca
0;0;0.0;0.0;fraca
3;0;0.0;0.0;fraca
2;0;0.2;0.0;fraca
0;0;0.0;0.0;fraca
0;0;1.37;0.59;fraca
0;0;0.0;0.0;fraca
0;0;0.0;0.2;fraca
0;0;0.0;0.0;fraca
1;0;0.0;0.0;fraca
0;0;0.0;0.0;fraca
1;0;0.0;0.0;fraca
1;0;0.0;0.0;fraca
0;0;0.0;0.0;fraca
0;0;0.0;0.0;fraca
2;0;0.0;0.0;fraca
0;0;0.0;0.0;fraca
0;0;0.0;0.0;fraca
0;0;0.0;0.0;fraca
0;0;0.0;0.0;fraca
0;0;0.0;0.0;fraca
0;0;0.0;0.0;fraca
0;0;0.0;0.0;fraca
1;0;0.0;0.0;fraca
0;0;0.0;0.0;fraca
0;0;0.0;0.0;fraca
1;0;0.0;0.2;fraca
0;0;0.0;0.0;fraca
9;0;0.0;0.0;fraca
0;0;0.0;0.0;fraca
0;0;1.38;0.2;fraca
0;0;0.0;0.0;fraca
5;0;0.0;0.0;fraca
0;0;0.0;0.0;fraca
0;0;0.0;0.0;fraca
1;0;0.0;0.0;fraca
1;0;0.0;0.4;fraca
0;0;0.0;0.0;fraca
0;0;0.0;0.0;fraca
0;0;0.0;0.0;fraca
0;0;0.4;0.0;fraca
0;0;0.0;0.0;fraca
1;0;0.0;0.0;fraca
0;0;0.0;0.0;fraca
0;0;0.0;0.0;fraca
0;0;0.0;0.0;fraca
6;0;0.0;0.0;fraca
1;0;0.0;0.0;fraca
5;0;0.0;0.0;fraca
0;0;0.0;0.0;fraca
1;0;0.0;0.0;fraca
1;0;0.0;0.0;fraca
4;0;0.0;0.0;fraca
0;0;0.0;0.0;fraca
8;0;0.0;0.0;fraca
0;0;0.0;0.0;fraca
2;0;0.2;0.0;fraca
0;0;0.0;0.0;fraca
0;0;0.0;0.0;fraca
0;0;0.0;0.0;fraca
0;0;0.0;0.2;fraca
0;0;0.0;0.2;fraca
1;0;0.0;0.0;fraca
2;0;0.0;0.0;fraca
1;0;0.0;0.2;fraca
1;0;0.0;0.0;fraca
2;0;0.0;0.0;fraca
0;0;0.0;0.0;fraca
0;0;0.0;0.0;fraca
1;0;0.0;0.0;fraca
1;0;0.0;0.0;fraca
1;0;0.0;0.0;fraca
0;0;0.0;0.0;fraca
0;0;0.0;0.0;fraca
12;0;0.4;0.4;fraca
0;0;0.0;0.0;fraca
8;0;0.2;0.0;fraca
0;0;0.0;0.0;fraca
1;0;0.0;0.0;fraca
0;0;0.0;0.0;fraca
0;0;0.0;0.0;fraca
1;0;0.0;0.0;fraca
0;0;2.16;1.57;fraca
0;0;0.0;0.0;fraca
0;0;0.0;0.0;fraca
0;0;0.0;0.0;fraca
0;0;0.0;0.0;fraca
1;0;0.0;0.0;fraca
3;0;0.0;0.0;fraca
0;0;0.0;0.0;fraca
0;0;0.0;0.0;fraca
0;0;0.0;0.0;fraca
1;0;0.0;0.0;fraca
6;0;0.0;0.0;fraca
0;0;0.0;0.0;fraca
1;0;0.0;0.0;fraca
2;0;0.0;0.0;fraca
2;0;0.0;0.0;fraca
1;0;0.0;0.0;fraca
2;0;0.0;0.0;fraca
2;0;0.0;0.0;fraca
0;0;0.0;0.0;fraca
0;0;0.0;0.0;fraca
2;0;0.0;0.0;fraca
0;0;0.0;0.0;fraca
0;0;0.0;0.0;fraca
0;0;0.0;0.0;fraca
0;0;0.0;0.0;fraca
0;0;0.0;0.0;fraca
0;0;0.0;0.0;fraca
0;0;0.0;0.0;fraca
0;0;0.0;0.0;fraca
0;0;0.39;0.0;fraca
0;0;0.0;0.0;fraca
1;0;0.0;0.0;fraca
0;0;0.0;0.0;fraca
3;0;0.0;0.0;fraca
0;0;0.0;0.0;fraca
0;0;0.0;0.0;fraca
1;0;0.0;0.0;fraca
0;0;0.0;0.0;fraca
0;0;0.0;0.0;fraca
0;0;0.0;0.0;fraca
0;0;0.0;0.0;fraca
0;0;0.2;0.2;fraca
0;0;0.0;0.0;fraca
0;0;0.0;0.0;fraca
0;0;0.0;0.0;fraca
1;0;0.0;0.0;fraca
0;0;0.2;0.6;fraca
2;0;0.0;0.0;fraca
0;0;0.0;0.0;fraca
0;0;0.0;0.0;fraca
0;0;0.0;0.0;fraca
2;0;0.0;0.0;fraca
1;0;0.0;0.0;fraca
0;0;0.0;0.0;fraca
0;0;0.0;0.0;fraca
2;0;0.0;0.0;fraca
0;0;0.0;0.0;fraca
2;0;0.0;0.0;fraca
0;0;0.0;0.0;fraca
0;0;0.0;0.0;fraca
1;0;0.0;0.0;fraca
0;0;0.0;0.0;fraca
0;0;0.59;0.2;fraca
2;0;0.0;0.0;fraca
5;0;0.0;0.0;fraca
0;0;0.0;0.0;fraca
0;0;0.0;0.0;fraca
1;0;0.2;0.0;fraca
0;0;0.0;0.0;fraca
0;0;0.0;0.0;fraca
1;0;0.0;0.0;fraca
0;0;0.0;0.0;fraca
0;0;0.0;0.0;fraca
2;0;0.2;0.99;fraca
0;0;0.0;0.0;fraca
1;0;0.0;0.0;fraca
0;0;0.0;0.0;fraca
2;0;2.95;3.92;moderada
0;0;0.0;0.0;fraca
0;0;0.0;0.0;fraca
2;0;0.0;0.0;fraca
1;0;0.0;0.0;fraca
0;0;0.0;0.0;fraca
0;0;0.0;0.0;fraca
4;0;0.0;0.0;fraca
14;0;0.0;0.0;fraca
1;0;0.0;0.0;fraca
0;0;0.0;0.0;fraca
1;0;0.0;0.0;fraca
0;0;0.0;0.0;fraca
0;0;0.0;0.0;fraca
2;0;0.0;0.0;fraca
2;0;0.0;0.0;fraca
1;0;0.0;0.0;fraca
1;0;0.0;0.0;fraca
1;0;0.0;0.0;fraca
0;0;0.0;0.0;fraca
1;0;0.0;0.0;fraca
1;0;0.0;0.0;fraca
1;0;0.0;0.0;fraca
0;0;0.0;0.0;fraca
1;0;0.0;0.0;fraca
1;0;0.0;0.0;fraca
0;0;0.0;0.0;fraca
6;0;0.0;0.4;fraca
0;0;0.0;0.0;fraca
2;0;0.0;0.0;fraca
0;0;0.0;10.76;moderada
0;0;0.0;0.0;fraca
0;0;0.0;0.0;fraca
1;0;0.0;0.0;fraca
1;0;0.0;0.0;fraca
0;0;0.0;0.0;fraca
0;0;0.0;0.0;fraca
0;0;0.0;0.0;fraca
0;0;0.0;0.0;fraca
1;0;0.0;0.0;fraca
4;0;0.0;0.0;fraca
1;0;0.0;0.0;fraca
0;0;0.0;0.0;fraca
0;0;0.0;0.0;fraca
0;0;0.0;0.0;fraca
0;0;0.0;0.0;fraca
0;0;0.0;0.0;fraca
0;0;0.0;0.0;fraca
0;0;0.0;0.0;fraca
0;0;0.0;0.0;fraca
0;0;0.0;0.0;fraca
0;0;0.0;0.0;fraca
2;0;0.0;0.0;fraca
0;0;0.0;0.0;fraca
1;0;0.0;0.0;fraca
1;0;0.0;0.0;fraca
0;0;0.2;0.39;fraca
0;0;0.0;0.2;fraca
1;0;0.0;0.0;fraca
1;0;0.0;0.0;fraca
0;0;0.0;0.0;fraca
0;0;0.0;0.0;fraca
0;0;0.0;0.0;fraca
1;0;0.0;0.0;fraca
2;0;0.0;0.0;fraca
0;0;0.0;0.0;fraca
0;0;0.0;0.0;fraca
1;0;0.0;0.0;fraca
1;0;0.0;0.0;fraca
0;0;0.0;0.0;fraca
0;0;0.0;0.0;fraca
2;0;0.0;0.0;fraca
0;0;0.0;0.0;fraca
1;0;0.0;0.0;fraca
0;0;0.0;0.0;fraca
0;0;0.0;0.0;fraca
1;0;0.0;0.39;fraca
0;0;0.98;0.4;fraca
0;0;0.0;0.0;fraca
0;0;0.39;0.59;fraca
0;0;0.0;0.0;fraca
3;0;0.59;0.0;fraca
0;0;0.2;0.0;fraca
1;0;0.0;0.0;fraca
0;0;0.0;0.0;fraca
2;0;0.0;0.0;fraca
5;0;0.0;0.0;fraca
0;0;0.99;1.57;fraca
0;0;0.2;0.0;fraca
0;0;0.0;0.0;fraca
0;0;0.0;0.0;fraca
0;0;0.0;0.0;fraca
0;0;0.0;0.0;fraca
0;0;0.0;0.0;fraca
1;0;0.0;0.0;fraca
1;0;0.0;0.0;fraca
3;0;0.0;0.0;fraca
1;0;0.0;0.0;fraca
0;0;0.0;0.0;fraca
0;0;0.0;0.0;fraca
0;0;0.0;0.0;fraca
0;0;0.0;0.0;fraca
1;0;0.0;0.0;fraca
3;0;0.0;0.0;fraca
3;0;0.0;0.0;fraca
0;0;0.0;0.0;fraca
0;0;0.0;0.0;fraca
10;0;0.0;0.0;fraca
0;0;0.0;0.0;fraca
0;0;0.2;0.0;fraca
1;0;0.0;0.0;fraca
0;0;0.0;0.6;fraca
2;0;0.0;0.0;fraca
0;0;0.0;0.0;fraca
0;0;0.0;0.0;fraca
1;0;0.0;0.0;fraca
0;0;0.0;0.0;fraca
0;0;0.0;0.0;fraca
2;0;1.57;0.0;fraca
0;0;0.0;0.0;fraca
0;0;0.0;0.0;fraca
0;0;0.0;0.0;fraca
0;0;0.0;0.0;fraca
0;0;0.6;1.77;fraca
0;0;0.0;0.0;fraca
1;0;0.0;0.0;fraca
1;0;0.0;0.0;fraca
0;0;0.0;0.0;fraca
0;0;0.0;0.0;fraca
0;0;0.0;0.0;fraca
0;0;0.0;0.0;fraca
0;0;0.0;0.0;fraca
1;0;0.0;0.0;fraca
0;0;0.79;0.2;fraca
0;0;0.0;0.0;fraca
0;0;0.0;0.0;fraca
1;0;0.2;0.0;fraca
0;0;0.99;0.2;fraca
0;0;0.0;0.0;fraca
0;0;0.0;0.0;fraca
1;0;0.0;0.0;fraca
1;0;0.0;0.0;fraca
1;0;0.0;0.0;fraca
1;0;0.0;0.0;fraca
1;0;0.0;0.0;fraca
0;0;0.0;0.0;fraca
1;0;0.0;0.0;fraca
0;0;0.0;0.0;fraca
0;0;0.0;0.0;fraca
0;0;0.0;0.0;fraca
0;0;0.0;0.0;fraca
0;0;0.0;0.0;fraca
2;0;0.0;0.0;fraca
0;0;0.2;0.0;fraca
0;0;0.0;0.0;fraca
0;0;0.0;0.6;fraca
1;0;0.0;0.0;fraca
0;0;0.0;0.0;fraca
0;0;0.0;0.0;fraca
0;0;0.0;0.2;fraca
0;0;0.0;0.0;fraca
0;0;0.0;0.0;fraca
2;0;0.0;0.0;fraca
1;0;0.0;0.0;fraca
2;0;0.0;0.0;fraca
0;0;0.0;0.0;fraca
1;0;0.0;0.0;fraca
1;0;0.0;0.0;fraca
1;0;0.0;0.0;fraca
1;0;0.2;0.2;fraca
0;0;0.0;0.0;fraca
4;0;0.0;0.0;fraca
3;0;0.0;0.0;fraca
0;0;0.0;0.0;fraca
0;0;0.0;0.0;fraca
0;0;0.2;0.0;fraca
0;0;0.0;0.0;fraca
1;0;0.0;0.0;fraca
0;0;0.0;0.0;fraca
1;0;0.0;0.0;fraca
2;0;2.17;1.17;fraca
2;0;0.0;0.6;fraca
0;0;0.0;0.0;fraca
0;0;0.0;0.0;fraca
0;0;0.0;0.0;fraca
8;0;0.0;0.0;fraca
0;0;0.0;0.0;fraca
0;0;0.0;0.0;fraca
2;0;0.2;0.0;fraca
1;0;0.0;0.0;fraca
1;0;0.2;0.4;fraca
1;0;0.0;0.0;fraca
0;0;0.0;0.0;fraca
1;0;0.0;0.0;fraca
10;0;0.0;0.0;fraca
1;0;0.0;0.0;fraca
1;0;0.0;0.0;fraca
0;0;0.2;0.0;fraca
1;0;0.0;0.0;fraca
0;0;0.0;0.0;fraca
0;0;0.0;0.0;fraca
0;0;0.0;0.0;fraca
0;0;0.0;0.0;fraca
0;0;0.0;0.0;fraca
1;0;0.0;0.0;fraca
1;0;0.0;0.0;fraca
0;0;0.0;0.0;fraca
1;0;0.0;0.0;fraca
2;0;0.0;0.0;fraca
0;0;0.0;0.0;fraca
3;0;0.0;0.0;fraca
3;0;0.0;0.0;fraca
0;0;0.0;0.0;fraca
2;0;0.0;0.0;fraca
0;0;0.0;0.0;fraca
0;0;0.0;0.2;fraca
0;0;0.0;0.0;fraca
0;0;0.0;0.0;fraca
1;0;0.2;0.0;fraca
1;0;0.0;0.0;fraca
0;0;0.2;0.2;fraca
0;0;0.0;0.0;fraca
0;0;0.0;0.0;fraca
1;0;0.0;0.0;fraca
0;0;0.0;0.0;fraca
0;0;0.0;0.0;fraca
0;0;0.0;0.0;fraca
0;0;0.0;0.0;fraca
0;0;0.0;0.0;fraca
1;0;0.0;0.0;fraca
2;0;0.0;0.0;fraca
2;0;0.0;0.0;fraca
1;0;0.0;0.0;fraca
0;0;0.0;0.0;fraca
0;0;0.2;0.0;fraca
0;0;0.0;0.0;fraca
2;0;0.0;0.0;fraca
2;0;0.0;0.0;fraca
1;0;0.0;0.0;fraca
0;0;0.0;0.0;fraca
0;0;0.0;0.0;fraca
0;0;0.0;0.0;fraca
0;0;0.0;0.0;fraca
0;0;0.0;0.0;fraca
0;0;0.0;0.0;fraca
1;0;0.0;0.0;fraca
0;0;0.0;0.0;fraca
0;0;0.0;0.0;fraca
0;0;0.0;0.0;fraca
2;0;0.0;0.0;fraca
1;0;0.0;0.0;fraca
0;0;0.0;0.0;fraca
0;0;0.0;0.0;fraca
1;0;0.0;0.0;fraca
2;0;0.0;0.0;fraca
0;0;0.0;0.0;fraca
0;0;0.0;0.0;fraca
1;0;0.0;0.0;fraca
3;0;0.0;0.0;fraca
0;0;0.0;0.0;fraca
0;0;0.0;0.0;fraca
0;0;0.0;0.0;fraca
0;0;0.0;0.0;fraca
2;0;0.0;0.0;fraca
1;0;0.0;0.0;fraca
0;0;0.0;0.0;fraca
1;0;0.0;0.0;fraca
2;0;1.17;0.79;fraca
0;0;0.0;0.0;fraca
1;0;0.0;0.0;fraca
1;0;0.0;0.0;fraca
1;0;1.77;0.2;fraca
1;0;0.0;0.0;fraca
0;0;0.0;0.59;fraca
1;0;0.0;0.0;fraca
0;0;0.0;0.0;fraca
1;0;0.0;0.0;fraca
0;0;0.0;0.0;fraca
1;0;0.0;0.0;fraca
1;0;0.0;0.0;fraca
0;0;0.0;0.0;fraca
4;0;0.0;0.0;fraca
0;0;0.0;0.0;fraca
0;0;0.0;0.0;fraca
1;0;0.0;0.0;fraca
0;0;0.0;0.0;fraca
3;0;0.0;0.0;fraca
0;0;0.0;0.0;fraca
2;0;1.57;0.4;fraca
0;0;0.0;0.0;fraca
0;0;0.0;0.0;fraca
2;0;0.0;0.0;fraca
1;0;13.45;3.14;moderada
0;0;0.0;0.0;fraca
0;0;0.0;0.0;fraca
0;0;0.0;0.0;fraca
4;0;0.0;0.0;fraca
0;0;0.0;0.0;fraca
7;0;0.0;0.0;fraca
3;0;0.0;0.0;fraca
0;0;0.0;0.0;fraca
0;0;0.4;0.79;fraca
0;0;0.0;0.0;fraca
1;0;0.0;0.0;fraca
0;0;0.0;0.59;fraca
1;0;3.92;4.31;moderada
0;0;0.0;0.0;fraca
1;0;0.0;0.0;fraca
