hour;minute;tweets;related;rainfall (mm/30min);precision;recall;Normalized hour;Normalized minute;Normalized tweets;Normalized related;Normalized rainfall (mm/30min);Normalized precision;Normalized recall;Next batch rainfall (mm/30min)
9;0;18;0;0.2;0.0;0.0;0.391304347826087;0.0;0.1651376146788991;0.0;0.008406893652795292;0.0;0.0;0.0
23;30;43;0;0.0;0.0;0.0;1.0;1.0;0.3944954128440367;0.0;0.0;0.0;0.0;0.0
0;30;0;0;0.0;0.0;0.0;0.0;1.0;0.0;0.0;0.0;0.0;0.0;0.0
1;30;0;0;0.0;0.0;0.0;0.043478260869565216;1.0;0.0;0.0;0.0;0.0;0.0;0.0
8;0;10;0;0.0;0.0;0.0;0.34782608695652173;0.0;0.09174311926605505;0.0;0.0;0.0;0.0;0.0
17;0;58;0;0.0;0.0;0.0;0.7391304347826086;0.0;0.5321100917431193;0.0;0.0;0.0;0.0;0.0
1;0;9;0;0.0;0.0;0.0;0.043478260869565216;0.0;0.08256880733944955;0.0;0.0;0.0;0.0;0.0
23;0;42;0;0.0;0.0;0.0;1.0;0.0;0.3853211009174312;0.0;0.0;0.0;0.0;0.0
7;0;16;1;0.0;4.143978385008743e-06;0.0016129032258064516;0.30434782608695654;0.0;0.14678899082568808;0.25;0.0;0.25;0.25;0.0
4;30;5;0;0.0;0.0;0.0;0.17391304347826086;1.0;0.045871559633027525;0.0;0.0;0.0;0.0;0.0
1;0;27;0;0.0;0.0;0.0;0.043478260869565216;0.0;0.24770642201834864;0.0;0.0;0.0;0.0;0.0
12;0;30;0;0.0;0.0;0.0;0.5217391304347826;0.0;0.27522935779816515;0.0;0.0;0.0;0.0;0.0
14;30;57;0;0.0;0.0;0.0;0.6086956521739131;1.0;0.5229357798165137;0.0;0.0;0.0;0.0;0.0
4;30;2;0;0.0;0.0;0.0;0.17391304347826086;1.0;0.01834862385321101;0.0;0.0;0.0;0.0;0.0
21;30;54;0;0.0;0.0;0.0;0.9130434782608695;1.0;0.4954128440366973;0.0;0.0;0.0;0.0;0.0
11;0;33;0;0.0;0.0;0.0;0.4782608695652174;0.0;0.30275229357798167;0.0;0.0;0.0;0.0;0.0
3;0;15;0;0.99;0.0;0.0;0.13043478260869565;0.0;0.13761467889908258;0.0;0.0416141235813367;0.0;0.0;0.6
20;0;52;0;0.0;0.0;0.0;0.8695652173913043;0.0;0.47706422018348627;0.0;0.0;0.0;0.0;0.0
6;0;6;0;0.0;0.0;0.0;0.2608695652173913;0.0;0.05504587155963303;0.0;0.0;0.0;0.0;0.0
22;0;72;0;0.0;0.0;0.0;0.9565217391304348;0.0;0.6605504587155964;0.0;0.0;0.0;0.0;0.0
14;0;48;1;0.0;4.143978385008743e-06;0.0016129032258064516;0.6086956521739131;0.0;0.44036697247706424;0.25;0.0;0.25;0.25;0.2
23;30;39;0;0.0;0.0;0.0;1.0;1.0;0.3577981651376147;0.0;0.0;0.0;0.0;0.0
3;30;12;0;0.0;0.0;0.0;0.13043478260869565;1.0;0.11009174311926606;0.0;0.0;0.0;0.0;0.0
13;0;58;0;0.0;0.0;0.0;0.5652173913043478;0.0;0.5321100917431193;0.0;0.0;0.0;0.0;0.0
13;30;32;0;0.0;0.0;0.0;0.5652173913043478;1.0;0.29357798165137616;0.0;0.0;0.0;0.0;0.0
17;0;45;0;0.0;0.0;0.0;0.7391304347826086;0.0;0.41284403669724773;0.0;0.0;0.0;0.0;0.0
2;30;11;0;0.0;0.0;0.0;0.08695652173913043;1.0;0.10091743119266056;0.0;0.0;0.0;0.0;0.0
8;30;32;0;0.0;0.0;0.0;0.34782608695652173;1.0;0.29357798165137616;0.0;0.0;0.0;0.0;0.0
14;30;66;0;0.0;0.0;0.0;0.6086956521739131;1.0;0.6055045871559633;0.0;0.0;0.0;0.0;0.0
7;30;17;0;0.0;0.0;0.0;0.30434782608695654;1.0;0.1559633027522936;0.0;0.0;0.0;0.0;0.0
19;0;70;0;0.0;0.0;0.0;0.8260869565217391;0.0;0.6422018348623854;0.0;0.0;0.0;0.0;0.0
16;30;43;0;0.0;0.0;0.0;0.6956521739130435;1.0;0.3944954128440367;0.0;0.0;0.0;0.0;0.0
1;0;17;0;0.0;0.0;0.0;0.043478260869565216;0.0;0.1559633027522936;0.0;0.0;0.0;0.0;0.0
9;30;42;0;0.0;0.0;0.0;0.391304347826087;1.0;0.3853211009174312;0.0;0.0;0.0;0.0;0.0
22;30;58;0;0.0;0.0;0.0;0.9565217391304348;1.0;0.5321100917431193;0.0;0.0;0.0;0.0;0.0
4;0;11;0;0.0;0.0;0.0;0.17391304347826086;0.0;0.10091743119266056;0.0;0.0;0.0;0.0;0.0
16;0;32;0;0.0;0.0;0.0;0.6956521739130435;0.0;0.29357798165137616;0.0;0.0;0.0;0.0;0.0
8;30;24;0;0.0;0.0;0.0;0.34782608695652173;1.0;0.22018348623853212;0.0;0.0;0.0;0.0;0.0
16;0;30;0;0.0;0.0;0.0;0.6956521739130435;0.0;0.27522935779816515;0.0;0.0;0.0;0.0;0.0
3;30;4;0;0.0;0.0;0.0;0.13043478260869565;1.0;0.03669724770642202;0.0;0.0;0.0;0.0;0.0
10;0;33;0;0.0;0.0;0.0;0.43478260869565216;0.0;0.30275229357798167;0.0;0.0;0.0;0.0;0.0
6;30;12;0;0.0;0.0;0.0;0.2608695652173913;1.0;0.11009174311926606;0.0;0.0;0.0;0.0;0.0
19;30;22;0;9.06;0.0;0.0;0.8260869565217391;1.0;0.2018348623853211;0.0;0.38083228247162676;0.0;0.0;23.79
5;0;8;0;0.0;0.0;0.0;0.21739130434782608;0.0;0.07339449541284404;0.0;0.0;0.0;0.0;0.0
9;0;19;0;0.0;0.0;0.0;0.391304347826087;0.0;0.1743119266055046;0.0;0.0;0.0;0.0;0.0
16;30;33;0;0.0;0.0;0.0;0.6956521739130435;1.0;0.30275229357798167;0.0;0.0;0.0;0.0;0.0
18;0;60;0;0.0;0.0;0.0;0.782608695652174;0.0;0.5504587155963303;0.0;0.0;0.0;0.0;0.0
4;30;5;0;0.0;0.0;0.0;0.17391304347826086;1.0;0.045871559633027525;0.0;0.0;0.0;0.0;0.0
20;0;66;0;0.0;0.0;0.0;0.8695652173913043;0.0;0.6055045871559633;0.0;0.0;0.0;0.0;0.0
17;30;70;0;0.0;0.0;0.0;0.7391304347826086;1.0;0.6422018348623854;0.0;0.0;0.0;0.0;0.0
3;30;0;0;0.0;0.0;0.0;0.13043478260869565;1.0;0.0;0.0;0.0;0.0;0.0;0.0
19;0;52;0;0.0;0.0;0.0;0.8260869565217391;0.0;0.47706422018348627;0.0;0.0;0.0;0.0;0.0
4;30;3;0;0.0;0.0;0.0;0.17391304347826086;1.0;0.027522935779816515;0.0;0.0;0.0;0.0;1.57
15;30;86;0;0.0;0.0;0.0;0.6521739130434783;1.0;0.7889908256880734;0.0;0.0;0.0;0.0;0.0
21;30;66;0;0.0;0.0;0.0;0.9130434782608695;1.0;0.6055045871559633;0.0;0.0;0.0;0.0;0.0
19;0;50;1;0.0;4.143978385008743e-06;0.0016129032258064516;0.8260869565217391;0.0;0.45871559633027525;0.25;0.0;0.25;0.25;0.2
10;0;22;0;0.0;0.0;0.0;0.43478260869565216;0.0;0.2018348623853211;0.0;0.0;0.0;0.0;0.0
21;30;62;0;0.0;0.0;0.0;0.9130434782608695;1.0;0.5688073394495413;0.0;0.0;0.0;0.0;0.0
7;30;31;0;0.0;0.0;0.0;0.30434782608695654;1.0;0.28440366972477066;0.0;0.0;0.0;0.0;0.0
7;30;20;0;0.0;0.0;0.0;0.30434782608695654;1.0;0.1834862385321101;0.0;0.0;0.0;0.0;0.0
18;0;48;0;0.0;0.0;0.0;0.782608695652174;0.0;0.44036697247706424;0.0;0.0;0.0;0.0;0.0
7;30;19;0;0.0;0.0;0.0;0.30434782608695654;1.0;0.1743119266055046;0.0;0.0;0.0;0.0;0.0
2;30;10;0;0.0;0.0;0.0;0.08695652173913043;1.0;0.09174311926605505;0.0;0.0;0.0;0.0;0.0
16;0;54;0;0.0;0.0;0.0;0.6956521739130435;0.0;0.4954128440366973;0.0;0.0;0.0;0.0;0.0
12;30;34;0;0.0;0.0;0.0;0.5217391304347826;1.0;0.3119266055045872;0.0;0.0;0.0;0.0;0.0
17;0;47;0;0.0;0.0;0.0;0.7391304347826086;0.0;0.43119266055045874;0.0;0.0;0.0;0.0;0.0
21;0;60;0;0.0;0.0;0.0;0.9130434782608695;0.0;0.5504587155963303;0.0;0.0;0.0;0.0;0.0
10;30;22;1;0.4;4.143978385008743e-06;0.0016129032258064516;0.43478260869565216;1.0;0.2018348623853211;0.25;0.016813787305590584;0.25;0.25;0.2
22;30;45;1;0.6;4.143978385008743e-06;0.0016129032258064516;0.9565217391304348;1.0;0.41284403669724773;0.25;0.025220680958385876;0.25;0.25;0.2
6;0;12;0;0.0;0.0;0.0;0.2608695652173913;0.0;0.11009174311926606;0.0;0.0;0.0;0.0;0.0
22;0;47;0;0.0;0.0;0.0;0.9565217391304348;0.0;0.43119266055045874;0.0;0.0;0.0;0.0;0.0
18;0;94;0;0.0;0.0;0.0;0.782608695652174;0.0;0.8623853211009175;0.0;0.0;0.0;0.0;0.0
10;0;26;0;0.0;0.0;0.0;0.43478260869565216;0.0;0.23853211009174313;0.0;0.0;0.0;0.0;0.0
11;0;8;0;0.0;0.0;0.0;0.4782608695652174;0.0;0.07339449541284404;0.0;0.0;0.0;0.0;0.0
12;0;45;0;0.0;0.0;0.0;0.5217391304347826;0.0;0.41284403669724773;0.0;0.0;0.0;0.0;0.0
15;30;74;1;0.0;4.143978385008743e-06;0.0016129032258064516;0.6521739130434783;1.0;0.6788990825688074;0.25;0.0;0.25;0.25;0.0
18;0;13;0;0.0;0.0;0.0;0.782608695652174;0.0;0.11926605504587157;0.0;0.0;0.0;0.0;0.0
0;0;33;0;0.0;0.0;0.0;0.0;0.0;0.30275229357798167;0.0;0.0;0.0;0.0;0.0
21;30;42;0;0.0;0.0;0.0;0.9130434782608695;1.0;0.3853211009174312;0.0;0.0;0.0;0.0;0.0
15;30;44;0;0.0;0.0;0.0;0.6521739130434783;1.0;0.4036697247706422;0.0;0.0;0.0;0.0;0.0
4;30;8;0;0.0;0.0;0.0;0.17391304347826086;1.0;0.07339449541284404;0.0;0.0;0.0;0.0;0.0
13;30;59;0;0.0;0.0;0.0;0.5652173913043478;1.0;0.5412844036697247;0.0;0.0;0.0;0.0;0.0
9;0;28;0;0.0;0.0;0.0;0.391304347826087;0.0;0.25688073394495414;0.0;0.0;0.0;0.0;0.0
19;30;53;0;0.0;0.0;0.0;0.8260869565217391;1.0;0.48623853211009177;0.0;0.0;0.0;0.0;0.0
15;30;31;0;0.0;0.0;0.0;0.6521739130434783;1.0;0.28440366972477066;0.0;0.0;0.0;0.0;0.0
9;0;31;0;0.0;0.0;0.0;0.391304347826087;0.0;0.28440366972477066;0.0;0.0;0.0;0.0;0.0
20;30;62;0;0.0;0.0;0.0;0.8695652173913043;1.0;0.5688073394495413;0.0;0.0;0.0;0.0;0.0
13;30;41;0;0.0;0.0;0.0;0.5652173913043478;1.0;0.3761467889908257;0.0;0.0;0.0;0.0;0.0
22;30;54;0;0.0;0.0;0.0;0.9565217391304348;1.0;0.4954128440366973;0.0;0.0;0.0;0.0;0.0
18;30;46;3;0.0;1.2431935155026231e-05;0.004838709677419355;0.782608695652174;1.0;0.42201834862385323;0.75;0.0;0.75;0.75;0.39
13;0;52;0;0.0;0.0;0.0;0.5652173913043478;0.0;0.47706422018348627;0.0;0.0;0.0;0.0;0.0
10;30;28;0;0.0;0.0;0.0;0.43478260869565216;1.0;0.25688073394495414;0.0;0.0;0.0;0.0;0.0
19;0;66;0;0.0;0.0;0.0;0.8260869565217391;0.0;0.6055045871559633;0.0;0.0;0.0;0.0;0.0
14;30;59;0;0.0;0.0;0.0;0.6086956521739131;1.0;0.5412844036697247;0.0;0.0;0.0;0.0;0.0
14;0;46;0;0.0;0.0;0.0;0.6086956521739131;0.0;0.42201834862385323;0.0;0.0;0.0;0.0;0.0
3;0;11;0;0.0;0.0;0.0;0.13043478260869565;0.0;0.10091743119266056;0.0;0.0;0.0;0.0;0.0
18;30;48;0;0.0;0.0;0.0;0.782608695652174;1.0;0.44036697247706424;0.0;0.0;0.0;0.0;0.0
7;0;11;0;0.0;0.0;0.0;0.30434782608695654;0.0;0.10091743119266056;0.0;0.0;0.0;0.0;0.0
5;0;4;0;0.0;0.0;0.0;0.21739130434782608;0.0;0.03669724770642202;0.0;0.0;0.0;0.0;0.0
19;0;47;0;0.0;0.0;0.0;0.8260869565217391;0.0;0.43119266055045874;0.0;0.0;0.0;0.0;0.0
14;30;37;0;0.2;0.0;0.0;0.6086956521739131;1.0;0.3394495412844037;0.0;0.008406893652795292;0.0;0.0;0.6
13;30;48;0;0.0;0.0;0.0;0.5652173913043478;1.0;0.44036697247706424;0.0;0.0;0.0;0.0;0.0
23;0;50;0;0.0;0.0;0.0;1.0;0.0;0.45871559633027525;0.0;0.0;0.0;0.0;0.0
3;30;5;0;0.0;0.0;0.0;0.13043478260869565;1.0;0.045871559633027525;0.0;0.0;0.0;0.0;0.0
6;30;9;0;0.0;0.0;0.0;0.2608695652173913;1.0;0.08256880733944955;0.0;0.0;0.0;0.0;0.0
4;30;4;0;0.0;0.0;0.0;0.17391304347826086;1.0;0.03669724770642202;0.0;0.0;0.0;0.0;0.0
13;30;40;0;0.0;0.0;0.0;0.5652173913043478;1.0;0.3669724770642202;0.0;0.0;0.0;0.0;0.0
3;30;4;0;0.0;0.0;0.0;0.13043478260869565;1.0;0.03669724770642202;0.0;0.0;0.0;0.0;0.0
18;30;53;0;0.0;0.0;0.0;0.782608695652174;1.0;0.48623853211009177;0.0;0.0;0.0;0.0;0.0
17;30;48;0;0.0;0.0;0.0;0.7391304347826086;1.0;0.44036697247706424;0.0;0.0;0.0;0.0;0.0
22;0;64;0;8.07;0.0;0.0;0.9565217391304348;0.0;0.5871559633027523;0.0;0.33921815889029006;0.0;0.0;0.0
11;30;39;0;0.0;0.0;0.0;0.4782608695652174;1.0;0.3577981651376147;0.0;0.0;0.0;0.0;0.0
8;0;29;0;0.0;0.0;0.0;0.34782608695652173;0.0;0.26605504587155965;0.0;0.0;0.0;0.0;0.0
20;0;47;0;0.0;0.0;0.0;0.8695652173913043;0.0;0.43119266055045874;0.0;0.0;0.0;0.0;0.0
6;0;9;1;0.79;4.143978385008743e-06;0.0016129032258064516;0.2608695652173913;0.0;0.08256880733944955;0.25;0.03320722992854141;0.25;0.25;0.59
15;30;52;0;0.0;0.0;0.0;0.6521739130434783;1.0;0.47706422018348627;0.0;0.0;0.0;0.0;0.0
22;30;58;0;0.0;0.0;0.0;0.9565217391304348;1.0;0.5321100917431193;0.0;0.0;0.0;0.0;0.99
18;0;43;0;0.0;0.0;0.0;0.782608695652174;0.0;0.3944954128440367;0.0;0.0;0.0;0.0;0.0
18;30;0;0;0.0;0.0;0.0;0.782608695652174;1.0;0.0;0.0;0.0;0.0;0.0;0.0
12;30;43;0;0.0;0.0;0.0;0.5217391304347826;1.0;0.3944954128440367;0.0;0.0;0.0;0.0;0.0
1;0;0;0;0.2;0.0;0.0;0.043478260869565216;0.0;0.0;0.0;0.008406893652795292;0.0;0.0;0.0
9;0;30;0;0.0;0.0;0.0;0.391304347826087;0.0;0.27522935779816515;0.0;0.0;0.0;0.0;0.0
23;30;40;0;0.0;0.0;0.0;1.0;1.0;0.3669724770642202;0.0;0.0;0.0;0.0;0.0
0;30;37;0;0.0;0.0;0.0;0.0;1.0;0.3394495412844037;0.0;0.0;0.0;0.0;0.0
14;0;56;0;0.0;0.0;0.0;0.6086956521739131;0.0;0.5137614678899083;0.0;0.0;0.0;0.0;0.0
7;30;14;0;0.0;0.0;0.0;0.30434782608695654;1.0;0.12844036697247707;0.0;0.0;0.0;0.0;0.0
0;0;25;0;0.0;0.0;0.0;0.0;0.0;0.22935779816513763;0.0;0.0;0.0;0.0;0.0
7;0;15;0;0.0;0.0;0.0;0.30434782608695654;0.0;0.13761467889908258;0.0;0.0;0.0;0.0;0.2
3;0;9;0;0.0;0.0;0.0;0.13043478260869565;0.0;0.08256880733944955;0.0;0.0;0.0;0.0;0.0
12;0;47;0;0.0;0.0;0.0;0.5217391304347826;0.0;0.43119266055045874;0.0;0.0;0.0;0.0;0.0
16;0;31;0;0.0;0.0;0.0;0.6956521739130435;0.0;0.28440366972477066;0.0;0.0;0.0;0.0;0.0
13;0;40;0;0.0;0.0;0.0;0.5652173913043478;0.0;0.3669724770642202;0.0;0.0;0.0;0.0;0.0
22;30;50;0;0.0;0.0;0.0;0.9565217391304348;1.0;0.45871559633027525;0.0;0.0;0.0;0.0;0.0
4;30;4;0;0.0;0.0;0.0;0.17391304347826086;1.0;0.03669724770642202;0.0;0.0;0.0;0.0;0.0
6;0;4;0;0.0;0.0;0.0;0.2608695652173913;0.0;0.03669724770642202;0.0;0.0;0.0;0.0;0.0
4;30;10;0;0.2;0.0;0.0;0.17391304347826086;1.0;0.09174311926605505;0.0;0.008406893652795292;0.0;0.0;0.2
16;0;48;0;0.0;0.0;0.0;0.6956521739130435;0.0;0.44036697247706424;0.0;0.0;0.0;0.0;0.0
5;30;5;0;0.0;0.0;0.0;0.21739130434782608;1.0;0.045871559633027525;0.0;0.0;0.0;0.0;0.0
8;30;26;0;0.0;0.0;0.0;0.34782608695652173;1.0;0.23853211009174313;0.0;0.0;0.0;0.0;0.0
1;30;24;0;0.0;0.0;0.0;0.043478260869565216;1.0;0.22018348623853212;0.0;0.0;0.0;0.0;0.0
16;30;33;0;0.0;0.0;0.0;0.6956521739130435;1.0;0.30275229357798167;0.0;0.0;0.0;0.0;0.0
20;30;65;0;0.0;0.0;0.0;0.8695652173913043;1.0;0.5963302752293578;0.0;0.0;0.0;0.0;0.0
12;30;67;0;0.0;0.0;0.0;0.5217391304347826;1.0;0.6146788990825688;0.0;0.0;0.0;0.0;0.0
11;30;41;0;0.0;0.0;0.0;0.4782608695652174;1.0;0.3761467889908257;0.0;0.0;0.0;0.0;0.2
5;30;9;0;0.0;0.0;0.0;0.21739130434782608;1.0;0.08256880733944955;0.0;0.0;0.0;0.0;0.0
23;30;47;0;0.0;0.0;0.0;1.0;1.0;0.43119266055045874;0.0;0.0;0.0;0.0;0.0
20;30;71;0;0.0;0.0;0.0;0.8695652173913043;1.0;0.6513761467889908;0.0;0.0;0.0;0.0;0.0
17;30;33;0;0.0;0.0;0.0;0.7391304347826086;1.0;0.30275229357798167;0.0;0.0;0.0;0.0;0.0
9;30;27;0;0.0;0.0;0.0;0.391304347826087;1.0;0.24770642201834864;0.0;0.0;0.0;0.0;0.0
21;0;45;0;0.0;0.0;0.0;0.9130434782608695;0.0;0.41284403669724773;0.0;0.0;0.0;0.0;0.0
7;30;24;0;0.0;0.0;0.0;0.30434782608695654;1.0;0.22018348623853212;0.0;0.0;0.0;0.0;0.0
21;0;0;0;10.26;0.0;0.0;0.9130434782608695;0.0;0.0;0.0;0.4312736443883985;0.0;0.0;2.75
2;30;8;0;0.0;0.0;0.0;0.08695652173913043;1.0;0.07339449541284404;0.0;0.0;0.0;0.0;0.0
5;0;1;0;0.0;0.0;0.0;0.21739130434782608;0.0;0.009174311926605505;0.0;0.0;0.0;0.0;0.0
9;0;23;2;0.0;8.287956770017487e-06;0.0032258064516129032;0.391304347826087;0.0;0.21100917431192662;0.5;0.0;0.5;0.5;0.0
18;30;25;0;5.31;0.0;0.0;0.782608695652174;1.0;0.22935779816513763;0.0;0.223203026481715;0.0;0.0;12.89
21;0;53;2;0.0;8.287956770017487e-06;0.0032258064516129032;0.9130434782608695;0.0;0.48623853211009177;0.5;0.0;0.5;0.5;0.0
2;30;12;0;0.0;0.0;0.0;0.08695652173913043;1.0;0.11009174311926606;0.0;0.0;0.0;0.0;0.0
6;30;7;0;0.0;0.0;0.0;0.2608695652173913;1.0;0.06422018348623854;0.0;0.0;0.0;0.0;0.0
5;0;8;0;0.0;0.0;0.0;0.21739130434782608;0.0;0.07339449541284404;0.0;0.0;0.0;0.0;0.0
2;30;25;0;0.0;0.0;0.0;0.08695652173913043;1.0;0.22935779816513763;0.0;0.0;0.0;0.0;0.0
11;0;48;0;0.0;0.0;0.0;0.4782608695652174;0.0;0.44036697247706424;0.0;0.0;0.0;0.0;0.0
22;0;55;0;0.0;0.0;0.0;0.9565217391304348;0.0;0.5045871559633027;0.0;0.0;0.0;0.0;0.0
8;30;7;0;0.79;0.0;0.0;0.34782608695652173;1.0;0.06422018348623854;0.0;0.03320722992854141;0.0;0.0;0.0
3;30;5;0;0.0;0.0;0.0;0.13043478260869565;1.0;0.045871559633027525;0.0;0.0;0.0;0.0;0.0
9;0;34;0;0.0;0.0;0.0;0.391304347826087;0.0;0.3119266055045872;0.0;0.0;0.0;0.0;0.0
20;0;25;0;23.79;0.0;0.0;0.8695652173913043;0.0;0.22935779816513763;0.0;1.0;0.0;0.0;4.32
2;0;7;0;0.0;0.0;0.0;0.08695652173913043;0.0;0.06422018348623854;0.0;0.0;0.0;0.0;0.0
10;0;77;0;0.0;0.0;0.0;0.43478260869565216;0.0;0.7064220183486238;0.0;0.0;0.0;0.0;0.0
17;0;39;0;0.4;0.0;0.0;0.7391304347826086;0.0;0.3577981651376147;0.0;0.016813787305590584;0.0;0.0;0.0
7;30;27;0;0.0;0.0;0.0;0.30434782608695654;1.0;0.24770642201834864;0.0;0.0;0.0;0.0;0.0
16;30;55;0;0.0;0.0;0.0;0.6956521739130435;1.0;0.5045871559633027;0.0;0.0;0.0;0.0;0.0
17;0;85;0;0.0;0.0;0.0;0.7391304347826086;0.0;0.7798165137614679;0.0;0.0;0.0;0.0;0.0
1;30;12;0;0.6;0.0;0.0;0.043478260869565216;1.0;0.11009174311926606;0.0;0.025220680958385876;0.0;0.0;0.4
13;30;44;1;0.0;4.143978385008743e-06;0.0016129032258064516;0.5652173913043478;1.0;0.4036697247706422;0.25;0.0;0.25;0.25;0.0
13;0;42;0;0.0;0.0;0.0;0.5652173913043478;0.0;0.3853211009174312;0.0;0.0;0.0;0.0;0.0
11;30;39;0;0.0;0.0;0.0;0.4782608695652174;1.0;0.3577981651376147;0.0;0.0;0.0;0.0;0.0
3;30;9;0;0.0;0.0;0.0;0.13043478260869565;1.0;0.08256880733944955;0.0;0.0;0.0;0.0;0.0
7;30;15;0;0.0;0.0;0.0;0.30434782608695654;1.0;0.13761467889908258;0.0;0.0;0.0;0.0;0.0
13;0;41;0;0.0;0.0;0.0;0.5652173913043478;0.0;0.3761467889908257;0.0;0.0;0.0;0.0;0.0
8;0;19;1;0.0;4.143978385008743e-06;0.0016129032258064516;0.34782608695652173;0.0;0.1743119266055046;0.25;0.0;0.25;0.25;0.0
13;0;60;0;0.0;0.0;0.0;0.5652173913043478;0.0;0.5504587155963303;0.0;0.0;0.0;0.0;0.0
15;30;36;0;0.0;0.0;0.0;0.6521739130434783;1.0;0.3302752293577982;0.0;0.0;0.0;0.0;0.0
5;30;5;0;0.0;0.0;0.0;0.21739130434782608;1.0;0.045871559633027525;0.0;0.0;0.0;0.0;0.0
22;0;42;0;0.0;0.0;0.0;0.9565217391304348;0.0;0.3853211009174312;0.0;0.0;0.0;0.0;0.0
9;30;29;0;0.0;0.0;0.0;0.391304347826087;1.0;0.26605504587155965;0.0;0.0;0.0;0.0;0.0
3;0;6;0;0.0;0.0;0.0;0.13043478260869565;0.0;0.05504587155963303;0.0;0.0;0.0;0.0;0.0
11;0;38;0;0.0;0.0;0.0;0.4782608695652174;0.0;0.3486238532110092;0.0;0.0;0.0;0.0;0.0
7;0;8;0;0.0;0.0;0.0;0.30434782608695654;0.0;0.07339449541284404;0.0;0.0;0.0;0.0;0.0
17;30;32;0;0.2;0.0;0.0;0.7391304347826086;1.0;0.29357798165137616;0.0;0.008406893652795292;0.0;0.0;0.4
10;0;26;0;0.2;0.0;0.0;0.43478260869565216;0.0;0.23853211009174313;0.0;0.008406893652795292;0.0;0.0;0.99
3;30;10;0;0.0;0.0;0.0;0.13043478260869565;1.0;0.09174311926605505;0.0;0.0;0.0;0.0;0.0
9;0;34;0;0.0;0.0;0.0;0.391304347826087;0.0;0.3119266055045872;0.0;0.0;0.0;0.0;0.0
7;0;15;0;0.0;0.0;0.0;0.30434782608695654;0.0;0.13761467889908258;0.0;0.0;0.0;0.0;0.0
6;0;5;0;0.0;0.0;0.0;0.2608695652173913;0.0;0.045871559633027525;0.0;0.0;0.0;0.0;0.0
12;0;47;0;0.0;0.0;0.0;0.5217391304347826;0.0;0.43119266055045874;0.0;0.0;0.0;0.0;0.0
1;0;21;0;0.0;0.0;0.0;0.043478260869565216;0.0;0.1926605504587156;0.0;0.0;0.0;0.0;0.0
1;0;12;0;0.0;0.0;0.0;0.043478260869565216;0.0;0.11009174311926606;0.0;0.0;0.0;0.0;0.0
9;30;24;0;0.0;0.0;0.0;0.391304347826087;1.0;0.22018348623853212;0.0;0.0;0.0;0.0;0.0
9;30;30;0;0.0;0.0;0.0;0.391304347826087;1.0;0.27522935779816515;0.0;0.0;0.0;0.0;0.0
12;30;55;0;0.0;0.0;0.0;0.5217391304347826;1.0;0.5045871559633027;0.0;0.0;0.0;0.0;0.0
6;0;0;0;0.0;0.0;0.0;0.2608695652173913;0.0;0.0;0.0;0.0;0.0;0.0;0.0
8;0;11;0;0.0;0.0;0.0;0.34782608695652173;0.0;0.10091743119266056;0.0;0.0;0.0;0.0;0.0
6;0;7;0;0.0;0.0;0.0;0.2608695652173913;0.0;0.06422018348623854;0.0;0.0;0.0;0.0;0.0
15;30;61;0;0.0;0.0;0.0;0.6521739130434783;1.0;0.5596330275229358;0.0;0.0;0.0;0.0;0.0
12;0;52;0;0.0;0.0;0.0;0.5217391304347826;0.0;0.47706422018348627;0.0;0.0;0.0;0.0;0.0
22;0;44;0;0.0;0.0;0.0;0.9565217391304348;0.0;0.4036697247706422;0.0;0.0;0.0;0.0;0.0
11;0;33;0;0.0;0.0;0.0;0.4782608695652174;0.0;0.30275229357798167;0.0;0.0;0.0;0.0;0.0
23;30;57;0;0.0;0.0;0.0;1.0;1.0;0.5229357798165137;0.0;0.0;0.0;0.0;0.0
0;30;34;0;0.0;0.0;0.0;0.0;1.0;0.3119266055045872;0.0;0.0;0.0;0.0;0.0
16;0;57;2;0.0;8.287956770017487e-06;0.0032258064516129032;0.6956521739130435;0.0;0.5229357798165137;0.5;0.0;0.5;0.5;0.0
11;0;31;0;0.0;0.0;0.0;0.4782608695652174;0.0;0.28440366972477066;0.0;0.0;0.0;0.0;0.0
16;30;47;0;0.0;0.0;0.0;0.6956521739130435;1.0;0.43119266055045874;0.0;0.0;0.0;0.0;0.0
23;30;19;0;0.0;0.0;0.0;1.0;1.0;0.1743119266055046;0.0;0.0;0.0;0.0;0.0
16;0;41;0;0.0;0.0;0.0;0.6956521739130435;0.0;0.3761467889908257;0.0;0.0;0.0;0.0;0.0
2;0;28;0;0.0;0.0;0.0;0.08695652173913043;0.0;0.25688073394495414;0.0;0.0;0.0;0.0;0.0
2;0;32;0;0.0;0.0;0.0;0.08695652173913043;0.0;0.29357798165137616;0.0;0.0;0.0;0.0;0.0
8;0;24;0;0.0;0.0;0.0;0.34782608695652173;0.0;0.22018348623853212;0.0;0.0;0.0;0.0;0.0
1;30;11;0;0.0;0.0;0.0;0.043478260869565216;1.0;0.10091743119266056;0.0;0.0;0.0;0.0;0.0
13;0;37;0;0.0;0.0;0.0;0.5652173913043478;0.0;0.3394495412844037;0.0;0.0;0.0;0.0;0.0
17;0;33;0;0.0;0.0;0.0;0.7391304347826086;0.0;0.30275229357798167;0.0;0.0;0.0;0.0;0.0
22;30;42;0;0.0;0.0;0.0;0.9565217391304348;1.0;0.3853211009174312;0.0;0.0;0.0;0.0;0.0
10;30;32;0;0.0;0.0;0.0;0.43478260869565216;1.0;0.29357798165137616;0.0;0.0;0.0;0.0;0.0
2;30;9;0;0.0;0.0;0.0;0.08695652173913043;1.0;0.08256880733944955;0.0;0.0;0.0;0.0;0.0
6;30;14;0;0.0;0.0;0.0;0.2608695652173913;1.0;0.12844036697247707;0.0;0.0;0.0;0.0;0.0
19;30;79;0;0.0;0.0;0.0;0.8260869565217391;1.0;0.7247706422018348;0.0;0.0;0.0;0.0;0.0
12;30;36;0;0.0;0.0;0.0;0.5217391304347826;1.0;0.3302752293577982;0.0;0.0;0.0;0.0;0.0
14;30;36;0;0.0;0.0;0.0;0.6086956521739131;1.0;0.3302752293577982;0.0;0.0;0.0;0.0;0.0
9;0;24;0;0.0;0.0;0.0;0.391304347826087;0.0;0.22018348623853212;0.0;0.0;0.0;0.0;0.0
7;0;24;0;0.0;0.0;0.0;0.30434782608695654;0.0;0.22018348623853212;0.0;0.0;0.0;0.0;0.0
14;30;53;0;0.0;0.0;0.0;0.6086956521739131;1.0;0.48623853211009177;0.0;0.0;0.0;0.0;0.0
8;0;33;0;0.0;0.0;0.0;0.34782608695652173;0.0;0.30275229357798167;0.0;0.0;0.0;0.0;0.0
11;30;23;0;0.0;0.0;0.0;0.4782608695652174;1.0;0.21100917431192662;0.0;0.0;0.0;0.0;0.0
10;0;35;0;0.0;0.0;0.0;0.43478260869565216;0.0;0.3211009174311927;0.0;0.0;0.0;0.0;0.2
1;30;7;0;0.2;0.0;0.0;0.043478260869565216;1.0;0.06422018348623854;0.0;0.008406893652795292;0.0;0.0;0.0
3;30;10;0;0.0;0.0;0.0;0.13043478260869565;1.0;0.09174311926605505;0.0;0.0;0.0;0.0;0.0
9;0;9;0;0.0;0.0;0.0;0.391304347826087;0.0;0.08256880733944955;0.0;0.0;0.0;0.0;0.4
1;0;29;0;0.0;0.0;0.0;0.043478260869565216;0.0;0.26605504587155965;0.0;0.0;0.0;0.0;0.0
12;0;47;0;0.0;0.0;0.0;0.5217391304347826;0.0;0.43119266055045874;0.0;0.0;0.0;0.0;0.0
16;30;45;1;1.78;4.143978385008743e-06;0.0016129032258064516;0.6956521739130435;1.0;0.41284403669724773;0.25;0.0748213535098781;0.25;0.25;0.79
1;30;17;0;0.0;0.0;0.0;0.043478260869565216;1.0;0.1559633027522936;0.0;0.0;0.0;0.0;0.0
7;0;9;0;0.0;0.0;0.0;0.30434782608695654;0.0;0.08256880733944955;0.0;0.0;0.0;0.0;0.0
2;30;0;0;0.0;0.0;0.0;0.08695652173913043;1.0;0.0;0.0;0.0;0.0;0.0;0.0
21;30;58;0;0.0;0.0;0.0;0.9130434782608695;1.0;0.5321100917431193;0.0;0.0;0.0;0.0;0.0
22;0;41;0;0.0;0.0;0.0;0.9565217391304348;0.0;0.3761467889908257;0.0;0.0;0.0;0.0;0.0
23;0;55;0;0.0;0.0;0.0;1.0;0.0;0.5045871559633027;0.0;0.0;0.0;0.0;0.0
19;30;58;0;0.0;0.0;0.0;0.8260869565217391;1.0;0.5321100917431193;0.0;0.0;0.0;0.0;0.0
9;0;28;0;0.0;0.0;0.0;0.391304347826087;0.0;0.25688073394495414;0.0;0.0;0.0;0.0;0.0
3;30;25;0;0.0;0.0;0.0;0.13043478260869565;1.0;0.22935779816513763;0.0;0.0;0.0;0.0;0.0
10;0;31;1;0.0;4.143978385008743e-06;0.0016129032258064516;0.43478260869565216;0.0;0.28440366972477066;0.25;0.0;0.25;0.25;0.0
11;30;30;0;0.0;0.0;0.0;0.4782608695652174;1.0;0.27522935779816515;0.0;0.0;0.0;0.0;0.0
4;30;6;0;0.6;0.0;0.0;0.17391304347826086;1.0;0.05504587155963303;0.0;0.025220680958385876;0.0;0.0;0.2
6;0;4;0;0.0;0.0;0.0;0.2608695652173913;0.0;0.03669724770642202;0.0;0.0;0.0;0.0;0.0
17;0;43;0;0.0;0.0;0.0;0.7391304347826086;0.0;0.3944954128440367;0.0;0.0;0.0;0.0;0.0
9;30;24;0;0.0;0.0;0.0;0.391304347826087;1.0;0.22018348623853212;0.0;0.0;0.0;0.0;0.0
12;0;44;0;0.0;0.0;0.0;0.5217391304347826;0.0;0.4036697247706422;0.0;0.0;0.0;0.0;0.0
9;0;19;0;0.0;0.0;0.0;0.391304347826087;0.0;0.1743119266055046;0.0;0.0;0.0;0.0;0.0
11;0;53;0;0.0;0.0;0.0;0.4782608695652174;0.0;0.48623853211009177;0.0;0.0;0.0;0.0;0.0
2;0;14;0;0.0;0.0;0.0;0.08695652173913043;0.0;0.12844036697247707;0.0;0.0;0.0;0.0;0.0
22;0;42;0;0.0;0.0;0.0;0.9565217391304348;0.0;0.3853211009174312;0.0;0.0;0.0;0.0;0.0
12;0;44;0;0.0;0.0;0.0;0.5217391304347826;0.0;0.4036697247706422;0.0;0.0;0.0;0.0;0.0
19;30;52;0;0.0;0.0;0.0;0.8260869565217391;1.0;0.47706422018348627;0.0;0.0;0.0;0.0;0.0
0;0;27;0;0.0;0.0;0.0;0.0;0.0;0.24770642201834864;0.0;0.0;0.0;0.0;0.0
17;30;43;3;22.66;1.2431935155026231e-05;0.004838709677419355;0.7391304347826086;1.0;0.3944954128440367;0.75;0.9525010508617067;0.75;0.75;0.79
0;0;58;0;0.0;0.0;0.0;0.0;0.0;0.5321100917431193;0.0;0.0;0.0;0.0;0.0
14;0;57;0;0.0;0.0;0.0;0.6086956521739131;0.0;0.5229357798165137;0.0;0.0;0.0;0.0;0.0
6;0;0;0;0.0;0.0;0.0;0.2608695652173913;0.0;0.0;0.0;0.0;0.0;0.0;0.0
4;0;2;0;0.0;0.0;0.0;0.17391304347826086;0.0;0.01834862385321101;0.0;0.0;0.0;0.0;0.0
3;30;8;0;0.6;0.0;0.0;0.13043478260869565;1.0;0.07339449541284404;0.0;0.025220680958385876;0.0;0.0;0.0
18;0;26;2;0.0;8.287956770017487e-06;0.0032258064516129032;0.782608695652174;0.0;0.23853211009174313;0.5;0.0;0.5;0.5;5.31
5;30;2;0;0.0;0.0;0.0;0.21739130434782608;1.0;0.01834862385321101;0.0;0.0;0.0;0.0;0.0
17;30;65;0;0.0;0.0;0.0;0.7391304347826086;1.0;0.5963302752293578;0.0;0.0;0.0;0.0;0.0
10;30;43;0;0.0;0.0;0.0;0.43478260869565216;1.0;0.3944954128440367;0.0;0.0;0.0;0.0;0.0
23;30;63;0;0.0;0.0;0.0;1.0;1.0;0.5779816513761468;0.0;0.0;0.0;0.0;0.0
15;0;20;0;0.0;0.0;0.0;0.6521739130434783;0.0;0.1834862385321101;0.0;0.0;0.0;0.0;0.0
21;30;55;0;1.77;0.0;0.0;0.9130434782608695;1.0;0.5045871559633027;0.0;0.07440100882723834;0.0;0.0;0.79
14;30;58;0;0.0;0.0;0.0;0.6086956521739131;1.0;0.5321100917431193;0.0;0.0;0.0;0.0;0.0
2;0;13;0;0.0;0.0;0.0;0.08695652173913043;0.0;0.11926605504587157;0.0;0.0;0.0;0.0;0.0
16;0;34;0;0.0;0.0;0.0;0.6956521739130435;0.0;0.3119266055045872;0.0;0.0;0.0;0.0;0.0
15;0;60;0;0.0;0.0;0.0;0.6521739130434783;0.0;0.5504587155963303;0.0;0.0;0.0;0.0;0.0
12;0;43;0;0.0;0.0;0.0;0.5217391304347826;0.0;0.3944954128440367;0.0;0.0;0.0;0.0;0.0
10;0;27;3;0.0;1.2431935155026231e-05;0.004838709677419355;0.43478260869565216;0.0;0.24770642201834864;0.75;0.0;0.75;0.75;1.19
3;0;6;0;0.0;0.0;0.0;0.13043478260869565;0.0;0.05504587155963303;0.0;0.0;0.0;0.0;0.0
23;0;38;0;0.0;0.0;0.0;1.0;0.0;0.3486238532110092;0.0;0.0;0.0;0.0;0.0
2;30;9;0;0.0;0.0;0.0;0.08695652173913043;1.0;0.08256880733944955;0.0;0.0;0.0;0.0;0.0
3;0;0;0;0.0;0.0;0.0;0.13043478260869565;0.0;0.0;0.0;0.0;0.0;0.0;0.0
13;30;69;0;0.0;0.0;0.0;0.5652173913043478;1.0;0.6330275229357798;0.0;0.0;0.0;0.0;0.0
3;0;15;0;0.0;0.0;0.0;0.13043478260869565;0.0;0.13761467889908258;0.0;0.0;0.0;0.0;0.0
15;0;42;1;0.0;4.143978385008743e-06;0.0016129032258064516;0.6521739130434783;0.0;0.3853211009174312;0.25;0.0;0.25;0.25;0.0
3;30;5;0;0.0;0.0;0.0;0.13043478260869565;1.0;0.045871559633027525;0.0;0.0;0.0;0.0;0.0
15;30;42;0;0.0;0.0;0.0;0.6521739130434783;1.0;0.3853211009174312;0.0;0.0;0.0;0.0;0.0
1;30;25;0;0.0;0.0;0.0;0.043478260869565216;1.0;0.22935779816513763;0.0;0.0;0.0;0.0;0.0
1;30;24;0;0.0;0.0;0.0;0.043478260869565216;1.0;0.22018348623853212;0.0;0.0;0.0;0.0;0.0
17;30;36;2;0.0;8.287956770017487e-06;0.0032258064516129032;0.7391304347826086;1.0;0.3302752293577982;0.5;0.0;0.5;0.5;0.0
15;30;33;0;0.0;0.0;0.0;0.6521739130434783;1.0;0.30275229357798167;0.0;0.0;0.0;0.0;0.0
10;0;30;0;0.0;0.0;0.0;0.43478260869565216;0.0;0.27522935779816515;0.0;0.0;0.0;0.0;0.0
9;30;38;0;0.0;0.0;0.0;0.391304347826087;1.0;0.3486238532110092;0.0;0.0;0.0;0.0;0.0
23;30;43;0;1.97;0.0;0.0;1.0;1.0;0.3944954128440367;0.0;0.08280790248003363;0.0;0.0;0.98
22;0;66;0;0.0;0.0;0.0;0.9565217391304348;0.0;0.6055045871559633;0.0;0.0;0.0;0.0;0.0
7;30;16;0;0.0;0.0;0.0;0.30434782608695654;1.0;0.14678899082568808;0.0;0.0;0.0;0.0;0.0
7;30;21;0;0.0;0.0;0.0;0.30434782608695654;1.0;0.1926605504587156;0.0;0.0;0.0;0.0;0.0
14;0;41;0;0.0;0.0;0.0;0.6086956521739131;0.0;0.3761467889908257;0.0;0.0;0.0;0.0;0.0
20;30;47;0;0.0;0.0;0.0;0.8695652173913043;1.0;0.43119266055045874;0.0;0.0;0.0;0.0;0.0
9;30;35;0;0.0;0.0;0.0;0.391304347826087;1.0;0.3211009174311927;0.0;0.0;0.0;0.0;0.0
9;0;47;0;0.0;0.0;0.0;0.391304347826087;0.0;0.43119266055045874;0.0;0.0;0.0;0.0;0.0
9;0;36;0;0.0;0.0;0.0;0.391304347826087;0.0;0.3302752293577982;0.0;0.0;0.0;0.0;0.0
5;30;0;0;0.0;0.0;0.0;0.21739130434782608;1.0;0.0;0.0;0.0;0.0;0.0;0.0
4;0;17;0;0.0;0.0;0.0;0.17391304347826086;0.0;0.1559633027522936;0.0;0.0;0.0;0.0;0.0
3;0;7;0;0.0;0.0;0.0;0.13043478260869565;0.0;0.06422018348623854;0.0;0.0;0.0;0.0;0.0
18;30;57;0;0.0;0.0;0.0;0.782608695652174;1.0;0.5229357798165137;0.0;0.0;0.0;0.0;0.0
15;0;75;0;0.0;0.0;0.0;0.6521739130434783;0.0;0.6880733944954128;0.0;0.0;0.0;0.0;0.0
15;30;49;0;0.0;0.0;0.0;0.6521739130434783;1.0;0.44954128440366975;0.0;0.0;0.0;0.0;0.0
0;0;37;0;0.0;0.0;0.0;0.0;0.0;0.3394495412844037;0.0;0.0;0.0;0.0;0.0
13;0;57;0;0.0;0.0;0.0;0.5652173913043478;0.0;0.5229357798165137;0.0;0.0;0.0;0.0;0.0
10;0;31;0;0.0;0.0;0.0;0.43478260869565216;0.0;0.28440366972477066;0.0;0.0;0.0;0.0;0.0
7;30;19;0;0.0;0.0;0.0;0.30434782608695654;1.0;0.1743119266055046;0.0;0.0;0.0;0.0;0.0
13;30;48;0;0.0;0.0;0.0;0.5652173913043478;1.0;0.44036697247706424;0.0;0.0;0.0;0.0;0.0
16;0;73;0;0.0;0.0;0.0;0.6956521739130435;0.0;0.6697247706422018;0.0;0.0;0.0;0.0;0.0
6;30;8;0;0.0;0.0;0.0;0.2608695652173913;1.0;0.07339449541284404;0.0;0.0;0.0;0.0;0.0
19;30;66;0;0.0;0.0;0.0;0.8260869565217391;1.0;0.6055045871559633;0.0;0.0;0.0;0.0;0.0
16;30;63;2;0.0;8.287956770017487e-06;0.0032258064516129032;0.6956521739130435;1.0;0.5779816513761468;0.5;0.0;0.5;0.5;0.4
20;0;0;0;0.4;0.0;0.0;0.8695652173913043;0.0;0.0;0.0;0.016813787305590584;0.0;0.0;1.57
8;0;12;0;0.0;0.0;0.0;0.34782608695652173;0.0;0.11009174311926606;0.0;0.0;0.0;0.0;0.0
14;30;50;0;0.0;0.0;0.0;0.6086956521739131;1.0;0.45871559633027525;0.0;0.0;0.0;0.0;0.0
20;0;59;0;0.0;0.0;0.0;0.8695652173913043;0.0;0.5412844036697247;0.0;0.0;0.0;0.0;0.0
7;0;7;0;0.0;0.0;0.0;0.30434782608695654;0.0;0.06422018348623854;0.0;0.0;0.0;0.0;0.0
3;30;12;0;0.0;0.0;0.0;0.13043478260869565;1.0;0.11009174311926606;0.0;0.0;0.0;0.0;0.0
11;0;38;0;0.0;0.0;0.0;0.4782608695652174;0.0;0.3486238532110092;0.0;0.0;0.0;0.0;0.0
17;30;44;0;0.0;0.0;0.0;0.7391304347826086;1.0;0.4036697247706422;0.0;0.0;0.0;0.0;0.0
21;0;74;0;0.0;0.0;0.0;0.9130434782608695;0.0;0.6788990825688074;0.0;0.0;0.0;0.0;0.0
20;30;76;0;0.0;0.0;0.0;0.8695652173913043;1.0;0.6972477064220184;0.0;0.0;0.0;0.0;0.0
1;30;12;0;0.0;0.0;0.0;0.043478260869565216;1.0;0.11009174311926606;0.0;0.0;0.0;0.0;0.0
18;0;67;0;0.0;0.0;0.0;0.782608695652174;0.0;0.6146788990825688;0.0;0.0;0.0;0.0;0.0
22;30;41;0;0.0;0.0;0.0;0.9565217391304348;1.0;0.3761467889908257;0.0;0.0;0.0;0.0;0.0
22;0;53;0;0.0;0.0;0.0;0.9565217391304348;0.0;0.48623853211009177;0.0;0.0;0.0;0.0;0.0
17;30;0;0;0.0;0.0;0.0;0.7391304347826086;1.0;0.0;0.0;0.0;0.0;0.0;0.0
15;30;40;0;0.0;0.0;0.0;0.6521739130434783;1.0;0.3669724770642202;0.0;0.0;0.0;0.0;0.0
21;30;39;0;0.59;0.0;0.0;0.9130434782608695;1.0;0.3577981651376147;0.0;0.024800336275746113;0.0;0.0;0.59
13;0;47;0;0.0;0.0;0.0;0.5652173913043478;0.0;0.43119266055045874;0.0;0.0;0.0;0.0;0.0
13;30;64;0;0.0;0.0;0.0;0.5652173913043478;1.0;0.5871559633027523;0.0;0.0;0.0;0.0;0.0
23;0;50;0;0.0;0.0;0.0;1.0;0.0;0.45871559633027525;0.0;0.0;0.0;0.0;0.0
14;30;42;0;0.0;0.0;0.0;0.6086956521739131;1.0;0.3853211009174312;0.0;0.0;0.0;0.0;0.0
19;30;50;0;0.0;0.0;0.0;0.8260869565217391;1.0;0.45871559633027525;0.0;0.0;0.0;0.0;0.0
18;30;56;0;0.0;0.0;0.0;0.782608695652174;1.0;0.5137614678899083;0.0;0.0;0.0;0.0;0.0
8;30;29;0;0.0;0.0;0.0;0.34782608695652173;1.0;0.26605504587155965;0.0;0.0;0.0;0.0;0.0
20;0;35;0;0.0;0.0;0.0;0.8695652173913043;0.0;0.3211009174311927;0.0;0.0;0.0;0.0;0.0
7;0;4;0;0.0;0.0;0.0;0.30434782608695654;0.0;0.03669724770642202;0.0;0.0;0.0;0.0;0.0
0;0;31;0;0.0;0.0;0.0;0.0;0.0;0.28440366972477066;0.0;0.0;0.0;0.0;0.0
21;0;43;0;0.0;0.0;0.0;0.9130434782608695;0.0;0.3944954128440367;0.0;0.0;0.0;0.0;0.0
0;30;28;0;0.0;0.0;0.0;0.0;1.0;0.25688073394495414;0.0;0.0;0.0;0.0;0.0
2;30;24;0;0.0;0.0;0.0;0.08695652173913043;1.0;0.22018348623853212;0.0;0.0;0.0;0.0;0.0
2;0;9;0;0.0;0.0;0.0;0.08695652173913043;0.0;0.08256880733944955;0.0;0.0;0.0;0.0;0.0
5;30;7;0;0.0;0.0;0.0;0.21739130434782608;1.0;0.06422018348623854;0.0;0.0;0.0;0.0;0.0
6;0;9;0;0.0;0.0;0.0;0.2608695652173913;0.0;0.08256880733944955;0.0;0.0;0.0;0.0;0.0
17;0;53;0;0.0;0.0;0.0;0.7391304347826086;0.0;0.48623853211009177;0.0;0.0;0.0;0.0;0.0
17;30;105;0;0.0;0.0;0.0;0.7391304347826086;1.0;0.963302752293578;0.0;0.0;0.0;0.0;0.0
22;0;49;0;0.0;0.0;0.0;0.9565217391304348;0.0;0.44954128440366975;0.0;0.0;0.0;0.0;0.0
23;30;45;0;0.0;0.0;0.0;1.0;1.0;0.41284403669724773;0.0;0.0;0.0;0.0;0.0
18;30;36;0;0.0;0.0;0.0;0.782608695652174;1.0;0.3302752293577982;0.0;0.0;0.0;0.0;0.0
9;0;39;0;0.0;0.0;0.0;0.391304347826087;0.0;0.3577981651376147;0.0;0.0;0.0;0.0;0.0
5;0;2;0;0.0;0.0;0.0;0.21739130434782608;0.0;0.01834862385321101;0.0;0.0;0.0;0.0;0.0
4;0;3;0;0.0;0.0;0.0;0.17391304347826086;0.0;0.027522935779816515;0.0;0.0;0.0;0.0;0.0
7;30;25;0;0.0;0.0;0.0;0.30434782608695654;1.0;0.22935779816513763;0.0;0.0;0.0;0.0;0.0
14;0;65;0;0.0;0.0;0.0;0.6086956521739131;0.0;0.5963302752293578;0.0;0.0;0.0;0.0;0.0
22;30;41;0;0.0;0.0;0.0;0.9565217391304348;1.0;0.3761467889908257;0.0;0.0;0.0;0.0;0.0
14;0;47;0;0.0;0.0;0.0;0.6086956521739131;0.0;0.43119266055045874;0.0;0.0;0.0;0.0;0.0
20;0;61;0;0.0;0.0;0.0;0.8695652173913043;0.0;0.5596330275229358;0.0;0.0;0.0;0.0;0.0
7;30;28;0;0.0;0.0;0.0;0.30434782608695654;1.0;0.25688073394495414;0.0;0.0;0.0;0.0;0.0
9;0;24;0;0.0;0.0;0.0;0.391304347826087;0.0;0.22018348623853212;0.0;0.0;0.0;0.0;0.0
6;30;12;0;0.0;0.0;0.0;0.2608695652173913;1.0;0.11009174311926606;0.0;0.0;0.0;0.0;0.0
15;30;77;0;0.0;0.0;0.0;0.6521739130434783;1.0;0.7064220183486238;0.0;0.0;0.0;0.0;0.0
11;0;31;0;0.0;0.0;0.0;0.4782608695652174;0.0;0.28440366972477066;0.0;0.0;0.0;0.0;0.0
16;30;66;0;0.0;0.0;0.0;0.6956521739130435;1.0;0.6055045871559633;0.0;0.0;0.0;0.0;0.0
8;30;17;0;0.0;0.0;0.0;0.34782608695652173;1.0;0.1559633027522936;0.0;0.0;0.0;0.0;0.0
20;30;40;0;0.0;0.0;0.0;0.8695652173913043;1.0;0.3669724770642202;0.0;0.0;0.0;0.0;0.0
16;30;0;0;0.59;0.0;0.0;0.6956521739130435;1.0;0.0;0.0;0.024800336275746113;0.0;0.0;0.2
22;30;67;0;0.0;0.0;0.0;0.9565217391304348;1.0;0.6146788990825688;0.0;0.0;0.0;0.0;0.0
4;0;19;0;0.0;0.0;0.0;0.17391304347826086;0.0;0.1743119266055046;0.0;0.0;0.0;0.0;0.0
6;0;7;0;0.0;0.0;0.0;0.2608695652173913;0.0;0.06422018348623854;0.0;0.0;0.0;0.0;0.0
9;30;25;0;0.0;0.0;0.0;0.391304347826087;1.0;0.22935779816513763;0.0;0.0;0.0;0.0;0.0
15;0;49;0;0.0;0.0;0.0;0.6521739130434783;0.0;0.44954128440366975;0.0;0.0;0.0;0.0;0.0
3;0;11;0;0.0;0.0;0.0;0.13043478260869565;0.0;0.10091743119266056;0.0;0.0;0.0;0.0;0.0
12;30;54;0;0.0;0.0;0.0;0.5217391304347826;1.0;0.4954128440366973;0.0;0.0;0.0;0.0;0.0
13;0;49;0;0.0;0.0;0.0;0.5652173913043478;0.0;0.44954128440366975;0.0;0.0;0.0;0.0;0.0
21;0;40;0;1.18;0.0;0.0;0.9130434782608695;0.0;0.3669724770642202;0.0;0.049600672551492225;0.0;0.0;1.77
19;0;42;0;0.0;0.0;0.0;0.8260869565217391;0.0;0.3853211009174312;0.0;0.0;0.0;0.0;0.0
10;30;35;0;0.0;0.0;0.0;0.43478260869565216;1.0;0.3211009174311927;0.0;0.0;0.0;0.0;0.0
22;30;21;0;0.0;0.0;0.0;0.9565217391304348;1.0;0.1926605504587156;0.0;0.0;0.0;0.0;0.0
22;0;43;0;0.79;0.0;0.0;0.9565217391304348;0.0;0.3944954128440367;0.0;0.03320722992854141;0.0;0.0;0.6
1;0;16;0;0.0;0.0;0.0;0.043478260869565216;0.0;0.14678899082568808;0.0;0.0;0.0;0.0;0.0
11;30;37;0;0.0;0.0;0.0;0.4782608695652174;1.0;0.3394495412844037;0.0;0.0;0.0;0.0;0.0
14;30;33;0;0.0;0.0;0.0;0.6086956521739131;1.0;0.30275229357798167;0.0;0.0;0.0;0.0;0.0
22;30;36;1;0.0;4.143978385008743e-06;0.0016129032258064516;0.9565217391304348;1.0;0.3302752293577982;0.25;0.0;0.25;0.25;0.0
2;30;8;0;0.0;0.0;0.0;0.08695652173913043;1.0;0.07339449541284404;0.0;0.0;0.0;0.0;0.0
23;0;40;0;0.0;0.0;0.0;1.0;0.0;0.3669724770642202;0.0;0.0;0.0;0.0;0.0
1;0;30;0;0.0;0.0;0.0;0.043478260869565216;0.0;0.27522935779816515;0.0;0.0;0.0;0.0;0.0
20;30;75;0;0.0;0.0;0.0;0.8695652173913043;1.0;0.6880733944954128;0.0;0.0;0.0;0.0;0.0
17;30;51;0;0.0;0.0;0.0;0.7391304347826086;1.0;0.46788990825688076;0.0;0.0;0.0;0.0;0.0
20;30;49;0;0.0;0.0;0.0;0.8695652173913043;1.0;0.44954128440366975;0.0;0.0;0.0;0.0;0.0
9;30;39;0;0.0;0.0;0.0;0.391304347826087;1.0;0.3577981651376147;0.0;0.0;0.0;0.0;0.0
21;30;0;0;0.0;0.0;0.0;0.9130434782608695;1.0;0.0;0.0;0.0;0.0;0.0;0.0
10;30;39;0;0.0;0.0;0.0;0.43478260869565216;1.0;0.3577981651376147;0.0;0.0;0.0;0.0;0.0
18;30;54;0;0.0;0.0;0.0;0.782608695652174;1.0;0.4954128440366973;0.0;0.0;0.0;0.0;0.0
10;0;22;0;0.0;0.0;0.0;0.43478260869565216;0.0;0.2018348623853211;0.0;0.0;0.0;0.0;0.0
6;0;7;0;0.0;0.0;0.0;0.2608695652173913;0.0;0.06422018348623854;0.0;0.0;0.0;0.0;0.0
16;0;59;0;0.0;0.0;0.0;0.6956521739130435;0.0;0.5412844036697247;0.0;0.0;0.0;0.0;0.0
10;30;22;0;0.0;0.0;0.0;0.43478260869565216;1.0;0.2018348623853211;0.0;0.0;0.0;0.0;0.0
12;0;46;0;0.0;0.0;0.0;0.5217391304347826;0.0;0.42201834862385323;0.0;0.0;0.0;0.0;0.0
2;0;11;0;0.0;0.0;0.0;0.08695652173913043;0.0;0.10091743119266056;0.0;0.0;0.0;0.0;0.0
0;30;34;0;0.0;0.0;0.0;0.0;1.0;0.3119266055045872;0.0;0.0;0.0;0.0;0.0
13;0;54;0;0.0;0.0;0.0;0.5652173913043478;0.0;0.4954128440366973;0.0;0.0;0.0;0.0;0.0
5;0;7;0;0.0;0.0;0.0;0.21739130434782608;0.0;0.06422018348623854;0.0;0.0;0.0;0.0;0.0
10;30;35;0;0.0;0.0;0.0;0.43478260869565216;1.0;0.3211009174311927;0.0;0.0;0.0;0.0;0.0
11;0;48;0;0.0;0.0;0.0;0.4782608695652174;0.0;0.44036697247706424;0.0;0.0;0.0;0.0;0.0
11;30;30;0;0.0;0.0;0.0;0.4782608695652174;1.0;0.27522935779816515;0.0;0.0;0.0;0.0;0.0
2;0;14;0;0.0;0.0;0.0;0.08695652173913043;0.0;0.12844036697247707;0.0;0.0;0.0;0.0;0.0
14;0;55;0;0.0;0.0;0.0;0.6086956521739131;0.0;0.5045871559633027;0.0;0.0;0.0;0.0;0.0
9;30;30;0;0.0;0.0;0.0;0.391304347826087;1.0;0.27522935779816515;0.0;0.0;0.0;0.0;0.2
20;0;49;0;0.0;0.0;0.0;0.8695652173913043;0.0;0.44954128440366975;0.0;0.0;0.0;0.0;0.0
6;30;24;0;0.0;0.0;0.0;0.2608695652173913;1.0;0.22018348623853212;0.0;0.0;0.0;0.0;0.0
1;0;0;0;0.0;0.0;0.0;0.043478260869565216;0.0;0.0;0.0;0.0;0.0;0.0;0.0
6;30;9;0;0.0;0.0;0.0;0.2608695652173913;1.0;0.08256880733944955;0.0;0.0;0.0;0.0;0.0
5;0;2;0;0.0;0.0;0.0;0.21739130434782608;0.0;0.01834862385321101;0.0;0.0;0.0;0.0;0.0
7;0;12;0;1.76;0.0;0.0;0.30434782608695654;0.0;0.11009174311926606;0.0;0.07398066414459857;0.0;0.0;0.4
4;0;5;0;0.0;0.0;0.0;0.17391304347826086;0.0;0.045871559633027525;0.0;0.0;0.0;0.0;0.0
21;0;28;0;0.2;0.0;0.0;0.9130434782608695;0.0;0.25688073394495414;0.0;0.008406893652795292;0.0;0.0;0.59
0;30;34;0;0.0;0.0;0.0;0.0;1.0;0.3119266055045872;0.0;0.0;0.0;0.0;0.0
6;0;3;0;0.0;0.0;0.0;0.2608695652173913;0.0;0.027522935779816515;0.0;0.0;0.0;0.0;0.0
12;30;21;0;0.2;0.0;0.0;0.5217391304347826;1.0;0.1926605504587156;0.0;0.008406893652795292;0.0;0.0;0.0
1;30;13;0;0.0;0.0;0.0;0.043478260869565216;1.0;0.11926605504587157;0.0;0.0;0.0;0.0;0.0
0;30;23;0;0.0;0.0;0.0;0.0;1.0;0.21100917431192662;0.0;0.0;0.0;0.0;0.0
1;0;20;0;0.0;0.0;0.0;0.043478260869565216;0.0;0.1834862385321101;0.0;0.0;0.0;0.0;0.0
22;0;50;0;0.0;0.0;0.0;0.9565217391304348;0.0;0.45871559633027525;0.0;0.0;0.0;0.0;0.0
11;0;42;0;0.0;0.0;0.0;0.4782608695652174;0.0;0.3853211009174312;0.0;0.0;0.0;0.0;0.0
2;30;10;0;0.0;0.0;0.0;0.08695652173913043;1.0;0.09174311926605505;0.0;0.0;0.0;0.0;0.0
4;0;4;0;0.0;0.0;0.0;0.17391304347826086;0.0;0.03669724770642202;0.0;0.0;0.0;0.0;0.2
4;30;6;0;0.0;0.0;0.0;0.17391304347826086;1.0;0.05504587155963303;0.0;0.0;0.0;0.0;0.0
19;30;54;0;0.0;0.0;0.0;0.8260869565217391;1.0;0.4954128440366973;0.0;0.0;0.0;0.0;0.2
8;30;5;0;0.0;0.0;0.0;0.34782608695652173;1.0;0.045871559633027525;0.0;0.0;0.0;0.0;0.0
21;0;62;0;0.0;0.0;0.0;0.9130434782608695;0.0;0.5688073394495413;0.0;0.0;0.0;0.0;0.0
12;30;47;0;0.0;0.0;0.0;0.5217391304347826;1.0;0.43119266055045874;0.0;0.0;0.0;0.0;0.0
20;30;0;0;0.2;0.0;0.0;0.8695652173913043;1.0;0.0;0.0;0.008406893652795292;0.0;0.0;0.0
3;30;18;0;0.0;0.0;0.0;0.13043478260869565;1.0;0.1651376146788991;0.0;0.0;0.0;0.0;0.0
5;0;6;0;0.2;0.0;0.0;0.21739130434782608;0.0;0.05504587155963303;0.0;0.008406893652795292;0.0;0.0;0.2
9;0;26;0;0.0;0.0;0.0;0.391304347826087;0.0;0.23853211009174313;0.0;0.0;0.0;0.0;0.0
1;0;13;0;0.0;0.0;0.0;0.043478260869565216;0.0;0.11926605504587157;0.0;0.0;0.0;0.0;0.0
13;30;54;0;0.0;0.0;0.0;0.5652173913043478;1.0;0.4954128440366973;0.0;0.0;0.0;0.0;0.0
16;0;41;3;0.0;1.2431935155026231e-05;0.004838709677419355;0.6956521739130435;0.0;0.3761467889908257;0.75;0.0;0.75;0.75;1.78
21;0;33;0;0.0;0.0;0.0;0.9130434782608695;0.0;0.30275229357798167;0.0;0.0;0.0;0.0;0.0
16;30;59;0;0.0;0.0;0.0;0.6956521739130435;1.0;0.5412844036697247;0.0;0.0;0.0;0.0;0.0
11;30;41;0;0.0;0.0;0.0;0.4782608695652174;1.0;0.3761467889908257;0.0;0.0;0.0;0.0;0.0
0;30;30;1;1.38;4.143978385008743e-06;0.0016129032258064516;0.0;1.0;0.27522935779816515;0.25;0.058007566204287514;0.25;0.25;0.99
21;30;71;0;0.0;0.0;0.0;0.9130434782608695;1.0;0.6513761467889908;0.0;0.0;0.0;0.0;0.0
6;30;12;0;0.0;0.0;0.0;0.2608695652173913;1.0;0.11009174311926606;0.0;0.0;0.0;0.0;0.0
19;30;41;0;0.0;0.0;0.0;0.8260869565217391;1.0;0.3761467889908257;0.0;0.0;0.0;0.0;0.0
10;30;43;0;0.2;0.0;0.0;0.43478260869565216;1.0;0.3944954128440367;0.0;0.008406893652795292;0.0;0.0;0.0
16;0;57;0;0.0;0.0;0.0;0.6956521739130435;0.0;0.5229357798165137;0.0;0.0;0.0;0.0;0.0
15;30;48;0;0.0;0.0;0.0;0.6521739130434783;1.0;0.44036697247706424;0.0;0.0;0.0;0.0;0.0
10;30;32;0;0.0;0.0;0.0;0.43478260869565216;1.0;0.29357798165137616;0.0;0.0;0.0;0.0;0.0
5;30;8;0;0.0;0.0;0.0;0.21739130434782608;1.0;0.07339449541284404;0.0;0.0;0.0;0.0;0.0
11;0;37;0;0.0;0.0;0.0;0.4782608695652174;0.0;0.3394495412844037;0.0;0.0;0.0;0.0;0.0
11;30;39;0;0.0;0.0;0.0;0.4782608695652174;1.0;0.3577981651376147;0.0;0.0;0.0;0.0;0.0
20;0;56;1;0.0;4.143978385008743e-06;0.0016129032258064516;0.8695652173913043;0.0;0.5137614678899083;0.25;0.0;0.25;0.25;0.0
7;0;11;0;0.0;0.0;0.0;0.30434782608695654;0.0;0.10091743119266056;0.0;0.0;0.0;0.0;0.0
12;0;55;0;0.0;0.0;0.0;0.5217391304347826;0.0;0.5045871559633027;0.0;0.0;0.0;0.0;0.0
21;30;59;0;0.0;0.0;0.0;0.9130434782608695;1.0;0.5412844036697247;0.0;0.0;0.0;0.0;0.0
8;0;15;0;0.0;0.0;0.0;0.34782608695652173;0.0;0.13761467889908258;0.0;0.0;0.0;0.0;0.0
6;0;0;0;0.0;0.0;0.0;0.2608695652173913;0.0;0.0;0.0;0.0;0.0;0.0;0.0
11;30;109;0;0.0;0.0;0.0;0.4782608695652174;1.0;1.0;0.0;0.0;0.0;0.0;0.0
13;30;43;0;0.0;0.0;0.0;0.5652173913043478;1.0;0.3944954128440367;0.0;0.0;0.0;0.0;0.0
11;0;31;0;0.0;0.0;0.0;0.4782608695652174;0.0;0.28440366972477066;0.0;0.0;0.0;0.0;0.0
13;0;73;0;0.0;0.0;0.0;0.5652173913043478;0.0;0.6697247706422018;0.0;0.0;0.0;0.0;0.0
22;30;32;0;0.0;0.0;0.0;0.9565217391304348;1.0;0.29357798165137616;0.0;0.0;0.0;0.0;0.0
0;0;42;0;0.0;0.0;0.0;0.0;0.0;0.3853211009174312;0.0;0.0;0.0;0.0;0.0
7;30;12;0;0.0;0.0;0.0;0.30434782608695654;1.0;0.11009174311926606;0.0;0.0;0.0;0.0;0.0
2;0;8;0;0.4;0.0;0.0;0.08695652173913043;0.0;0.07339449541284404;0.0;0.016813787305590584;0.0;0.0;0.98
7;30;26;0;0.0;0.0;0.0;0.30434782608695654;1.0;0.23853211009174313;0.0;0.0;0.0;0.0;0.0
15;0;81;0;0.0;0.0;0.0;0.6521739130434783;0.0;0.7431192660550459;0.0;0.0;0.0;0.0;0.0
6;30;15;0;0.0;0.0;0.0;0.2608695652173913;1.0;0.13761467889908258;0.0;0.0;0.0;0.0;0.0
6;0;16;0;0.2;0.0;0.0;0.2608695652173913;0.0;0.14678899082568808;0.0;0.008406893652795292;0.0;0.0;0.0
4;30;3;0;0.0;0.0;0.0;0.17391304347826086;1.0;0.027522935779816515;0.0;0.0;0.0;0.0;1.57
14;0;54;0;0.0;0.0;0.0;0.6086956521739131;0.0;0.4954128440366973;0.0;0.0;0.0;0.0;0.0
8;0;17;0;0.0;0.0;0.0;0.34782608695652173;0.0;0.1559633027522936;0.0;0.0;0.0;0.0;0.0
5;30;5;0;0.0;0.0;0.0;0.21739130434782608;1.0;0.045871559633027525;0.0;0.0;0.0;0.0;0.0
22;30;56;0;0.0;0.0;0.0;0.9565217391304348;1.0;0.5137614678899083;0.0;0.0;0.0;0.0;0.0
16;0;39;0;0.0;0.0;0.0;0.6956521739130435;0.0;0.3577981651376147;0.0;0.0;0.0;0.0;0.0
13;0;56;0;0.0;0.0;0.0;0.5652173913043478;0.0;0.5137614678899083;0.0;0.0;0.0;0.0;0.0
23;0;66;0;0.99;0.0;0.0;1.0;0.0;0.6055045871559633;0.0;0.0416141235813367;0.0;0.0;0.0
13;0;29;0;0.0;0.0;0.0;0.5652173913043478;0.0;0.26605504587155965;0.0;0.0;0.0;0.0;0.0
15;30;43;0;0.0;0.0;0.0;0.6521739130434783;1.0;0.3944954128440367;0.0;0.0;0.0;0.0;0.0
6;0;15;0;0.0;0.0;0.0;0.2608695652173913;0.0;0.13761467889908258;0.0;0.0;0.0;0.0;0.0
4;30;6;0;0.0;0.0;0.0;0.17391304347826086;1.0;0.05504587155963303;0.0;0.0;0.0;0.0;0.0
0;30;18;0;0.0;0.0;0.0;0.0;1.0;0.1651376146788991;0.0;0.0;0.0;0.0;0.0
2;0;10;0;0.0;0.0;0.0;0.08695652173913043;0.0;0.09174311926605505;0.0;0.0;0.0;0.0;0.0
0;0;34;0;0.0;0.0;0.0;0.0;0.0;0.3119266055045872;0.0;0.0;0.0;0.0;0.0
11;30;39;0;0.0;0.0;0.0;0.4782608695652174;1.0;0.3577981651376147;0.0;0.0;0.0;0.0;0.0
22;30;47;0;0.0;0.0;0.0;0.9565217391304348;1.0;0.43119266055045874;0.0;0.0;0.0;0.0;0.0
20;30;0;0;1.57;0.0;0.0;0.8695652173913043;1.0;0.0;0.0;0.06599411517444305;0.0;0.0;10.26
15;30;74;3;0.0;1.2431935155026231e-05;0.004838709677419355;0.6521739130434783;1.0;0.6788990825688074;0.75;0.0;0.75;0.75;0.0
4;0;1;0;0.0;0.0;0.0;0.17391304347826086;0.0;0.009174311926605505;0.0;0.0;0.0;0.0;0.0
12;0;42;0;0.0;0.0;0.0;0.5217391304347826;0.0;0.3853211009174312;0.0;0.0;0.0;0.0;0.0
6;30;7;0;0.0;0.0;0.0;0.2608695652173913;1.0;0.06422018348623854;0.0;0.0;0.0;0.0;0.0
18;0;52;0;0.0;0.0;0.0;0.782608695652174;0.0;0.47706422018348627;0.0;0.0;0.0;0.0;0.0
0;0;0;0;0.0;0.0;0.0;0.0;0.0;0.0;0.0;0.0;0.0;0.0;0.2
22;0;46;1;0.0;4.143978385008743e-06;0.0016129032258064516;0.9565217391304348;0.0;0.42201834862385323;0.25;0.0;0.25;0.25;0.0
18;0;56;0;0.0;0.0;0.0;0.782608695652174;0.0;0.5137614678899083;0.0;0.0;0.0;0.0;0.0
6;0;16;0;0.0;0.0;0.0;0.2608695652173913;0.0;0.14678899082568808;0.0;0.0;0.0;0.0;0.0
4;0;2;0;0.0;0.0;0.0;0.17391304347826086;0.0;0.01834862385321101;0.0;0.0;0.0;0.0;0.0
8;30;25;0;0.0;0.0;0.0;0.34782608695652173;1.0;0.22935779816513763;0.0;0.0;0.0;0.0;0.0
4;0;5;0;0.0;0.0;0.0;0.17391304347826086;0.0;0.045871559633027525;0.0;0.0;0.0;0.0;0.0
22;30;41;0;0.0;0.0;0.0;0.9565217391304348;1.0;0.3761467889908257;0.0;0.0;0.0;0.0;0.0
12;0;96;0;0.0;0.0;0.0;0.5217391304347826;0.0;0.8807339449541285;0.0;0.0;0.0;0.0;0.0
6;0;7;0;0.0;0.0;0.0;0.2608695652173913;0.0;0.06422018348623854;0.0;0.0;0.0;0.0;0.0
1;30;14;0;0.0;0.0;0.0;0.043478260869565216;1.0;0.12844036697247707;0.0;0.0;0.0;0.0;0.0
23;0;33;0;0.0;0.0;0.0;1.0;0.0;0.30275229357798167;0.0;0.0;0.0;0.0;0.0
13;30;66;0;0.0;0.0;0.0;0.5652173913043478;1.0;0.6055045871559633;0.0;0.0;0.0;0.0;0.0
7;0;6;0;0.0;0.0;0.0;0.30434782608695654;0.0;0.05504587155963303;0.0;0.0;0.0;0.0;0.0
13;0;39;0;0.0;0.0;0.0;0.5652173913043478;0.0;0.3577981651376147;0.0;0.0;0.0;0.0;0.0
12;0;40;0;0.0;0.0;0.0;0.5217391304347826;0.0;0.3669724770642202;0.0;0.0;0.0;0.0;0.0
23;0;39;0;0.0;0.0;0.0;1.0;0.0;0.3577981651376147;0.0;0.0;0.0;0.0;0.0
20;0;59;0;0.0;0.0;0.0;0.8695652173913043;0.0;0.5412844036697247;0.0;0.0;0.0;0.0;0.0
10;0;35;0;0.0;0.0;0.0;0.43478260869565216;0.0;0.3211009174311927;0.0;0.0;0.0;0.0;0.0
19;30;13;0;0.0;0.0;0.0;0.8260869565217391;1.0;0.11926605504587157;0.0;0.0;0.0;0.0;0.0
11;0;30;0;0.0;0.0;0.0;0.4782608695652174;0.0;0.27522935779816515;0.0;0.0;0.0;0.0;0.0
17;30;52;0;0.0;0.0;0.0;0.7391304347826086;1.0;0.47706422018348627;0.0;0.0;0.0;0.0;0.0
4;0;13;0;0.0;0.0;0.0;0.17391304347826086;0.0;0.11926605504587157;0.0;0.0;0.0;0.0;0.0
11;0;36;0;0.0;0.0;0.0;0.4782608695652174;0.0;0.3302752293577982;0.0;0.0;0.0;0.0;0.0
3;0;4;0;0.0;0.0;0.0;0.13043478260869565;0.0;0.03669724770642202;0.0;0.0;0.0;0.0;0.0
20;0;60;0;0.0;0.0;0.0;0.8695652173913043;0.0;0.5504587155963303;0.0;0.0;0.0;0.0;0.0
4;30;4;0;0.0;0.0;0.0;0.17391304347826086;1.0;0.03669724770642202;0.0;0.0;0.0;0.0;0.0
15;0;33;0;0.0;0.0;0.0;0.6521739130434783;0.0;0.30275229357798167;0.0;0.0;0.0;0.0;0.0
13;30;41;0;0.0;0.0;0.0;0.5652173913043478;1.0;0.3761467889908257;0.0;0.0;0.0;0.0;0.0
23;30;28;0;0.0;0.0;0.0;1.0;1.0;0.25688073394495414;0.0;0.0;0.0;0.0;0.2
10;30;34;0;0.0;0.0;0.0;0.43478260869565216;1.0;0.3119266055045872;0.0;0.0;0.0;0.0;0.0
5;30;7;0;0.0;0.0;0.0;0.21739130434782608;1.0;0.06422018348623854;0.0;0.0;0.0;0.0;0.0
11;30;39;0;0.0;0.0;0.0;0.4782608695652174;1.0;0.3577981651376147;0.0;0.0;0.0;0.0;0.0
1;30;15;0;0.0;0.0;0.0;0.043478260869565216;1.0;0.13761467889908258;0.0;0.0;0.0;0.0;0.0
12;30;49;0;0.0;0.0;0.0;0.5217391304347826;1.0;0.44954128440366975;0.0;0.0;0.0;0.0;0.0
0;30;23;0;0.0;0.0;0.0;0.0;1.0;0.21100917431192662;0.0;0.0;0.0;0.0;0.0
16;0;50;0;0.6;0.0;0.0;0.6956521739130435;0.0;0.45871559633027525;0.0;0.025220680958385876;0.0;0.0;0.0
0;0;48;0;0.0;0.0;0.0;0.0;0.0;0.44036697247706424;0.0;0.0;0.0;0.0;0.0
21;30;62;0;0.0;0.0;0.0;0.9130434782608695;1.0;0.5688073394495413;0.0;0.0;0.0;0.0;0.0
3;0;7;0;0.0;0.0;0.0;0.13043478260869565;0.0;0.06422018348623854;0.0;0.0;0.0;0.0;0.0
0;0;40;0;0.0;0.0;0.0;0.0;0.0;0.3669724770642202;0.0;0.0;0.0;0.0;2.56
21;0;65;0;0.0;0.0;0.0;0.9130434782608695;0.0;0.5963302752293578;0.0;0.0;0.0;0.0;0.0
15;30;51;0;0.0;0.0;0.0;0.6521739130434783;1.0;0.46788990825688076;0.0;0.0;0.0;0.0;0.0
18;30;59;0;0.0;0.0;0.0;0.782608695652174;1.0;0.5412844036697247;0.0;0.0;0.0;0.0;0.0
15;30;36;0;0.0;0.0;0.0;0.6521739130434783;1.0;0.3302752293577982;0.0;0.0;0.0;0.0;0.0
15;30;41;0;0.0;0.0;0.0;0.6521739130434783;1.0;0.3761467889908257;0.0;0.0;0.0;0.0;0.0
16;30;36;0;0.0;0.0;0.0;0.6956521739130435;1.0;0.3302752293577982;0.0;0.0;0.0;0.0;0.0
10;30;48;0;0.0;0.0;0.0;0.43478260869565216;1.0;0.44036697247706424;0.0;0.0;0.0;0.0;0.0
19;30;61;0;0.0;0.0;0.0;0.8260869565217391;1.0;0.5596330275229358;0.0;0.0;0.0;0.0;0.0
11;30;40;0;0.0;0.0;0.0;0.4782608695652174;1.0;0.3669724770642202;0.0;0.0;0.0;0.0;0.0
5;30;3;0;0.0;0.0;0.0;0.21739130434782608;1.0;0.027522935779816515;0.0;0.0;0.0;0.0;0.0
23;30;53;1;0.0;4.143978385008743e-06;0.0016129032258064516;1.0;1.0;0.48623853211009177;0.25;0.0;0.25;0.25;0.0
9;30;22;0;0.0;0.0;0.0;0.391304347826087;1.0;0.2018348623853211;0.0;0.0;0.0;0.0;0.0
8;30;25;0;0.0;0.0;0.0;0.34782608695652173;1.0;0.22935779816513763;0.0;0.0;0.0;0.0;0.0
23;30;55;0;0.0;0.0;0.0;1.0;1.0;0.5045871559633027;0.0;0.0;0.0;0.0;0.0
11;0;36;0;0.0;0.0;0.0;0.4782608695652174;0.0;0.3302752293577982;0.0;0.0;0.0;0.0;0.0
10;30;30;0;0.0;0.0;0.0;0.43478260869565216;1.0;0.27522935779816515;0.0;0.0;0.0;0.0;0.0
21;0;0;0;0.0;0.0;0.0;0.9130434782608695;0.0;0.0;0.0;0.0;0.0;0.0;0.0
14;0;46;0;0.0;0.0;0.0;0.6086956521739131;0.0;0.42201834862385323;0.0;0.0;0.0;0.0;0.0
2;30;10;0;0.0;0.0;0.0;0.08695652173913043;1.0;0.09174311926605505;0.0;0.0;0.0;0.0;0.0
23;30;55;0;0.0;0.0;0.0;1.0;1.0;0.5045871559633027;0.0;0.0;0.0;0.0;0.0
22;30;45;0;0.0;0.0;0.0;0.9565217391304348;1.0;0.41284403669724773;0.0;0.0;0.0;0.0;0.0
11;30;43;0;0.0;0.0;0.0;0.4782608695652174;1.0;0.3944954128440367;0.0;0.0;0.0;0.0;0.0
4;30;5;0;0.0;0.0;0.0;0.17391304347826086;1.0;0.045871559633027525;0.0;0.0;0.0;0.0;0.0
15;30;40;0;0.0;0.0;0.0;0.6521739130434783;1.0;0.3669724770642202;0.0;0.0;0.0;0.0;0.0
23;30;34;0;0.0;0.0;0.0;1.0;1.0;0.3119266055045872;0.0;0.0;0.0;0.0;0.0
17;30;66;0;0.0;0.0;0.0;0.7391304347826086;1.0;0.6055045871559633;0.0;0.0;0.0;0.0;0.0
18;0;64;1;0.0;4.143978385008743e-06;0.0016129032258064516;0.782608695652174;0.0;0.5871559633027523;0.25;0.0;0.25;0.25;0.0
19;0;24;0;0.0;0.0;0.0;0.8260869565217391;0.0;0.22018348623853212;0.0;0.0;0.0;0.0;0.0
8;30;26;0;0.0;0.0;0.0;0.34782608695652173;1.0;0.23853211009174313;0.0;0.0;0.0;0.0;0.0
18;30;46;1;0.0;4.143978385008743e-06;0.0016129032258064516;0.782608695652174;1.0;0.42201834862385323;0.25;0.0;0.25;0.25;0.2
19;0;57;2;0.39;8.287956770017487e-06;0.0032258064516129032;0.8260869565217391;0.0;0.5229357798165137;0.5;0.01639344262295082;0.5;0.5;6.89
11;30;15;0;0.0;0.0;0.0;0.4782608695652174;1.0;0.13761467889908258;0.0;0.0;0.0;0.0;0.0
3;30;0;0;1.58;0.0;0.0;0.13043478260869565;1.0;0.0;0.0;0.06641445985708282;0.0;0.0;2.36
10;30;87;0;0.0;0.0;0.0;0.43478260869565216;1.0;0.7981651376146789;0.0;0.0;0.0;0.0;0.0
20;0;66;0;0.0;0.0;0.0;0.8695652173913043;0.0;0.6055045871559633;0.0;0.0;0.0;0.0;0.0
8;0;26;0;0.0;0.0;0.0;0.34782608695652173;0.0;0.23853211009174313;0.0;0.0;0.0;0.0;0.0
14;0;30;0;0.0;0.0;0.0;0.6086956521739131;0.0;0.27522935779816515;0.0;0.0;0.0;0.0;0.0
19;30;56;0;0.0;0.0;0.0;0.8260869565217391;1.0;0.5137614678899083;0.0;0.0;0.0;0.0;0.0
20;0;96;0;0.0;0.0;0.0;0.8695652173913043;0.0;0.8807339449541285;0.0;0.0;0.0;0.0;0.0
19;0;51;0;0.0;0.0;0.0;0.8260869565217391;0.0;0.46788990825688076;0.0;0.0;0.0;0.0;0.0
10;0;39;0;0.0;0.0;0.0;0.43478260869565216;0.0;0.3577981651376147;0.0;0.0;0.0;0.0;0.0
18;30;55;0;0.0;0.0;0.0;0.782608695652174;1.0;0.5045871559633027;0.0;0.0;0.0;0.0;0.0
3;30;10;0;0.0;0.0;0.0;0.13043478260869565;1.0;0.09174311926605505;0.0;0.0;0.0;0.0;0.0
1;0;28;0;0.0;0.0;0.0;0.043478260869565216;0.0;0.25688073394495414;0.0;0.0;0.0;0.0;0.0
23;0;72;0;0.0;0.0;0.0;1.0;0.0;0.6605504587155964;0.0;0.0;0.0;0.0;0.0
2;0;18;0;0.0;0.0;0.0;0.08695652173913043;0.0;0.1651376146788991;0.0;0.0;0.0;0.0;0.0
1;30;9;0;0.0;0.0;0.0;0.043478260869565216;1.0;0.08256880733944955;0.0;0.0;0.0;0.0;0.0
10;30;39;0;0.0;0.0;0.0;0.43478260869565216;1.0;0.3577981651376147;0.0;0.0;0.0;0.0;0.0
5;30;2;0;0.0;0.0;0.0;0.21739130434782608;1.0;0.01834862385321101;0.0;0.0;0.0;0.0;0.0
5;0;7;0;0.2;0.0;0.0;0.21739130434782608;0.0;0.06422018348623854;0.0;0.008406893652795292;0.0;0.0;0.2
16;0;57;0;0.0;0.0;0.0;0.6956521739130435;0.0;0.5229357798165137;0.0;0.0;0.0;0.0;0.0
5;30;6;0;0.0;0.0;0.0;0.21739130434782608;1.0;0.05504587155963303;0.0;0.0;0.0;0.0;0.0
21;30;47;0;0.0;0.0;0.0;0.9130434782608695;1.0;0.43119266055045874;0.0;0.0;0.0;0.0;0.0
19;0;49;0;0.0;0.0;0.0;0.8260869565217391;0.0;0.44954128440366975;0.0;0.0;0.0;0.0;0.0
14;0;90;0;0.0;0.0;0.0;0.6086956521739131;0.0;0.8256880733944955;0.0;0.0;0.0;0.0;0.0
12;30;25;0;0.0;0.0;0.0;0.5217391304347826;1.0;0.22935779816513763;0.0;0.0;0.0;0.0;0.0
14;30;26;0;0.0;0.0;0.0;0.6086956521739131;1.0;0.23853211009174313;0.0;0.0;0.0;0.0;0.0
10;0;29;0;0.0;0.0;0.0;0.43478260869565216;0.0;0.26605504587155965;0.0;0.0;0.0;0.0;0.0
18;0;45;1;0.0;4.143978385008743e-06;0.0016129032258064516;0.782608695652174;0.0;0.41284403669724773;0.25;0.0;0.25;0.25;0.0
14;30;72;0;0.0;0.0;0.0;0.6086956521739131;1.0;0.6605504587155964;0.0;0.0;0.0;0.0;0.0
16;30;45;0;0.0;0.0;0.0;0.6956521739130435;1.0;0.41284403669724773;0.0;0.0;0.0;0.0;0.0
13;30;38;0;0.0;0.0;0.0;0.5652173913043478;1.0;0.3486238532110092;0.0;0.0;0.0;0.0;0.0
8;30;27;0;0.0;0.0;0.0;0.34782608695652173;1.0;0.24770642201834864;0.0;0.0;0.0;0.0;0.0
0;30;11;0;0.0;0.0;0.0;0.0;1.0;0.10091743119266056;0.0;0.0;0.0;0.0;0.0
4;30;3;0;0.0;0.0;0.0;0.17391304347826086;1.0;0.027522935779816515;0.0;0.0;0.0;0.0;0.0
11;30;51;0;0.0;0.0;0.0;0.4782608695652174;1.0;0.46788990825688076;0.0;0.0;0.0;0.0;0.0
21;30;59;0;0.0;0.0;0.0;0.9130434782608695;1.0;0.5412844036697247;0.0;0.0;0.0;0.0;0.0
11;0;41;0;0.0;0.0;0.0;0.4782608695652174;0.0;0.3761467889908257;0.0;0.0;0.0;0.0;0.0
22;30;39;0;2.55;0.0;0.0;0.9565217391304348;1.0;0.3577981651376147;0.0;0.10718789407313997;0.0;0.0;1.77
4;30;7;0;0.0;0.0;0.0;0.17391304347826086;1.0;0.06422018348623854;0.0;0.0;0.0;0.0;0.0
2;0;7;0;0.0;0.0;0.0;0.08695652173913043;0.0;0.06422018348623854;0.0;0.0;0.0;0.0;0.0
11;0;38;0;0.0;0.0;0.0;0.4782608695652174;0.0;0.3486238532110092;0.0;0.0;0.0;0.0;0.0
13;30;47;4;0.2;1.6575913540034974e-05;0.0064516129032258064;0.5652173913043478;1.0;0.43119266055045874;1.0;0.008406893652795292;1.0;1.0;0.0
18;0;41;0;0.0;0.0;0.0;0.782608695652174;0.0;0.3761467889908257;0.0;0.0;0.0;0.0;0.0
6;0;5;0;0.0;0.0;0.0;0.2608695652173913;0.0;0.045871559633027525;0.0;0.0;0.0;0.0;0.0
1;30;12;0;0.0;0.0;0.0;0.043478260869565216;1.0;0.11009174311926606;0.0;0.0;0.0;0.0;0.0
10;30;25;0;0.0;0.0;0.0;0.43478260869565216;1.0;0.22935779816513763;0.0;0.0;0.0;0.0;0.0
19;0;36;0;0.0;0.0;0.0;0.8260869565217391;0.0;0.3302752293577982;0.0;0.0;0.0;0.0;0.0
11;30;42;0;0.0;0.0;0.0;0.4782608695652174;1.0;0.3853211009174312;0.0;0.0;0.0;0.0;0.0
1;30;22;0;0.4;0.0;0.0;0.043478260869565216;1.0;0.2018348623853211;0.0;0.016813787305590584;0.0;0.0;0.0
15;30;36;0;0.0;0.0;0.0;0.6521739130434783;1.0;0.3302752293577982;0.0;0.0;0.0;0.0;0.0
16;30;65;0;0.0;0.0;0.0;0.6956521739130435;1.0;0.5963302752293578;0.0;0.0;0.0;0.0;0.0
23;30;0;0;0.0;0.0;0.0;1.0;1.0;0.0;0.0;0.0;0.0;0.0;0.0
4;0;5;0;0.0;0.0;0.0;0.17391304347826086;0.0;0.045871559633027525;0.0;0.0;0.0;0.0;0.0
7;0;9;0;0.0;0.0;0.0;0.30434782608695654;0.0;0.08256880733944955;0.0;0.0;0.0;0.0;0.0
0;30;18;0;0.0;0.0;0.0;0.0;1.0;0.1651376146788991;0.0;0.0;0.0;0.0;0.0
6;0;6;0;0.0;0.0;0.0;0.2608695652173913;0.0;0.05504587155963303;0.0;0.0;0.0;0.0;0.0
15;0;43;0;0.0;0.0;0.0;0.6521739130434783;0.0;0.3944954128440367;0.0;0.0;0.0;0.0;0.0
3;0;12;0;0.2;0.0;0.0;0.13043478260869565;0.0;0.11009174311926606;0.0;0.008406893652795292;0.0;0.0;0.0
23;30;59;0;0.0;0.0;0.0;1.0;1.0;0.5412844036697247;0.0;0.0;0.0;0.0;0.0
9;0;18;0;0.0;0.0;0.0;0.391304347826087;0.0;0.1651376146788991;0.0;0.0;0.0;0.0;0.0
7;0;12;0;0.0;0.0;0.0;0.30434782608695654;0.0;0.11009174311926606;0.0;0.0;0.0;0.0;0.0
23;30;61;0;0.0;0.0;0.0;1.0;1.0;0.5596330275229358;0.0;0.0;0.0;0.0;0.0
8;0;21;0;0.0;0.0;0.0;0.34782608695652173;0.0;0.1926605504587156;0.0;0.0;0.0;0.0;0.0
1;0;30;0;1.76;0.0;0.0;0.043478260869565216;0.0;0.27522935779816515;0.0;0.07398066414459857;0.0;0.0;0.0
23;30;44;0;0.0;0.0;0.0;1.0;1.0;0.4036697247706422;0.0;0.0;0.0;0.0;0.0
7;0;4;0;0.0;0.0;0.0;0.30434782608695654;0.0;0.03669724770642202;0.0;0.0;0.0;0.0;0.0
22;0;68;0;0.0;0.0;0.0;0.9565217391304348;0.0;0.6238532110091743;0.0;0.0;0.0;0.0;0.0
15;0;75;0;0.0;0.0;0.0;0.6521739130434783;0.0;0.6880733944954128;0.0;0.0;0.0;0.0;0.0
11;30;34;0;0.0;0.0;0.0;0.4782608695652174;1.0;0.3119266055045872;0.0;0.0;0.0;0.0;0.0
2;30;9;0;0.0;0.0;0.0;0.08695652173913043;1.0;0.08256880733944955;0.0;0.0;0.0;0.0;0.0
19;30;30;0;0.0;0.0;0.0;0.8260869565217391;1.0;0.27522935779816515;0.0;0.0;0.0;0.0;0.0
7;0;22;0;0.0;0.0;0.0;0.30434782608695654;0.0;0.2018348623853211;0.0;0.0;0.0;0.0;0.0
21;0;56;0;0.0;0.0;0.0;0.9130434782608695;0.0;0.5137614678899083;0.0;0.0;0.0;0.0;0.0
2;0;13;0;0.0;0.0;0.0;0.08695652173913043;0.0;0.11926605504587157;0.0;0.0;0.0;0.0;0.0
13;30;68;0;0.0;0.0;0.0;0.5652173913043478;1.0;0.6238532110091743;0.0;0.0;0.0;0.0;0.0
12;0;31;0;0.0;0.0;0.0;0.5217391304347826;0.0;0.28440366972477066;0.0;0.0;0.0;0.0;0.0
2;0;5;0;0.0;0.0;0.0;0.08695652173913043;0.0;0.045871559633027525;0.0;0.0;0.0;0.0;0.2
18;30;31;0;0.2;0.0;0.0;0.782608695652174;1.0;0.28440366972477066;0.0;0.008406893652795292;0.0;0.0;0.0
23;30;50;0;0.0;0.0;0.0;1.0;1.0;0.45871559633027525;0.0;0.0;0.0;0.0;0.0
13;0;58;0;0.0;0.0;0.0;0.5652173913043478;0.0;0.5321100917431193;0.0;0.0;0.0;0.0;0.0
3;30;17;0;0.0;0.0;0.0;0.13043478260869565;1.0;0.1559633027522936;0.0;0.0;0.0;0.0;0.0
9;30;45;0;0.0;0.0;0.0;0.391304347826087;1.0;0.41284403669724773;0.0;0.0;0.0;0.0;0.0
12;0;44;0;0.0;0.0;0.0;0.5217391304347826;0.0;0.4036697247706422;0.0;0.0;0.0;0.0;0.0
8;30;33;0;0.0;0.0;0.0;0.34782608695652173;1.0;0.30275229357798167;0.0;0.0;0.0;0.0;0.0
13;0;41;0;0.0;0.0;0.0;0.5652173913043478;0.0;0.3761467889908257;0.0;0.0;0.0;0.0;0.0
5;30;3;0;0.0;0.0;0.0;0.21739130434782608;1.0;0.027522935779816515;0.0;0.0;0.0;0.0;0.0
13;0;55;1;0.2;4.143978385008743e-06;0.0016129032258064516;0.5652173913043478;0.0;0.5045871559633027;0.25;0.008406893652795292;0.25;0.25;0.2
20;0;42;1;0.2;4.143978385008743e-06;0.0016129032258064516;0.8695652173913043;0.0;0.3853211009174312;0.25;0.008406893652795292;0.25;0.25;0.2
4;0;7;0;0.0;0.0;0.0;0.17391304347826086;0.0;0.06422018348623854;0.0;0.0;0.0;0.0;0.0
14;30;31;0;0.0;0.0;0.0;0.6086956521739131;1.0;0.28440366972477066;0.0;0.0;0.0;0.0;0.0
13;30;38;0;0.0;0.0;0.0;0.5652173913043478;1.0;0.3486238532110092;0.0;0.0;0.0;0.0;0.0
0;30;0;0;0.2;0.0;0.0;0.0;1.0;0.0;0.0;0.008406893652795292;0.0;0.0;0.2
17;30;36;0;0.0;0.0;0.0;0.7391304347826086;1.0;0.3302752293577982;0.0;0.0;0.0;0.0;0.0
11;30;35;0;0.0;0.0;0.0;0.4782608695652174;1.0;0.3211009174311927;0.0;0.0;0.0;0.0;0.0
11;30;41;0;0.0;0.0;0.0;0.4782608695652174;1.0;0.3761467889908257;0.0;0.0;0.0;0.0;0.0
2;0;11;0;0.0;0.0;0.0;0.08695652173913043;0.0;0.10091743119266056;0.0;0.0;0.0;0.0;0.0
14;30;49;0;0.0;0.0;0.0;0.6086956521739131;1.0;0.44954128440366975;0.0;0.0;0.0;0.0;0.0
13;0;65;0;0.0;0.0;0.0;0.5652173913043478;0.0;0.5963302752293578;0.0;0.0;0.0;0.0;0.0
10;0;37;0;0.0;0.0;0.0;0.43478260869565216;0.0;0.3394495412844037;0.0;0.0;0.0;0.0;0.0
22;30;54;0;0.0;0.0;0.0;0.9565217391304348;1.0;0.4954128440366973;0.0;0.0;0.0;0.0;0.0
8;0;19;0;0.0;0.0;0.0;0.34782608695652173;0.0;0.1743119266055046;0.0;0.0;0.0;0.0;0.0
5;30;3;0;0.0;0.0;0.0;0.21739130434782608;1.0;0.027522935779816515;0.0;0.0;0.0;0.0;0.0
18;0;51;0;0.0;0.0;0.0;0.782608695652174;0.0;0.46788990825688076;0.0;0.0;0.0;0.0;0.0
21;0;66;0;0.0;0.0;0.0;0.9130434782608695;0.0;0.6055045871559633;0.0;0.0;0.0;0.0;0.0
13;30;25;0;0.0;0.0;0.0;0.5652173913043478;1.0;0.22935779816513763;0.0;0.0;0.0;0.0;0.0
16;30;54;0;0.0;0.0;0.0;0.6956521739130435;1.0;0.4954128440366973;0.0;0.0;0.0;0.0;0.0
21;30;0;0;2.75;0.0;0.0;0.9130434782608695;1.0;0.0;0.0;0.11559478772593527;0.0;0.0;0.98
0;30;37;0;0.0;0.0;0.0;0.0;1.0;0.3394495412844037;0.0;0.0;0.0;0.0;0.0
22;0;66;0;0.0;0.0;0.0;0.9565217391304348;0.0;0.6055045871559633;0.0;0.0;0.0;0.0;0.0
22;0;20;0;0.59;0.0;0.0;0.9565217391304348;0.0;0.1834862385321101;0.0;0.024800336275746113;0.0;0.0;0.0
12;30;45;0;0.0;0.0;0.0;0.5217391304347826;1.0;0.41284403669724773;0.0;0.0;0.0;0.0;0.0
12;0;15;0;0.0;0.0;0.0;0.5217391304347826;0.0;0.13761467889908258;0.0;0.0;0.0;0.0;0.0
23;0;0;0;0.4;0.0;0.0;1.0;0.0;0.0;0.0;0.016813787305590584;0.0;0.0;0.0
17;30;26;0;0.0;0.0;0.0;0.7391304347826086;1.0;0.23853211009174313;0.0;0.0;0.0;0.0;0.0
10;0;24;0;0.0;0.0;0.0;0.43478260869565216;0.0;0.22018348623853212;0.0;0.0;0.0;0.0;0.0
6;0;10;1;1.18;4.143978385008743e-06;0.0016129032258064516;0.2608695652173913;0.0;0.09174311926605505;0.25;0.049600672551492225;0.25;0.25;0.0
7;0;11;0;0.0;0.0;0.0;0.30434782608695654;0.0;0.10091743119266056;0.0;0.0;0.0;0.0;0.0
23;0;60;0;0.0;0.0;0.0;1.0;0.0;0.5504587155963303;0.0;0.0;0.0;0.0;0.0
3;30;9;0;0.0;0.0;0.0;0.13043478260869565;1.0;0.08256880733944955;0.0;0.0;0.0;0.0;0.0
17;30;54;0;0.0;0.0;0.0;0.7391304347826086;1.0;0.4954128440366973;0.0;0.0;0.0;0.0;0.0
12;30;47;0;0.0;0.0;0.0;0.5217391304347826;1.0;0.43119266055045874;0.0;0.0;0.0;0.0;0.0
8;0;10;0;0.0;0.0;0.0;0.34782608695652173;0.0;0.09174311926605505;0.0;0.0;0.0;0.0;0.0
6;0;15;0;0.0;0.0;0.0;0.2608695652173913;0.0;0.13761467889908258;0.0;0.0;0.0;0.0;0.0
14;0;39;0;0.0;0.0;0.0;0.6086956521739131;0.0;0.3577981651376147;0.0;0.0;0.0;0.0;0.0
1;0;28;0;0.0;0.0;0.0;0.043478260869565216;0.0;0.25688073394495414;0.0;0.0;0.0;0.0;0.0
3;0;22;0;0.0;0.0;0.0;0.13043478260869565;0.0;0.2018348623853211;0.0;0.0;0.0;0.0;0.0
11;0;32;0;0.0;0.0;0.0;0.4782608695652174;0.0;0.29357798165137616;0.0;0.0;0.0;0.0;0.0
1;0;29;0;0.0;0.0;0.0;0.043478260869565216;0.0;0.26605504587155965;0.0;0.0;0.0;0.0;0.0
3;30;2;0;0.0;0.0;0.0;0.13043478260869565;1.0;0.01834862385321101;0.0;0.0;0.0;0.0;0.0
9;0;32;1;0.0;4.143978385008743e-06;0.0016129032258064516;0.391304347826087;0.0;0.29357798165137616;0.25;0.0;0.25;0.25;0.0
5;30;2;0;0.0;0.0;0.0;0.21739130434782608;1.0;0.01834862385321101;0.0;0.0;0.0;0.0;0.0
12;30;91;0;0.0;0.0;0.0;0.5217391304347826;1.0;0.8348623853211009;0.0;0.0;0.0;0.0;0.0
10;30;43;0;1.19;0.0;0.0;0.43478260869565216;1.0;0.3944954128440367;0.0;0.050021017234131986;0.0;0.0;0.2
23;0;33;0;0.0;0.0;0.0;1.0;0.0;0.30275229357798167;0.0;0.0;0.0;0.0;0.0
1;30;49;0;0.0;0.0;0.0;0.043478260869565216;1.0;0.44954128440366975;0.0;0.0;0.0;0.0;0.0
22;0;43;0;0.0;0.0;0.0;0.9565217391304348;0.0;0.3944954128440367;0.0;0.0;0.0;0.0;0.0
2;0;22;0;0.0;0.0;0.0;0.08695652173913043;0.0;0.2018348623853211;0.0;0.0;0.0;0.0;0.0
14;30;64;0;0.0;0.0;0.0;0.6086956521739131;1.0;0.5871559633027523;0.0;0.0;0.0;0.0;0.0
23;0;41;0;1.77;0.0;0.0;1.0;0.0;0.3761467889908257;0.0;0.07440100882723834;0.0;0.0;1.97
15;0;46;0;0.0;0.0;0.0;0.6521739130434783;0.0;0.42201834862385323;0.0;0.0;0.0;0.0;0.0
1;0;22;0;0.0;0.0;0.0;0.043478260869565216;0.0;0.2018348623853211;0.0;0.0;0.0;0.0;0.0
17;30;66;0;0.0;0.0;0.0;0.7391304347826086;1.0;0.6055045871559633;0.0;0.0;0.0;0.0;0.59
14;0;43;1;0.0;4.143978385008743e-06;0.0016129032258064516;0.6086956521739131;0.0;0.3944954128440367;0.25;0.0;0.25;0.25;0.2
1;30;12;0;0.0;0.0;0.0;0.043478260869565216;1.0;0.11009174311926606;0.0;0.0;0.0;0.0;0.0
5;30;0;0;0.0;0.0;0.0;0.21739130434782608;1.0;0.0;0.0;0.0;0.0;0.0;0.0
23;30;57;0;0.0;0.0;0.0;1.0;1.0;0.5229357798165137;0.0;0.0;0.0;0.0;0.0
0;0;49;0;0.0;0.0;0.0;0.0;0.0;0.44954128440366975;0.0;0.0;0.0;0.0;0.0
18;0;70;0;0.0;0.0;0.0;0.782608695652174;0.0;0.6422018348623854;0.0;0.0;0.0;0.0;0.0
18;30;70;1;0.0;4.143978385008743e-06;0.0016129032258064516;0.782608695652174;1.0;0.6422018348623854;0.25;0.0;0.25;0.25;0.0
3;0;17;0;0.0;0.0;0.0;0.13043478260869565;0.0;0.1559633027522936;0.0;0.0;0.0;0.0;0.0
14;30;32;0;0.0;0.0;0.0;0.6086956521739131;1.0;0.29357798165137616;0.0;0.0;0.0;0.0;0.0
10;0;39;0;0.0;0.0;0.0;0.43478260869565216;0.0;0.3577981651376147;0.0;0.0;0.0;0.0;0.0
9;0;55;0;0.0;0.0;0.0;0.391304347826087;0.0;0.5045871559633027;0.0;0.0;0.0;0.0;0.0
9;0;43;0;0.0;0.0;0.0;0.391304347826087;0.0;0.3944954128440367;0.0;0.0;0.0;0.0;0.0
11;30;44;0;0.0;0.0;0.0;0.4782608695652174;1.0;0.4036697247706422;0.0;0.0;0.0;0.0;0.0
0;30;24;1;0.59;4.143978385008743e-06;0.0016129032258064516;0.0;1.0;0.22018348623853212;0.25;0.024800336275746113;0.25;0.25;0.4
18;30;47;0;0.0;0.0;0.0;0.782608695652174;1.0;0.43119266055045874;0.0;0.0;0.0;0.0;0.0
22;30;0;0;0.0;0.0;0.0;0.9565217391304348;1.0;0.0;0.0;0.0;0.0;0.0;0.2
1;30;17;0;0.0;0.0;0.0;0.043478260869565216;1.0;0.1559633027522936;0.0;0.0;0.0;0.0;0.0
1;30;16;0;0.0;0.0;0.0;0.043478260869565216;1.0;0.14678899082568808;0.0;0.0;0.0;0.0;0.0
5;0;0;0;0.0;0.0;0.0;0.21739130434782608;0.0;0.0;0.0;0.0;0.0;0.0;0.0
7;0;31;0;0.0;0.0;0.0;0.30434782608695654;0.0;0.28440366972477066;0.0;0.0;0.0;0.0;0.0
9;30;30;0;0.0;0.0;0.0;0.391304347826087;1.0;0.27522935779816515;0.0;0.0;0.0;0.0;0.0
19;30;66;0;0.0;0.0;0.0;0.8260869565217391;1.0;0.6055045871559633;0.0;0.0;0.0;0.0;0.0
15;0;33;0;0.0;0.0;0.0;0.6521739130434783;0.0;0.30275229357798167;0.0;0.0;0.0;0.0;0.0
0;0;33;0;0.0;0.0;0.0;0.0;0.0;0.30275229357798167;0.0;0.0;0.0;0.0;0.0
14;30;88;0;0.0;0.0;0.0;0.6086956521739131;1.0;0.8073394495412844;0.0;0.0;0.0;0.0;0.0
19;30;48;3;6.89;1.2431935155026231e-05;0.004838709677419355;0.8260869565217391;1.0;0.44036697247706424;0.75;0.2896174863387978;0.75;0.75;2.96
23;0;17;0;0.0;0.0;0.0;1.0;0.0;0.1559633027522936;0.0;0.0;0.0;0.0;0.2
23;0;62;0;0.0;0.0;0.0;1.0;0.0;0.5688073394495413;0.0;0.0;0.0;0.0;0.0
11;0;47;0;0.0;0.0;0.0;0.4782608695652174;0.0;0.43119266055045874;0.0;0.0;0.0;0.0;0.0
17;30;38;1;0.0;4.143978385008743e-06;0.0016129032258064516;0.7391304347826086;1.0;0.3486238532110092;0.25;0.0;0.25;0.25;0.0
14;30;38;0;0.0;0.0;0.0;0.6086956521739131;1.0;0.3486238532110092;0.0;0.0;0.0;0.0;0.0
19;0;68;0;0.2;0.0;0.0;0.8260869565217391;0.0;0.6238532110091743;0.0;0.008406893652795292;0.0;0.0;0.0
5;0;5;0;0.0;0.0;0.0;0.21739130434782608;0.0;0.045871559633027525;0.0;0.0;0.0;0.0;0.0
3;30;11;0;0.0;0.0;0.0;0.13043478260869565;1.0;0.10091743119266056;0.0;0.0;0.0;0.0;0.0
6;0;8;1;0.0;4.143978385008743e-06;0.0016129032258064516;0.2608695652173913;0.0;0.07339449541284404;0.25;0.0;0.25;0.25;0.79
14;0;38;0;0.0;0.0;0.0;0.6086956521739131;0.0;0.3486238532110092;0.0;0.0;0.0;0.0;0.0
21;0;52;0;0.0;0.0;0.0;0.9130434782608695;0.0;0.47706422018348627;0.0;0.0;0.0;0.0;0.0
4;30;5;0;0.0;0.0;0.0;0.17391304347826086;1.0;0.045871559633027525;0.0;0.0;0.0;0.0;0.0
16;0;21;0;0.0;0.0;0.0;0.6956521739130435;0.0;0.1926605504587156;0.0;0.0;0.0;0.0;0.59
21;0;52;0;0.0;0.0;0.0;0.9130434782608695;0.0;0.47706422018348627;0.0;0.0;0.0;0.0;0.0
3;0;12;0;0.0;0.0;0.0;0.13043478260869565;0.0;0.11009174311926606;0.0;0.0;0.0;0.0;0.0
18;0;62;0;3.94;0.0;0.0;0.782608695652174;0.0;0.5688073394495413;0.0;0.16561580496006725;0.0;0.0;0.0
11;0;42;0;1.58;0.0;0.0;0.4782608695652174;0.0;0.3853211009174312;0.0;0.06641445985708282;0.0;0.0;0.2
20;0;60;0;0.0;0.0;0.0;0.8695652173913043;0.0;0.5504587155963303;0.0;0.0;0.0;0.0;0.0
0;30;43;0;2.56;0.0;0.0;0.0;1.0;0.3944954128440367;0.0;0.10760823875577974;0.0;0.0;1.76
1;30;20;0;0.0;0.0;0.0;0.043478260869565216;1.0;0.1834862385321101;0.0;0.0;0.0;0.0;0.0
5;0;4;0;0.0;0.0;0.0;0.21739130434782608;0.0;0.03669724770642202;0.0;0.0;0.0;0.0;0.0
20;30;60;0;0.0;0.0;0.0;0.8695652173913043;1.0;0.5504587155963303;0.0;0.0;0.0;0.0;0.0
13;0;48;0;0.0;0.0;0.0;0.5652173913043478;0.0;0.44036697247706424;0.0;0.0;0.0;0.0;0.0
14;30;39;0;0.0;0.0;0.0;0.6086956521739131;1.0;0.3577981651376147;0.0;0.0;0.0;0.0;0.0
18;0;41;0;0.0;0.0;0.0;0.782608695652174;0.0;0.3761467889908257;0.0;0.0;0.0;0.0;0.0
14;30;49;0;0.0;0.0;0.0;0.6086956521739131;1.0;0.44954128440366975;0.0;0.0;0.0;0.0;0.0
8;30;31;0;0.0;0.0;0.0;0.34782608695652173;1.0;0.28440366972477066;0.0;0.0;0.0;0.0;0.0
4;0;12;0;0.0;0.0;0.0;0.17391304347826086;0.0;0.11009174311926606;0.0;0.0;0.0;0.0;0.0
8;0;23;0;0.0;0.0;0.0;0.34782608695652173;0.0;0.21100917431192662;0.0;0.0;0.0;0.0;0.0
12;0;16;0;0.0;0.0;0.0;0.5217391304347826;0.0;0.14678899082568808;0.0;0.0;0.0;0.0;0.2
22;0;36;0;0.0;0.0;0.0;0.9565217391304348;0.0;0.3302752293577982;0.0;0.0;0.0;0.0;0.0
19;30;71;0;0.0;0.0;0.0;0.8260869565217391;1.0;0.6513761467889908;0.0;0.0;0.0;0.0;0.0
0;30;44;0;0.0;0.0;0.0;0.0;1.0;0.4036697247706422;0.0;0.0;0.0;0.0;0.0
21;0;51;0;0.0;0.0;0.0;0.9130434782608695;0.0;0.46788990825688076;0.0;0.0;0.0;0.0;0.0
4;0;7;0;0.0;0.0;0.0;0.17391304347826086;0.0;0.06422018348623854;0.0;0.0;0.0;0.0;0.0
7;30;22;0;0.0;0.0;0.0;0.30434782608695654;1.0;0.2018348623853211;0.0;0.0;0.0;0.0;0.0
6;0;6;0;0.0;0.0;0.0;0.2608695652173913;0.0;0.05504587155963303;0.0;0.0;0.0;0.0;0.0
5;0;6;0;1.57;0.0;0.0;0.21739130434782608;0.0;0.05504587155963303;0.0;0.06599411517444305;0.0;0.0;1.57
15;0;38;0;0.0;0.0;0.0;0.6521739130434783;0.0;0.3486238532110092;0.0;0.0;0.0;0.0;0.0
23;30;11;0;0.2;0.0;0.0;1.0;1.0;0.10091743119266056;0.0;0.008406893652795292;0.0;0.0;0.0
7;0;11;0;0.0;0.0;0.0;0.30434782608695654;0.0;0.10091743119266056;0.0;0.0;0.0;0.0;0.0
9;30;32;0;0.0;0.0;0.0;0.391304347826087;1.0;0.29357798165137616;0.0;0.0;0.0;0.0;0.0
16;0;44;0;0.0;0.0;0.0;0.6956521739130435;0.0;0.4036697247706422;0.0;0.0;0.0;0.0;0.0
14;0;52;0;0.0;0.0;0.0;0.6086956521739131;0.0;0.47706422018348627;0.0;0.0;0.0;0.0;0.0
5;30;9;0;0.0;0.0;0.0;0.21739130434782608;1.0;0.08256880733944955;0.0;0.0;0.0;0.0;0.0
21;0;56;0;0.0;0.0;0.0;0.9130434782608695;0.0;0.5137614678899083;0.0;0.0;0.0;0.0;0.0
17;30;63;0;0.0;0.0;0.0;0.7391304347826086;1.0;0.5779816513761468;0.0;0.0;0.0;0.0;0.0
14;0;39;1;0.0;4.143978385008743e-06;0.0016129032258064516;0.6086956521739131;0.0;0.3577981651376147;0.25;0.0;0.25;0.25;0.0
5;0;5;0;0.0;0.0;0.0;0.21739130434782608;0.0;0.045871559633027525;0.0;0.0;0.0;0.0;0.0
6;30;17;0;0.0;0.0;0.0;0.2608695652173913;1.0;0.1559633027522936;0.0;0.0;0.0;0.0;0.0
11;0;29;0;0.0;0.0;0.0;0.4782608695652174;0.0;0.26605504587155965;0.0;0.0;0.0;0.0;0.0
4;30;1;0;0.0;0.0;0.0;0.17391304347826086;1.0;0.009174311926605505;0.0;0.0;0.0;0.0;0.0
8;0;28;0;0.0;0.0;0.0;0.34782608695652173;0.0;0.25688073394495414;0.0;0.0;0.0;0.0;0.0
12;0;50;0;0.0;0.0;0.0;0.5217391304347826;0.0;0.45871559633027525;0.0;0.0;0.0;0.0;0.0
17;0;59;0;0.0;0.0;0.0;0.7391304347826086;0.0;0.5412844036697247;0.0;0.0;0.0;0.0;0.0
4;30;0;0;3.35;0.0;0.0;0.17391304347826086;1.0;0.0;0.0;0.14081546868432115;0.0;0.0;0.0
18;0;28;4;0.0;1.6575913540034974e-05;0.0064516129032258064;0.782608695652174;0.0;0.25688073394495414;1.0;0.0;1.0;1.0;0.0
10;0;23;0;0.0;0.0;0.0;0.43478260869565216;0.0;0.21100917431192662;0.0;0.0;0.0;0.0;0.0
12;30;50;0;0.0;0.0;0.0;0.5217391304347826;1.0;0.45871559633027525;0.0;0.0;0.0;0.0;0.0
17;30;62;0;0.0;0.0;0.0;0.7391304347826086;1.0;0.5688073394495413;0.0;0.0;0.0;0.0;0.0
4;30;2;0;0.0;0.0;0.0;0.17391304347826086;1.0;0.01834862385321101;0.0;0.0;0.0;0.0;0.0
12;30;46;0;0.0;0.0;0.0;0.5217391304347826;1.0;0.42201834862385323;0.0;0.0;0.0;0.0;0.0
15;30;44;0;0.0;0.0;0.0;0.6521739130434783;1.0;0.4036697247706422;0.0;0.0;0.0;0.0;0.0
15;0;47;1;0.0;4.143978385008743e-06;0.0016129032258064516;0.6521739130434783;0.0;0.43119266055045874;0.25;0.0;0.25;0.25;0.0
18;0;25;1;0.4;4.143978385008743e-06;0.0016129032258064516;0.782608695652174;0.0;0.22935779816513763;0.25;0.016813787305590584;0.25;0.25;0.2
16;0;55;0;0.0;0.0;0.0;0.6956521739130435;0.0;0.5045871559633027;0.0;0.0;0.0;0.0;0.0
2;30;0;0;0.0;0.0;0.0;0.08695652173913043;1.0;0.0;0.0;0.0;0.0;0.0;8.29
6;30;9;0;0.0;0.0;0.0;0.2608695652173913;1.0;0.08256880733944955;0.0;0.0;0.0;0.0;0.0
2;30;61;0;0.0;0.0;0.0;0.08695652173913043;1.0;0.5596330275229358;0.0;0.0;0.0;0.0;0.0
19;0;50;1;0.0;4.143978385008743e-06;0.0016129032258064516;0.8260869565217391;0.0;0.45871559633027525;0.25;0.0;0.25;0.25;0.0
17;30;37;0;0.0;0.0;0.0;0.7391304347826086;1.0;0.3394495412844037;0.0;0.0;0.0;0.0;0.0
9;0;21;0;0.0;0.0;0.0;0.391304347826087;0.0;0.1926605504587156;0.0;0.0;0.0;0.0;0.0
9;30;16;0;0.0;0.0;0.0;0.391304347826087;1.0;0.14678899082568808;0.0;0.0;0.0;0.0;0.0
8;30;26;1;0.0;4.143978385008743e-06;0.0016129032258064516;0.34782608695652173;1.0;0.23853211009174313;0.25;0.0;0.25;0.25;0.2
8;30;28;0;0.0;0.0;0.0;0.34782608695652173;1.0;0.25688073394495414;0.0;0.0;0.0;0.0;0.0
11;30;34;0;0.0;0.0;0.0;0.4782608695652174;1.0;0.3119266055045872;0.0;0.0;0.0;0.0;0.0
23;0;0;0;0.0;0.0;0.0;1.0;0.0;0.0;0.0;0.0;0.0;0.0;0.0
10;30;39;0;0.0;0.0;0.0;0.43478260869565216;1.0;0.3577981651376147;0.0;0.0;0.0;0.0;0.0
17;0;50;0;0.0;0.0;0.0;0.7391304347826086;0.0;0.45871559633027525;0.0;0.0;0.0;0.0;0.0
7;30;7;0;0.0;0.0;0.0;0.30434782608695654;1.0;0.06422018348623854;0.0;0.0;0.0;0.0;0.0
19;0;61;0;0.0;0.0;0.0;0.8260869565217391;0.0;0.5596330275229358;0.0;0.0;0.0;0.0;0.0
12;0;34;1;0.0;4.143978385008743e-06;0.0016129032258064516;0.5217391304347826;0.0;0.3119266055045872;0.25;0.0;0.25;0.25;0.2
2;30;16;0;0.0;0.0;0.0;0.08695652173913043;1.0;0.14678899082568808;0.0;0.0;0.0;0.0;0.0
5;0;2;0;0.0;0.0;0.0;0.21739130434782608;0.0;0.01834862385321101;0.0;0.0;0.0;0.0;0.0
5;0;1;0;1.57;0.0;0.0;0.21739130434782608;0.0;0.009174311926605505;0.0;0.06599411517444305;0.0;0.0;1.76
18;30;55;0;0.0;0.0;0.0;0.782608695652174;1.0;0.5045871559633027;0.0;0.0;0.0;0.0;0.0
4;0;9;0;0.0;0.0;0.0;0.17391304347826086;0.0;0.08256880733944955;0.0;0.0;0.0;0.0;0.0
9;30;40;0;0.0;0.0;0.0;0.391304347826087;1.0;0.3669724770642202;0.0;0.0;0.0;0.0;0.0
7;30;19;0;0.0;0.0;0.0;0.30434782608695654;1.0;0.1743119266055046;0.0;0.0;0.0;0.0;0.0
17;30;28;2;0.0;8.287956770017487e-06;0.0032258064516129032;0.7391304347826086;1.0;0.25688073394495414;0.5;0.0;0.5;0.5;0.0
6;30;17;0;0.0;0.0;0.0;0.2608695652173913;1.0;0.1559633027522936;0.0;0.0;0.0;0.0;0.0
12;30;34;0;0.0;0.0;0.0;0.5217391304347826;1.0;0.3119266055045872;0.0;0.0;0.0;0.0;0.0
4;0;12;0;0.0;0.0;0.0;0.17391304347826086;0.0;0.11009174311926606;0.0;0.0;0.0;0.0;0.0
20;0;69;0;0.0;0.0;0.0;0.8695652173913043;0.0;0.6330275229357798;0.0;0.0;0.0;0.0;0.0
1;30;28;0;0.0;0.0;0.0;0.043478260869565216;1.0;0.25688073394495414;0.0;0.0;0.0;0.0;0.0
19;0;41;0;0.0;0.0;0.0;0.8260869565217391;0.0;0.3761467889908257;0.0;0.0;0.0;0.0;0.0
4;30;3;0;0.0;0.0;0.0;0.17391304347826086;1.0;0.027522935779816515;0.0;0.0;0.0;0.0;0.0
8;0;5;0;0.0;0.0;0.0;0.34782608695652173;0.0;0.045871559633027525;0.0;0.0;0.0;0.0;0.79
17;0;68;0;0.0;0.0;0.0;0.7391304347826086;0.0;0.6238532110091743;0.0;0.0;0.0;0.0;0.0
7;30;25;1;0.2;4.143978385008743e-06;0.0016129032258064516;0.30434782608695654;1.0;0.22935779816513763;0.25;0.008406893652795292;0.25;0.25;0.2
18;0;47;0;0.0;0.0;0.0;0.782608695652174;0.0;0.43119266055045874;0.0;0.0;0.0;0.0;0.0
20;0;47;0;0.0;0.0;0.0;0.8695652173913043;0.0;0.43119266055045874;0.0;0.0;0.0;0.0;0.0
12;0;65;0;0.0;0.0;0.0;0.5217391304347826;0.0;0.5963302752293578;0.0;0.0;0.0;0.0;0.0
15;0;38;0;0.0;0.0;0.0;0.6521739130434783;0.0;0.3486238532110092;0.0;0.0;0.0;0.0;0.0
0;0;53;0;0.0;0.0;0.0;0.0;0.0;0.48623853211009177;0.0;0.0;0.0;0.0;0.0
21;0;72;0;0.0;0.0;0.0;0.9130434782608695;0.0;0.6605504587155964;0.0;0.0;0.0;0.0;0.61
18;0;31;0;0.0;0.0;0.0;0.782608695652174;0.0;0.28440366972477066;0.0;0.0;0.0;0.0;0.0
12;0;43;0;0.0;0.0;0.0;0.5217391304347826;0.0;0.3944954128440367;0.0;0.0;0.0;0.0;0.0
20;30;43;0;0.0;0.0;0.0;0.8695652173913043;1.0;0.3944954128440367;0.0;0.0;0.0;0.0;0.0
0;0;36;0;1.18;0.0;0.0;0.0;0.0;0.3302752293577982;0.0;0.049600672551492225;0.0;0.0;1.38
20;0;42;0;0.0;0.0;0.0;0.8695652173913043;0.0;0.3853211009174312;0.0;0.0;0.0;0.0;0.0
3;30;9;0;0.0;0.0;0.0;0.13043478260869565;1.0;0.08256880733944955;0.0;0.0;0.0;0.0;0.0
18;0;55;0;0.59;0.0;0.0;0.782608695652174;0.0;0.5045871559633027;0.0;0.024800336275746113;0.0;0.0;1.38
22;30;0;0;0.0;0.0;0.0;0.9565217391304348;1.0;0.0;0.0;0.0;0.0;0.0;0.0
10;30;12;0;0.0;0.0;0.0;0.43478260869565216;1.0;0.11009174311926606;0.0;0.0;0.0;0.0;0.0
19;0;78;0;0.0;0.0;0.0;0.8260869565217391;0.0;0.7155963302752294;0.0;0.0;0.0;0.0;0.0
2;30;4;0;0.0;0.0;0.0;0.08695652173913043;1.0;0.03669724770642202;0.0;0.0;0.0;0.0;0.0
20;30;60;0;0.0;0.0;0.0;0.8695652173913043;1.0;0.5504587155963303;0.0;0.0;0.0;0.0;0.0
22;0;47;0;0.0;0.0;0.0;0.9565217391304348;0.0;0.43119266055045874;0.0;0.0;0.0;0.0;0.0
17;30;65;0;0.0;0.0;0.0;0.7391304347826086;1.0;0.5963302752293578;0.0;0.0;0.0;0.0;0.0
21;0;62;0;0.0;0.0;0.0;0.9130434782608695;0.0;0.5688073394495413;0.0;0.0;0.0;0.0;0.0
21;30;54;0;0.0;0.0;0.0;0.9130434782608695;1.0;0.4954128440366973;0.0;0.0;0.0;0.0;0.0
3;0;7;0;0.0;0.0;0.0;0.13043478260869565;0.0;0.06422018348623854;0.0;0.0;0.0;0.0;0.0
20;30;41;0;0.0;0.0;0.0;0.8695652173913043;1.0;0.3761467889908257;0.0;0.0;0.0;0.0;0.0
5;30;0;0;0.2;0.0;0.0;0.21739130434782608;1.0;0.0;0.0;0.008406893652795292;0.0;0.0;0.0
8;30;7;0;0.0;0.0;0.0;0.34782608695652173;1.0;0.06422018348623854;0.0;0.0;0.0;0.0;0.0
9;0;23;0;0.0;0.0;0.0;0.391304347826087;0.0;0.21100917431192662;0.0;0.0;0.0;0.0;0.0
14;0;34;0;0.0;0.0;0.0;0.6086956521739131;0.0;0.3119266055045872;0.0;0.0;0.0;0.0;0.0
21;0;54;1;0.0;4.143978385008743e-06;0.0016129032258064516;0.9130434782608695;0.0;0.4954128440366973;0.25;0.0;0.25;0.25;0.0
8;30;17;0;0.0;0.0;0.0;0.34782608695652173;1.0;0.1559633027522936;0.0;0.0;0.0;0.0;0.0
12;0;54;0;0.0;0.0;0.0;0.5217391304347826;0.0;0.4954128440366973;0.0;0.0;0.0;0.0;0.0
18;0;46;0;0.0;0.0;0.0;0.782608695652174;0.0;0.42201834862385323;0.0;0.0;0.0;0.0;0.0
14;30;35;0;0.0;0.0;0.0;0.6086956521739131;1.0;0.3211009174311927;0.0;0.0;0.0;0.0;0.0
10;30;37;0;0.0;0.0;0.0;0.43478260869565216;1.0;0.3394495412844037;0.0;0.0;0.0;0.0;0.0
11;30;23;0;0.0;0.0;0.0;0.4782608695652174;1.0;0.21100917431192662;0.0;0.0;0.0;0.0;0.0
18;30;44;0;0.0;0.0;0.0;0.782608695652174;1.0;0.4036697247706422;0.0;0.0;0.0;0.0;0.0
14;30;32;0;0.2;0.0;0.0;0.6086956521739131;1.0;0.29357798165137616;0.0;0.008406893652795292;0.0;0.0;0.0
22;0;0;0;0.98;0.0;0.0;0.9565217391304348;0.0;0.0;0.0;0.04119377889869693;0.0;0.0;0.4
16;30;30;0;0.0;0.0;0.0;0.6956521739130435;1.0;0.27522935779816515;0.0;0.0;0.0;0.0;0.0
15;0;55;0;0.0;0.0;0.0;0.6521739130434783;0.0;0.5045871559633027;0.0;0.0;0.0;0.0;0.0
16;0;50;0;0.0;0.0;0.0;0.6956521739130435;0.0;0.45871559633027525;0.0;0.0;0.0;0.0;0.0
0;30;20;0;0.0;0.0;0.0;0.0;1.0;0.1834862385321101;0.0;0.0;0.0;0.0;0.0
0;30;27;0;0.0;0.0;0.0;0.0;1.0;0.24770642201834864;0.0;0.0;0.0;0.0;0.0
7;0;21;0;0.0;0.0;0.0;0.30434782608695654;0.0;0.1926605504587156;0.0;0.0;0.0;0.0;0.0
16;0;37;0;0.0;0.0;0.0;0.6956521739130435;0.0;0.3394495412844037;0.0;0.0;0.0;0.0;0.0
12;30;42;0;0.0;0.0;0.0;0.5217391304347826;1.0;0.3853211009174312;0.0;0.0;0.0;0.0;0.0
19;0;22;0;0.0;0.0;0.0;0.8260869565217391;0.0;0.2018348623853211;0.0;0.0;0.0;0.0;0.0
5;30;8;0;1.76;0.0;0.0;0.21739130434782608;1.0;0.07339449541284404;0.0;0.07398066414459857;0.0;0.0;1.18
2;0;15;0;0.0;0.0;0.0;0.08695652173913043;0.0;0.13761467889908258;0.0;0.0;0.0;0.0;0.0
7;0;6;0;0.0;0.0;0.0;0.30434782608695654;0.0;0.05504587155963303;0.0;0.0;0.0;0.0;0.0
3;30;11;0;0.0;0.0;0.0;0.13043478260869565;1.0;0.10091743119266056;0.0;0.0;0.0;0.0;0.2
11;0;25;1;1.57;4.143978385008743e-06;0.0016129032258064516;0.4782608695652174;0.0;0.22935779816513763;0.25;0.06599411517444305;0.25;0.25;0.0
17;0;51;1;0.79;4.143978385008743e-06;0.0016129032258064516;0.7391304347826086;0.0;0.46788990825688076;0.25;0.03320722992854141;0.25;0.25;22.66
22;30;42;1;0.2;4.143978385008743e-06;0.0016129032258064516;0.9565217391304348;1.0;0.3853211009174312;0.25;0.008406893652795292;0.25;0.25;0.59
4;0;4;0;0.0;0.0;0.0;0.17391304347826086;0.0;0.03669724770642202;0.0;0.0;0.0;0.0;0.0
15;0;39;0;0.0;0.0;0.0;0.6521739130434783;0.0;0.3577981651376147;0.0;0.0;0.0;0.0;0.0
10;30;46;0;0.0;0.0;0.0;0.43478260869565216;1.0;0.42201834862385323;0.0;0.0;0.0;0.0;0.0
3;30;5;0;0.0;0.0;0.0;0.13043478260869565;1.0;0.045871559633027525;0.0;0.0;0.0;0.0;0.0
8;30;21;0;0.2;0.0;0.0;0.34782608695652173;1.0;0.1926605504587156;0.0;0.008406893652795292;0.0;0.0;0.2
2;0;9;0;0.0;0.0;0.0;0.08695652173913043;0.0;0.08256880733944955;0.0;0.0;0.0;0.0;0.0
20;30;51;0;0.0;0.0;0.0;0.8695652173913043;1.0;0.46788990825688076;0.0;0.0;0.0;0.0;0.0
4;30;3;0;0.0;0.0;0.0;0.17391304347826086;1.0;0.027522935779816515;0.0;0.0;0.0;0.0;0.0
2;0;17;0;0.0;0.0;0.0;0.08695652173913043;0.0;0.1559633027522936;0.0;0.0;0.0;0.0;0.0
5;30;7;0;0.0;0.0;0.0;0.21739130434782608;1.0;0.06422018348623854;0.0;0.0;0.0;0.0;0.0
13;0;21;0;0.0;0.0;0.0;0.5652173913043478;0.0;0.1926605504587156;0.0;0.0;0.0;0.0;0.0
6;30;21;0;0.0;0.0;0.0;0.2608695652173913;1.0;0.1926605504587156;0.0;0.0;0.0;0.0;0.0
2;30;14;0;0.0;0.0;0.0;0.08695652173913043;1.0;0.12844036697247707;0.0;0.0;0.0;0.0;0.0
22;30;55;0;0.0;0.0;0.0;0.9565217391304348;1.0;0.5045871559633027;0.0;0.0;0.0;0.0;0.0
11;0;38;0;0.2;0.0;0.0;0.4782608695652174;0.0;0.3486238532110092;0.0;0.008406893652795292;0.0;0.0;0.0
21;30;69;0;0.0;0.0;0.0;0.9130434782608695;1.0;0.6330275229357798;0.0;0.0;0.0;0.0;0.0
0;0;0;0;0.0;0.0;0.0;0.0;0.0;0.0;0.0;0.0;0.0;0.0;0.0
10;0;31;0;0.0;0.0;0.0;0.43478260869565216;0.0;0.28440366972477066;0.0;0.0;0.0;0.0;0.0
22;30;0;0;0.4;0.0;0.0;0.9565217391304348;1.0;0.0;0.0;0.016813787305590584;0.0;0.0;0.4
0;0;19;0;0.0;0.0;0.0;0.0;0.0;0.1743119266055046;0.0;0.0;0.0;0.0;0.0
5;0;4;0;0.0;0.0;0.0;0.21739130434782608;0.0;0.03669724770642202;0.0;0.0;0.0;0.0;0.0
15;0;31;0;0.0;0.0;0.0;0.6521739130434783;0.0;0.28440366972477066;0.0;0.0;0.0;0.0;0.0
20;0;45;0;0.0;0.0;0.0;0.8695652173913043;0.0;0.41284403669724773;0.0;0.0;0.0;0.0;0.0
10;0;10;0;0.0;0.0;0.0;0.43478260869565216;0.0;0.09174311926605505;0.0;0.0;0.0;0.0;0.0
21;30;64;0;0.0;0.0;0.0;0.9130434782608695;1.0;0.5871559633027523;0.0;0.0;0.0;0.0;0.0
12;30;59;3;0.2;1.2431935155026231e-05;0.004838709677419355;0.5217391304347826;1.0;0.5412844036697247;0.75;0.008406893652795292;0.75;0.75;0.2
18;30;54;0;0.0;0.0;0.0;0.782608695652174;1.0;0.4954128440366973;0.0;0.0;0.0;0.0;0.0
8;0;9;0;0.0;0.0;0.0;0.34782608695652173;0.0;0.08256880733944955;0.0;0.0;0.0;0.0;0.0
12;30;65;0;0.0;0.0;0.0;0.5217391304347826;1.0;0.5963302752293578;0.0;0.0;0.0;0.0;0.0
21;30;45;0;0.0;0.0;0.0;0.9130434782608695;1.0;0.41284403669724773;0.0;0.0;0.0;0.0;0.0
6;30;7;0;0.0;0.0;0.0;0.2608695652173913;1.0;0.06422018348623854;0.0;0.0;0.0;0.0;0.0
18;30;71;0;0.0;0.0;0.0;0.782608695652174;1.0;0.6513761467889908;0.0;0.0;0.0;0.0;0.0
16;30;42;0;0.0;0.0;0.0;0.6956521739130435;1.0;0.3853211009174312;0.0;0.0;0.0;0.0;0.0
19;30;58;0;0.0;0.0;0.0;0.8260869565217391;1.0;0.5321100917431193;0.0;0.0;0.0;0.0;0.0
6;30;4;0;0.0;0.0;0.0;0.2608695652173913;1.0;0.03669724770642202;0.0;0.0;0.0;0.0;0.0
23;30;29;0;0.0;0.0;0.0;1.0;1.0;0.26605504587155965;0.0;0.0;0.0;0.0;0.0
10;0;29;0;0.0;0.0;0.0;0.43478260869565216;0.0;0.26605504587155965;0.0;0.0;0.0;0.0;0.0
7;0;3;0;0.0;0.0;0.0;0.30434782608695654;0.0;0.027522935779816515;0.0;0.0;0.0;0.0;0.0
16;0;33;0;0.0;0.0;0.0;0.6956521739130435;0.0;0.30275229357798167;0.0;0.0;0.0;0.0;0.0
2;30;8;0;0.0;0.0;0.0;0.08695652173913043;1.0;0.07339449541284404;0.0;0.0;0.0;0.0;0.0
18;0;46;0;0.0;0.0;0.0;0.782608695652174;0.0;0.42201834862385323;0.0;0.0;0.0;0.0;0.0
2;0;0;0;0.0;0.0;0.0;0.08695652173913043;0.0;0.0;0.0;0.0;0.0;0.0;0.0
17;0;38;0;0.0;0.0;0.0;0.7391304347826086;0.0;0.3486238532110092;0.0;0.0;0.0;0.0;0.0
2;0;11;0;0.0;0.0;0.0;0.08695652173913043;0.0;0.10091743119266056;0.0;0.0;0.0;0.0;0.0
21;0;55;0;0.0;0.0;0.0;0.9130434782608695;0.0;0.5045871559633027;0.0;0.0;0.0;0.0;0.0
2;30;8;0;0.2;0.0;0.0;0.08695652173913043;1.0;0.07339449541284404;0.0;0.008406893652795292;0.0;0.0;0.2
8;30;23;0;0.0;0.0;0.0;0.34782608695652173;1.0;0.21100917431192662;0.0;0.0;0.0;0.0;0.0
7;0;10;0;0.0;0.0;0.0;0.30434782608695654;0.0;0.09174311926605505;0.0;0.0;0.0;0.0;0.0
8;0;26;0;0.0;0.0;0.0;0.34782608695652173;0.0;0.23853211009174313;0.0;0.0;0.0;0.0;0.0
2;30;13;0;0.98;0.0;0.0;0.08695652173913043;1.0;0.11926605504587157;0.0;0.04119377889869693;0.0;0.0;0.99
9;30;28;0;0.0;0.0;0.0;0.391304347826087;1.0;0.25688073394495414;0.0;0.0;0.0;0.0;0.0
19;30;34;1;0.0;4.143978385008743e-06;0.0016129032258064516;0.8260869565217391;1.0;0.3119266055045872;0.25;0.0;0.25;0.25;0.0
14;0;35;0;0.0;0.0;0.0;0.6086956521739131;0.0;0.3211009174311927;0.0;0.0;0.0;0.0;0.0
20;0;47;0;0.0;0.0;0.0;0.8695652173913043;0.0;0.43119266055045874;0.0;0.0;0.0;0.0;0.0
3;0;2;0;0.0;0.0;0.0;0.13043478260869565;0.0;0.01834862385321101;0.0;0.0;0.0;0.0;0.0
9;30;11;0;0.0;0.0;0.0;0.391304347826087;1.0;0.10091743119266056;0.0;0.0;0.0;0.0;0.0
1;0;18;0;0.0;0.0;0.0;0.043478260869565216;0.0;0.1651376146788991;0.0;0.0;0.0;0.0;0.0
21;0;55;0;0.0;0.0;0.0;0.9130434782608695;0.0;0.5045871559633027;0.0;0.0;0.0;0.0;0.0
2;30;29;0;0.0;0.0;0.0;0.08695652173913043;1.0;0.26605504587155965;0.0;0.0;0.0;0.0;0.0
10;0;31;0;0.0;0.0;0.0;0.43478260869565216;0.0;0.28440366972477066;0.0;0.0;0.0;0.0;0.0
0;30;16;0;0.0;0.0;0.0;0.0;1.0;0.14678899082568808;0.0;0.0;0.0;0.0;0.0
9;30;20;0;0.0;0.0;0.0;0.391304347826087;1.0;0.1834862385321101;0.0;0.0;0.0;0.0;0.0
18;30;19;0;0.0;0.0;0.0;0.782608695652174;1.0;0.1743119266055046;0.0;0.0;0.0;0.0;0.0
13;0;29;0;0.0;0.0;0.0;0.5652173913043478;0.0;0.26605504587155965;0.0;0.0;0.0;0.0;0.0
6;30;2;0;0.0;0.0;0.0;0.2608695652173913;1.0;0.01834862385321101;0.0;0.0;0.0;0.0;0.0
17;30;39;0;0.0;0.0;0.0;0.7391304347826086;1.0;0.3577981651376147;0.0;0.0;0.0;0.0;0.0
1;30;30;0;0.0;0.0;0.0;0.043478260869565216;1.0;0.27522935779816515;0.0;0.0;0.0;0.0;0.0
2;0;16;0;0.0;0.0;0.0;0.08695652173913043;0.0;0.14678899082568808;0.0;0.0;0.0;0.0;0.0
6;30;9;0;0.0;0.0;0.0;0.2608695652173913;1.0;0.08256880733944955;0.0;0.0;0.0;0.0;0.0
10;30;58;0;0.0;0.0;0.0;0.43478260869565216;1.0;0.5321100917431193;0.0;0.0;0.0;0.0;0.0
3;0;7;0;0.0;0.0;0.0;0.13043478260869565;0.0;0.06422018348623854;0.0;0.0;0.0;0.0;0.0
20;30;48;0;0.0;0.0;0.0;0.8695652173913043;1.0;0.44036697247706424;0.0;0.0;0.0;0.0;0.0
20;0;69;0;0.0;0.0;0.0;0.8695652173913043;0.0;0.6330275229357798;0.0;0.0;0.0;0.0;0.0
12;0;38;0;0.0;0.0;0.0;0.5217391304347826;0.0;0.3486238532110092;0.0;0.0;0.0;0.0;0.0
16;30;45;0;0.0;0.0;0.0;0.6956521739130435;1.0;0.41284403669724773;0.0;0.0;0.0;0.0;0.0
8;0;13;0;0.0;0.0;0.0;0.34782608695652173;0.0;0.11926605504587157;0.0;0.0;0.0;0.0;0.0
8;30;9;0;0.0;0.0;0.0;0.34782608695652173;1.0;0.08256880733944955;0.0;0.0;0.0;0.0;0.0
8;30;35;0;0.0;0.0;0.0;0.34782608695652173;1.0;0.3211009174311927;0.0;0.0;0.0;0.0;0.0
2;30;19;0;0.0;0.0;0.0;0.08695652173913043;1.0;0.1743119266055046;0.0;0.0;0.0;0.0;0.0
10;30;36;0;0.0;0.0;0.0;0.43478260869565216;1.0;0.3302752293577982;0.0;0.0;0.0;0.0;0.0
5;30;0;0;0.0;0.0;0.0;0.21739130434782608;1.0;0.0;0.0;0.0;0.0;0.0;0.0
8;30;10;0;0.0;0.0;0.0;0.34782608695652173;1.0;0.09174311926605505;0.0;0.0;0.0;0.0;0.0
5;30;5;0;0.0;0.0;0.0;0.21739130434782608;1.0;0.045871559633027525;0.0;0.0;0.0;0.0;0.0
6;0;6;0;0.0;0.0;0.0;0.2608695652173913;0.0;0.05504587155963303;0.0;0.0;0.0;0.0;0.0
0;0;51;0;0.0;0.0;0.0;0.0;0.0;0.46788990825688076;0.0;0.0;0.0;0.0;0.0
12;30;47;0;0.0;0.0;0.0;0.5217391304347826;1.0;0.43119266055045874;0.0;0.0;0.0;0.0;0.0
2;30;19;0;0.0;0.0;0.0;0.08695652173913043;1.0;0.1743119266055046;0.0;0.0;0.0;0.0;0.0
10;30;45;0;0.0;0.0;0.0;0.43478260869565216;1.0;0.41284403669724773;0.0;0.0;0.0;0.0;0.0
14;0;44;0;0.0;0.0;0.0;0.6086956521739131;0.0;0.4036697247706422;0.0;0.0;0.0;0.0;0.0
0;30;34;0;0.0;0.0;0.0;0.0;1.0;0.3119266055045872;0.0;0.0;0.0;0.0;0.0
23;0;45;2;0.2;8.287956770017487e-06;0.0032258064516129032;1.0;0.0;0.41284403669724773;0.5;0.008406893652795292;0.5;0.5;0.0
20;30;44;0;1.37;0.0;0.0;0.8695652173913043;1.0;0.4036697247706422;0.0;0.05758722152164776;0.0;0.0;1.18
10;0;35;0;0.0;0.0;0.0;0.43478260869565216;0.0;0.3211009174311927;0.0;0.0;0.0;0.0;0.0
8;0;6;0;0.0;0.0;0.0;0.34782608695652173;0.0;0.05504587155963303;0.0;0.0;0.0;0.0;0.0
18;0;64;0;0.0;0.0;0.0;0.782608695652174;0.0;0.5871559633027523;0.0;0.0;0.0;0.0;0.0
9;30;24;0;0.0;0.0;0.0;0.391304347826087;1.0;0.22018348623853212;0.0;0.0;0.0;0.0;0.0
13;30;53;0;0.0;0.0;0.0;0.5652173913043478;1.0;0.48623853211009177;0.0;0.0;0.0;0.0;0.0
21;30;63;0;0.0;0.0;0.0;0.9130434782608695;1.0;0.5779816513761468;0.0;0.0;0.0;0.0;0.0
17;0;57;1;0.0;4.143978385008743e-06;0.0016129032258064516;0.7391304347826086;0.0;0.5229357798165137;0.25;0.0;0.25;0.25;0.0
23;30;44;0;0.0;0.0;0.0;1.0;1.0;0.4036697247706422;0.0;0.0;0.0;0.0;0.0
0;0;36;0;0.0;0.0;0.0;0.0;0.0;0.3302752293577982;0.0;0.0;0.0;0.0;0.0
0;30;27;0;0.0;0.0;0.0;0.0;1.0;0.24770642201834864;0.0;0.0;0.0;0.0;0.0
19;30;84;0;0.0;0.0;0.0;0.8260869565217391;1.0;0.7706422018348624;0.0;0.0;0.0;0.0;0.0
18;30;44;0;0.0;0.0;0.0;0.782608695652174;1.0;0.4036697247706422;0.0;0.0;0.0;0.0;0.0
17;0;42;0;0.0;0.0;0.0;0.7391304347826086;0.0;0.3853211009174312;0.0;0.0;0.0;0.0;0.0
23;0;51;0;0.0;0.0;0.0;1.0;0.0;0.46788990825688076;0.0;0.0;0.0;0.0;0.0
1;0;37;0;0.0;0.0;0.0;0.043478260869565216;0.0;0.3394495412844037;0.0;0.0;0.0;0.0;0.0
0;30;35;0;0.0;0.0;0.0;0.0;1.0;0.3211009174311927;0.0;0.0;0.0;0.0;0.0
17;0;54;0;0.0;0.0;0.0;0.7391304347826086;0.0;0.4954128440366973;0.0;0.0;0.0;0.0;0.0
3;30;7;0;0.0;0.0;0.0;0.13043478260869565;1.0;0.06422018348623854;0.0;0.0;0.0;0.0;0.0
21;30;62;0;0.0;0.0;0.0;0.9130434782608695;1.0;0.5688073394495413;0.0;0.0;0.0;0.0;0.0
15;30;51;0;0.0;0.0;0.0;0.6521739130434783;1.0;0.46788990825688076;0.0;0.0;0.0;0.0;0.0
11;0;50;0;0.0;0.0;0.0;0.4782608695652174;0.0;0.45871559633027525;0.0;0.0;0.0;0.0;0.0
17;0;0;0;0.2;0.0;0.0;0.7391304347826086;0.0;0.0;0.0;0.008406893652795292;0.0;0.0;0.0
9;0;9;0;0.0;0.0;0.0;0.391304347826087;0.0;0.08256880733944955;0.0;0.0;0.0;0.0;0.0
11;30;21;0;0.0;0.0;0.0;0.4782608695652174;1.0;0.1926605504587156;0.0;0.0;0.0;0.0;0.0
19;0;37;0;0.0;0.0;0.0;0.8260869565217391;0.0;0.3394495412844037;0.0;0.0;0.0;0.0;0.0
19;30;37;0;0.0;0.0;0.0;0.8260869565217391;1.0;0.3394495412844037;0.0;0.0;0.0;0.0;0.0
3;0;23;0;0.0;0.0;0.0;0.13043478260869565;0.0;0.21100917431192662;0.0;0.0;0.0;0.0;0.0
17;30;32;0;0.0;0.0;0.0;0.7391304347826086;1.0;0.29357798165137616;0.0;0.0;0.0;0.0;0.0
4;0;1;0;0.0;0.0;0.0;0.17391304347826086;0.0;0.009174311926605505;0.0;0.0;0.0;0.0;0.0
1;0;24;0;0.0;0.0;0.0;0.043478260869565216;0.0;0.22018348623853212;0.0;0.0;0.0;0.0;0.0
12;0;36;0;0.0;0.0;0.0;0.5217391304347826;0.0;0.3302752293577982;0.0;0.0;0.0;0.0;0.0
1;0;16;0;0.0;0.0;0.0;0.043478260869565216;0.0;0.14678899082568808;0.0;0.0;0.0;0.0;0.0
10;30;29;0;0.0;0.0;0.0;0.43478260869565216;1.0;0.26605504587155965;0.0;0.0;0.0;0.0;1.57
15;0;37;0;0.0;0.0;0.0;0.6521739130434783;0.0;0.3394495412844037;0.0;0.0;0.0;0.0;0.0
23;0;57;0;0.0;0.0;0.0;1.0;0.0;0.5229357798165137;0.0;0.0;0.0;0.0;0.0
5;0;10;0;0.0;0.0;0.0;0.21739130434782608;0.0;0.09174311926605505;0.0;0.0;0.0;0.0;0.0
15;30;27;0;0.0;0.0;0.0;0.6521739130434783;1.0;0.24770642201834864;0.0;0.0;0.0;0.0;0.0
5;0;2;0;0.0;0.0;0.0;0.21739130434782608;0.0;0.01834862385321101;0.0;0.0;0.0;0.0;0.0
17;30;51;0;0.0;0.0;0.0;0.7391304347826086;1.0;0.46788990825688076;0.0;0.0;0.0;0.0;0.0
23;30;0;0;0.0;0.0;0.0;1.0;1.0;0.0;0.0;0.0;0.0;0.0;0.0
23;0;25;0;0.0;0.0;0.0;1.0;0.0;0.22935779816513763;0.0;0.0;0.0;0.0;0.0
21;30;49;0;0.0;0.0;0.0;0.9130434782608695;1.0;0.44954128440366975;0.0;0.0;0.0;0.0;0.0
0;0;37;0;0.0;0.0;0.0;0.0;0.0;0.3394495412844037;0.0;0.0;0.0;0.0;0.0
3;0;17;0;0.0;0.0;0.0;0.13043478260869565;0.0;0.1559633027522936;0.0;0.0;0.0;0.0;0.0
23;0;47;0;0.0;0.0;0.0;1.0;0.0;0.43119266055045874;0.0;0.0;0.0;0.0;0.0
0;0;44;0;0.0;0.0;0.0;0.0;0.0;0.4036697247706422;0.0;0.0;0.0;0.0;0.0
19;30;71;0;0.2;0.0;0.0;0.8260869565217391;1.0;0.6513761467889908;0.0;0.008406893652795292;0.0;0.0;0.0
18;0;45;3;0.79;1.2431935155026231e-05;0.004838709677419355;0.782608695652174;0.0;0.41284403669724773;0.75;0.03320722992854141;0.75;0.75;0.0
0;0;30;0;0.98;0.0;0.0;0.0;0.0;0.27522935779816515;0.0;0.04119377889869693;0.0;0.0;0.59
22;0;41;0;0.0;0.0;0.0;0.9565217391304348;0.0;0.3761467889908257;0.0;0.0;0.0;0.0;0.0
15;0;54;0;0.0;0.0;0.0;0.6521739130434783;0.0;0.4954128440366973;0.0;0.0;0.0;0.0;0.0
17;30;55;0;0.0;0.0;0.0;0.7391304347826086;1.0;0.5045871559633027;0.0;0.0;0.0;0.0;3.94
8;0;20;0;0.0;0.0;0.0;0.34782608695652173;0.0;0.1834862385321101;0.0;0.0;0.0;0.0;0.0
7;0;10;0;0.0;0.0;0.0;0.30434782608695654;0.0;0.09174311926605505;0.0;0.0;0.0;0.0;0.0
20;30;58;0;0.0;0.0;0.0;0.8695652173913043;1.0;0.5321100917431193;0.0;0.0;0.0;0.0;0.0
13;30;48;0;0.0;0.0;0.0;0.5652173913043478;1.0;0.44036697247706424;0.0;0.0;0.0;0.0;0.0
9;30;26;0;0.0;0.0;0.0;0.391304347826087;1.0;0.23853211009174313;0.0;0.0;0.0;0.0;0.0
19;0;49;0;0.0;0.0;0.0;0.8260869565217391;0.0;0.44954128440366975;0.0;0.0;0.0;0.0;0.0
16;30;24;0;0.59;0.0;0.0;0.6956521739130435;1.0;0.22018348623853212;0.0;0.024800336275746113;0.0;0.0;11.77
20;30;86;0;0.0;0.0;0.0;0.8695652173913043;1.0;0.7889908256880734;0.0;0.0;0.0;0.0;0.0
4;30;6;0;0.0;0.0;0.0;0.17391304347826086;1.0;0.05504587155963303;0.0;0.0;0.0;0.0;0.0
19;0;48;0;0.0;0.0;0.0;0.8260869565217391;0.0;0.44036697247706424;0.0;0.0;0.0;0.0;0.0
19;30;61;1;0.0;4.143978385008743e-06;0.0016129032258064516;0.8260869565217391;1.0;0.5596330275229358;0.25;0.0;0.25;0.25;0.0
19;0;60;0;0.0;0.0;0.0;0.8260869565217391;0.0;0.5504587155963303;0.0;0.0;0.0;0.0;0.0
23;0;32;0;0.0;0.0;0.0;1.0;0.0;0.29357798165137616;0.0;0.0;0.0;0.0;0.0
13;30;108;0;0.0;0.0;0.0;0.5652173913043478;1.0;0.9908256880733946;0.0;0.0;0.0;0.0;0.0
8;30;33;1;0.0;4.143978385008743e-06;0.0016129032258064516;0.34782608695652173;1.0;0.30275229357798167;0.25;0.0;0.25;0.25;0.2
21;0;54;0;0.0;0.0;0.0;0.9130434782608695;0.0;0.4954128440366973;0.0;0.0;0.0;0.0;0.0
0;0;26;0;0.0;0.0;0.0;0.0;0.0;0.23853211009174313;0.0;0.0;0.0;0.0;0.0
7;0;5;0;0.0;0.0;0.0;0.30434782608695654;0.0;0.045871559633027525;0.0;0.0;0.0;0.0;0.0
13;0;59;0;0.0;0.0;0.0;0.5652173913043478;0.0;0.5412844036697247;0.0;0.0;0.0;0.0;0.0
2;30;8;0;0.0;0.0;0.0;0.08695652173913043;1.0;0.07339449541284404;0.0;0.0;0.0;0.0;0.0
20;30;56;0;0.0;0.0;0.0;0.8695652173913043;1.0;0.5137614678899083;0.0;0.0;0.0;0.0;0.0
11;30;38;0;0.2;0.0;0.0;0.4782608695652174;1.0;0.3486238532110092;0.0;0.008406893652795292;0.0;0.0;0.0
10;30;46;0;0.99;0.0;0.0;0.43478260869565216;1.0;0.42201834862385323;0.0;0.0416141235813367;0.0;0.0;1.58
20;0;69;0;0.0;0.0;0.0;0.8695652173913043;0.0;0.6330275229357798;0.0;0.0;0.0;0.0;0.0
13;0;43;0;0.0;0.0;0.0;0.5652173913043478;0.0;0.3944954128440367;0.0;0.0;0.0;0.0;0.0
5;0;6;0;0.0;0.0;0.0;0.21739130434782608;0.0;0.05504587155963303;0.0;0.0;0.0;0.0;0.0
16;0;41;0;0.0;0.0;0.0;0.6956521739130435;0.0;0.3761467889908257;0.0;0.0;0.0;0.0;0.0
11;0;44;0;0.0;0.0;0.0;0.4782608695652174;0.0;0.4036697247706422;0.0;0.0;0.0;0.0;0.0
18;30;70;0;0.0;0.0;0.0;0.782608695652174;1.0;0.6422018348623854;0.0;0.0;0.0;0.0;0.0
4;30;4;0;0.0;0.0;0.0;0.17391304347826086;1.0;0.03669724770642202;0.0;0.0;0.0;0.0;0.0
19;30;76;0;0.0;0.0;0.0;0.8260869565217391;1.0;0.6972477064220184;0.0;0.0;0.0;0.0;0.0
9;30;54;0;0.0;0.0;0.0;0.391304347826087;1.0;0.4954128440366973;0.0;0.0;0.0;0.0;0.0
10;0;40;0;0.0;0.0;0.0;0.43478260869565216;0.0;0.3669724770642202;0.0;0.0;0.0;0.0;0.0
19;0;46;0;0.0;0.0;0.0;0.8260869565217391;0.0;0.42201834862385323;0.0;0.0;0.0;0.0;0.0
4;30;4;0;0.0;0.0;0.0;0.17391304347826086;1.0;0.03669724770642202;0.0;0.0;0.0;0.0;0.0
18;0;51;0;0.0;0.0;0.0;0.782608695652174;0.0;0.46788990825688076;0.0;0.0;0.0;0.0;0.0
16;30;31;0;0.0;0.0;0.0;0.6956521739130435;1.0;0.28440366972477066;0.0;0.0;0.0;0.0;0.0
21;0;45;0;0.0;0.0;0.0;0.9130434782608695;0.0;0.41284403669724773;0.0;0.0;0.0;0.0;0.0
21;0;58;0;0.0;0.0;0.0;0.9130434782608695;0.0;0.5321100917431193;0.0;0.0;0.0;0.0;0.0
14;0;44;0;0.0;0.0;0.0;0.6086956521739131;0.0;0.4036697247706422;0.0;0.0;0.0;0.0;0.0
17;0;51;0;0.0;0.0;0.0;0.7391304347826086;0.0;0.46788990825688076;0.0;0.0;0.0;0.0;0.0
19;30;36;0;0.0;0.0;0.0;0.8260869565217391;1.0;0.3302752293577982;0.0;0.0;0.0;0.0;0.0
13;30;55;0;0.0;0.0;0.0;0.5652173913043478;1.0;0.5045871559633027;0.0;0.0;0.0;0.0;0.0
1;30;26;0;0.0;0.0;0.0;0.043478260869565216;1.0;0.23853211009174313;0.0;0.0;0.0;0.0;0.0
1;30;7;0;0.0;0.0;0.0;0.043478260869565216;1.0;0.06422018348623854;0.0;0.0;0.0;0.0;0.0
16;30;34;0;0.0;0.0;0.0;0.6956521739130435;1.0;0.3119266055045872;0.0;0.0;0.0;0.0;0.0
8;0;18;0;0.0;0.0;0.0;0.34782608695652173;0.0;0.1651376146788991;0.0;0.0;0.0;0.0;0.0
11;0;47;0;0.0;0.0;0.0;0.4782608695652174;0.0;0.43119266055045874;0.0;0.0;0.0;0.0;0.0
20;0;47;0;0.0;0.0;0.0;0.8695652173913043;0.0;0.43119266055045874;0.0;0.0;0.0;0.0;0.0
9;30;45;0;0.0;0.0;0.0;0.391304347826087;1.0;0.41284403669724773;0.0;0.0;0.0;0.0;0.0
19;30;43;1;0.0;4.143978385008743e-06;0.0016129032258064516;0.8260869565217391;1.0;0.3944954128440367;0.25;0.0;0.25;0.25;0.0
12;30;53;0;0.0;0.0;0.0;0.5217391304347826;1.0;0.48623853211009177;0.0;0.0;0.0;0.0;0.0
10;30;23;1;0.0;4.143978385008743e-06;0.0016129032258064516;0.43478260869565216;1.0;0.21100917431192662;0.25;0.0;0.25;0.25;0.0
11;0;43;0;0.0;0.0;0.0;0.4782608695652174;0.0;0.3944954128440367;0.0;0.0;0.0;0.0;0.0
14;30;45;1;3.74;4.143978385008743e-06;0.0016129032258064516;0.6086956521739131;1.0;0.41284403669724773;0.25;0.15720891130727196;0.25;0.25;1.38
14;30;54;0;0.0;0.0;0.0;0.6086956521739131;1.0;0.4954128440366973;0.0;0.0;0.0;0.0;0.0
17;0;70;0;0.0;0.0;0.0;0.7391304347826086;0.0;0.6422018348623854;0.0;0.0;0.0;0.0;0.0
5;0;1;0;0.0;0.0;0.0;0.21739130434782608;0.0;0.009174311926605505;0.0;0.0;0.0;0.0;0.0
16;0;45;0;0.0;0.0;0.0;0.6956521739130435;0.0;0.41284403669724773;0.0;0.0;0.0;0.0;0.0
22;0;37;0;2.94;0.0;0.0;0.9565217391304348;0.0;0.3394495412844037;0.0;0.1235813366960908;0.0;0.0;2.55
10;30;39;0;0.0;0.0;0.0;0.43478260869565216;1.0;0.3577981651376147;0.0;0.0;0.0;0.0;0.0
8;0;30;1;0.2;4.143978385008743e-06;0.0016129032258064516;0.34782608695652173;0.0;0.27522935779816515;0.25;0.008406893652795292;0.25;0.25;0.2
10;0;27;0;0.0;0.0;0.0;0.43478260869565216;0.0;0.24770642201834864;0.0;0.0;0.0;0.0;0.0
5;0;3;0;0.0;0.0;0.0;0.21739130434782608;0.0;0.027522935779816515;0.0;0.0;0.0;0.0;0.0
15;30;57;0;0.0;0.0;0.0;0.6521739130434783;1.0;0.5229357798165137;0.0;0.0;0.0;0.0;0.0
23;30;41;0;0.0;0.0;0.0;1.0;1.0;0.3761467889908257;0.0;0.0;0.0;0.0;0.0
17;0;81;0;0.0;0.0;0.0;0.7391304347826086;0.0;0.7431192660550459;0.0;0.0;0.0;0.0;0.0
22;0;0;0;0.0;0.0;0.0;0.9565217391304348;0.0;0.0;0.0;0.0;0.0;0.0;0.0
9;0;20;0;0.0;0.0;0.0;0.391304347826087;0.0;0.1834862385321101;0.0;0.0;0.0;0.0;0.0
4;0;4;0;0.0;0.0;0.0;0.17391304347826086;0.0;0.03669724770642202;0.0;0.0;0.0;0.0;0.0
21;0;75;0;0.0;0.0;0.0;0.9130434782608695;0.0;0.6880733944954128;0.0;0.0;0.0;0.0;0.0
16;30;48;0;0.0;0.0;0.0;0.6956521739130435;1.0;0.44036697247706424;0.0;0.0;0.0;0.0;0.0
13;0;101;0;0.0;0.0;0.0;0.5652173913043478;0.0;0.926605504587156;0.0;0.0;0.0;0.0;0.0
13;0;52;0;0.0;0.0;0.0;0.5652173913043478;0.0;0.47706422018348627;0.0;0.0;0.0;0.0;0.0
23;30;39;0;0.0;0.0;0.0;1.0;1.0;0.3577981651376147;0.0;0.0;0.0;0.0;0.0
2;30;16;0;0.0;0.0;0.0;0.08695652173913043;1.0;0.14678899082568808;0.0;0.0;0.0;0.0;0.0
5;0;5;0;0.0;0.0;0.0;0.21739130434782608;0.0;0.045871559633027525;0.0;0.0;0.0;0.0;0.0
11;30;43;0;0.0;0.0;0.0;0.4782608695652174;1.0;0.3944954128440367;0.0;0.0;0.0;0.0;0.0
14;0;22;0;0.0;0.0;0.0;0.6086956521739131;0.0;0.2018348623853211;0.0;0.0;0.0;0.0;0.0
22;30;51;0;0.0;0.0;0.0;0.9565217391304348;1.0;0.46788990825688076;0.0;0.0;0.0;0.0;0.0
12;0;52;1;0.0;4.143978385008743e-06;0.0016129032258064516;0.5217391304347826;0.0;0.47706422018348627;0.25;0.0;0.25;0.25;0.0
16;0;41;0;0.0;0.0;0.0;0.6956521739130435;0.0;0.3761467889908257;0.0;0.0;0.0;0.0;0.0
21;30;37;0;0.0;0.0;0.0;0.9130434782608695;1.0;0.3394495412844037;0.0;0.0;0.0;0.0;0.0
19;30;99;1;0.0;4.143978385008743e-06;0.0016129032258064516;0.8260869565217391;1.0;0.908256880733945;0.25;0.0;0.25;0.25;0.0
4;0;7;0;0.0;0.0;0.0;0.17391304347826086;0.0;0.06422018348623854;0.0;0.0;0.0;0.0;0.6
15;0;42;0;0.0;0.0;0.0;0.6521739130434783;0.0;0.3853211009174312;0.0;0.0;0.0;0.0;0.0
20;0;40;0;0.0;0.0;0.0;0.8695652173913043;0.0;0.3669724770642202;0.0;0.0;0.0;0.0;0.0
16;30;54;0;0.0;0.0;0.0;0.6956521739130435;1.0;0.4954128440366973;0.0;0.0;0.0;0.0;0.0
22;0;54;2;0.0;8.287956770017487e-06;0.0032258064516129032;0.9565217391304348;0.0;0.4954128440366973;0.5;0.0;0.5;0.5;0.0
1;30;33;0;0.0;0.0;0.0;0.043478260869565216;1.0;0.30275229357798167;0.0;0.0;0.0;0.0;0.0
5;0;1;0;0.0;0.0;0.0;0.21739130434782608;0.0;0.009174311926605505;0.0;0.0;0.0;0.0;0.0
11;0;20;0;0.2;0.0;0.0;0.4782608695652174;0.0;0.1834862385321101;0.0;0.008406893652795292;0.0;0.0;0.0
13;30;55;0;0.0;0.0;0.0;0.5652173913043478;1.0;0.5045871559633027;0.0;0.0;0.0;0.0;0.0
22;0;58;0;0.0;0.0;0.0;0.9565217391304348;0.0;0.5321100917431193;0.0;0.0;0.0;0.0;0.0
9;0;13;0;0.0;0.0;0.0;0.391304347826087;0.0;0.11926605504587157;0.0;0.0;0.0;0.0;0.0
8;0;31;0;0.0;0.0;0.0;0.34782608695652173;0.0;0.28440366972477066;0.0;0.0;0.0;0.0;0.0
14;30;55;0;0.0;0.0;0.0;0.6086956521739131;1.0;0.5045871559633027;0.0;0.0;0.0;0.0;0.0
3;30;20;0;0.0;0.0;0.0;0.13043478260869565;1.0;0.1834862385321101;0.0;0.0;0.0;0.0;0.0
0;0;36;0;0.2;0.0;0.0;0.0;0.0;0.3302752293577982;0.0;0.008406893652795292;0.0;0.0;0.0
1;0;10;0;0.0;0.0;0.0;0.043478260869565216;0.0;0.09174311926605505;0.0;0.0;0.0;0.0;0.0
17;0;25;0;11.77;0.0;0.0;0.7391304347826086;0.0;0.22935779816513763;0.0;0.4947456914670029;0.0;0.0;0.2
11;30;42;0;0.0;0.0;0.0;0.4782608695652174;1.0;0.3853211009174312;0.0;0.0;0.0;0.0;0.0
20;0;52;1;2.96;4.143978385008743e-06;0.0016129032258064516;0.8695652173913043;0.0;0.47706422018348627;0.25;0.12442202606137033;0.25;0.25;1.37
5;0;0;0;0.0;0.0;0.0;0.21739130434782608;0.0;0.0;0.0;0.0;0.0;0.0;0.0
20;0;43;0;0.0;0.0;0.0;0.8695652173913043;0.0;0.3944954128440367;0.0;0.0;0.0;0.0;0.0
1;0;12;0;0.0;0.0;0.0;0.043478260869565216;0.0;0.11009174311926606;0.0;0.0;0.0;0.0;0.0
17;30;41;0;0.0;0.0;0.0;0.7391304347826086;1.0;0.3761467889908257;0.0;0.0;0.0;0.0;0.0
18;0;52;0;0.0;0.0;0.0;0.782608695652174;0.0;0.47706422018348627;0.0;0.0;0.0;0.0;0.0
6;30;15;0;0.0;0.0;0.0;0.2608695652173913;1.0;0.13761467889908258;0.0;0.0;0.0;0.0;0.0
6;0;11;0;0.0;0.0;0.0;0.2608695652173913;0.0;0.10091743119266056;0.0;0.0;0.0;0.0;0.0
0;0;43;0;0.0;0.0;0.0;0.0;0.0;0.3944954128440367;0.0;0.0;0.0;0.0;0.0
3;30;11;0;0.0;0.0;0.0;0.13043478260869565;1.0;0.10091743119266056;0.0;0.0;0.0;0.0;0.0
1;0;16;0;0.0;0.0;0.0;0.043478260869565216;0.0;0.14678899082568808;0.0;0.0;0.0;0.0;0.0
19;30;48;0;0.0;0.0;0.0;0.8260869565217391;1.0;0.44036697247706424;0.0;0.0;0.0;0.0;0.0
9;0;14;0;0.0;0.0;0.0;0.391304347826087;0.0;0.12844036697247707;0.0;0.0;0.0;0.0;0.0
1;0;27;0;0.99;0.0;0.0;0.043478260869565216;0.0;0.24770642201834864;0.0;0.0416141235813367;0.0;0.0;0.4
0;0;31;0;0.0;0.0;0.0;0.0;0.0;0.28440366972477066;0.0;0.0;0.0;0.0;0.0
13;30;34;1;0.0;4.143978385008743e-06;0.0016129032258064516;0.5652173913043478;1.0;0.3119266055045872;0.25;0.0;0.25;0.25;0.0
23;30;43;0;0.0;0.0;0.0;1.0;1.0;0.3944954128440367;0.0;0.0;0.0;0.0;0.0
18;30;44;0;0.0;0.0;0.0;0.782608695652174;1.0;0.4036697247706422;0.0;0.0;0.0;0.0;0.0
19;30;71;0;0.0;0.0;0.0;0.8260869565217391;1.0;0.6513761467889908;0.0;0.0;0.0;0.0;0.0
8;30;28;1;0.0;4.143978385008743e-06;0.0016129032258064516;0.34782608695652173;1.0;0.25688073394495414;0.25;0.0;0.25;0.25;0.0
14;30;53;0;0.0;0.0;0.0;0.6086956521739131;1.0;0.48623853211009177;0.0;0.0;0.0;0.0;0.0
22;30;46;0;0.0;0.0;0.0;0.9565217391304348;1.0;0.42201834862385323;0.0;0.0;0.0;0.0;0.0
1;0;24;0;0.0;0.0;0.0;0.043478260869565216;0.0;0.22018348623853212;0.0;0.0;0.0;0.0;0.0
13;0;64;0;0.0;0.0;0.0;0.5652173913043478;0.0;0.5871559633027523;0.0;0.0;0.0;0.0;0.0
1;30;6;0;0.0;0.0;0.0;0.043478260869565216;1.0;0.05504587155963303;0.0;0.0;0.0;0.0;0.0
6;0;2;0;0.0;0.0;0.0;0.2608695652173913;0.0;0.01834862385321101;0.0;0.0;0.0;0.0;0.0
20;30;48;0;0.0;0.0;0.0;0.8695652173913043;1.0;0.44036697247706424;0.0;0.0;0.0;0.0;0.0
12;0;26;0;0.0;0.0;0.0;0.5217391304347826;0.0;0.23853211009174313;0.0;0.0;0.0;0.0;0.0
0;0;26;0;0.0;0.0;0.0;0.0;0.0;0.23853211009174313;0.0;0.0;0.0;0.0;0.0
2;0;22;0;0.0;0.0;0.0;0.08695652173913043;0.0;0.2018348623853211;0.0;0.0;0.0;0.0;0.0
5;30;1;0;0.0;0.0;0.0;0.21739130434782608;1.0;0.009174311926605505;0.0;0.0;0.0;0.0;0.0
10;30;45;0;0.0;0.0;0.0;0.43478260869565216;1.0;0.41284403669724773;0.0;0.0;0.0;0.0;0.0
16;30;86;0;0.0;0.0;0.0;0.6956521739130435;1.0;0.7889908256880734;0.0;0.0;0.0;0.0;0.0
6;30;9;0;0.0;0.0;0.0;0.2608695652173913;1.0;0.08256880733944955;0.0;0.0;0.0;0.0;0.0
14;0;42;0;0.0;0.0;0.0;0.6086956521739131;0.0;0.3853211009174312;0.0;0.0;0.0;0.0;0.0
4;30;1;0;0.0;0.0;0.0;0.17391304347826086;1.0;0.009174311926605505;0.0;0.0;0.0;0.0;0.0
9;30;22;0;0.0;0.0;0.0;0.391304347826087;1.0;0.2018348623853211;0.0;0.0;0.0;0.0;0.0
22;0;69;0;0.0;0.0;0.0;0.9565217391304348;0.0;0.6330275229357798;0.0;0.0;0.0;0.0;0.0
3;0;12;0;0.0;0.0;0.0;0.13043478260869565;0.0;0.11009174311926606;0.0;0.0;0.0;0.0;0.0
16;0;59;0;0.0;0.0;0.0;0.6956521739130435;0.0;0.5412844036697247;0.0;0.0;0.0;0.0;0.0
6;0;10;0;0.0;0.0;0.0;0.2608695652173913;0.0;0.09174311926605505;0.0;0.0;0.0;0.0;0.0
23;30;55;0;0.0;0.0;0.0;1.0;1.0;0.5045871559633027;0.0;0.0;0.0;0.0;0.0
15;30;55;0;0.0;0.0;0.0;0.6521739130434783;1.0;0.5045871559633027;0.0;0.0;0.0;0.0;0.0
15;30;55;1;0.6;4.143978385008743e-06;0.0016129032258064516;0.6521739130434783;1.0;0.5045871559633027;0.25;0.025220680958385876;0.25;0.25;0.6
11;30;48;0;0.0;0.0;0.0;0.4782608695652174;1.0;0.44036697247706424;0.0;0.0;0.0;0.0;0.0
6;0;12;0;0.0;0.0;0.0;0.2608695652173913;0.0;0.11009174311926606;0.0;0.0;0.0;0.0;0.0
2;0;62;0;0.0;0.0;0.0;0.08695652173913043;0.0;0.5688073394495413;0.0;0.0;0.0;0.0;0.0
16;30;45;0;0.0;0.0;0.0;0.6956521739130435;1.0;0.41284403669724773;0.0;0.0;0.0;0.0;0.0
3;0;21;0;0.0;0.0;0.0;0.13043478260869565;0.0;0.1926605504587156;0.0;0.0;0.0;0.0;0.0
5;30;6;0;0.0;0.0;0.0;0.21739130434782608;1.0;0.05504587155963303;0.0;0.0;0.0;0.0;0.0
16;0;36;0;0.0;0.0;0.0;0.6956521739130435;0.0;0.3302752293577982;0.0;0.0;0.0;0.0;0.0
10;0;32;0;0.0;0.0;0.0;0.43478260869565216;0.0;0.29357798165137616;0.0;0.0;0.0;0.0;0.0
2;30;10;0;0.0;0.0;0.0;0.08695652173913043;1.0;0.09174311926605505;0.0;0.0;0.0;0.0;0.0
23;0;28;0;0.0;0.0;0.0;1.0;0.0;0.25688073394495414;0.0;0.0;0.0;0.0;0.0
3;0;27;0;0.0;0.0;0.0;0.13043478260869565;0.0;0.24770642201834864;0.0;0.0;0.0;0.0;0.0
13;0;63;0;0.0;0.0;0.0;0.5652173913043478;0.0;0.5779816513761468;0.0;0.0;0.0;0.0;0.0
10;30;47;0;0.0;0.0;0.0;0.43478260869565216;1.0;0.43119266055045874;0.0;0.0;0.0;0.0;0.0
23;0;47;0;0.0;0.0;0.0;1.0;0.0;0.43119266055045874;0.0;0.0;0.0;0.0;0.0
20;30;58;0;0.0;0.0;0.0;0.8695652173913043;1.0;0.5321100917431193;0.0;0.0;0.0;0.0;0.0
12;30;45;0;0.0;0.0;0.0;0.5217391304347826;1.0;0.41284403669724773;0.0;0.0;0.0;0.0;0.0
8;0;22;0;0.0;0.0;0.0;0.34782608695652173;0.0;0.2018348623853211;0.0;0.0;0.0;0.0;0.0
6;0;8;0;0.0;0.0;0.0;0.2608695652173913;0.0;0.07339449541284404;0.0;0.0;0.0;0.0;0.0
20;30;36;0;0.0;0.0;0.0;0.8695652173913043;1.0;0.3302752293577982;0.0;0.0;0.0;0.0;0.0
6;0;11;0;0.0;0.0;0.0;0.2608695652173913;0.0;0.10091743119266056;0.0;0.0;0.0;0.0;0.0
6;30;7;0;0.0;0.0;0.0;0.2608695652173913;1.0;0.06422018348623854;0.0;0.0;0.0;0.0;0.0
14;0;44;0;0.0;0.0;0.0;0.6086956521739131;0.0;0.4036697247706422;0.0;0.0;0.0;0.0;0.0
15;30;38;0;0.0;0.0;0.0;0.6521739130434783;1.0;0.3486238532110092;0.0;0.0;0.0;0.0;0.0
4;0;1;0;0.0;0.0;0.0;0.17391304347826086;0.0;0.009174311926605505;0.0;0.0;0.0;0.0;0.0
4;0;0;0;0.0;0.0;0.0;0.17391304347826086;0.0;0.0;0.0;0.0;0.0;0.0;0.0
5;0;3;0;0.0;0.0;0.0;0.21739130434782608;0.0;0.027522935779816515;0.0;0.0;0.0;0.0;0.0
15;0;53;0;0.0;0.0;0.0;0.6521739130434783;0.0;0.48623853211009177;0.0;0.0;0.0;0.0;0.0
9;30;10;0;0.0;0.0;0.0;0.391304347826087;1.0;0.09174311926605505;0.0;0.0;0.0;0.0;0.0
5;30;3;0;0.0;0.0;0.0;0.21739130434782608;1.0;0.027522935779816515;0.0;0.0;0.0;0.0;0.0
6;30;11;0;0.0;0.0;0.0;0.2608695652173913;1.0;0.10091743119266056;0.0;0.0;0.0;0.0;0.0
4;0;7;0;0.2;0.0;0.0;0.17391304347826086;0.0;0.06422018348623854;0.0;0.008406893652795292;0.0;0.0;0.0
8;0;7;0;0.0;0.0;0.0;0.34782608695652173;0.0;0.06422018348623854;0.0;0.0;0.0;0.0;0.0
4;0;1;0;0.0;0.0;0.0;0.17391304347826086;0.0;0.009174311926605505;0.0;0.0;0.0;0.0;0.0
14;0;40;0;0.0;0.0;0.0;0.6086956521739131;0.0;0.3669724770642202;0.0;0.0;0.0;0.0;0.0
15;0;39;0;0.0;0.0;0.0;0.6521739130434783;0.0;0.3577981651376147;0.0;0.0;0.0;0.0;0.0
12;30;60;0;0.0;0.0;0.0;0.5217391304347826;1.0;0.5504587155963303;0.0;0.0;0.0;0.0;0.0
7;0;12;0;0.0;0.0;0.0;0.30434782608695654;0.0;0.11009174311926606;0.0;0.0;0.0;0.0;0.0
3;30;5;0;0.0;0.0;0.0;0.13043478260869565;1.0;0.045871559633027525;0.0;0.0;0.0;0.0;0.0
10;30;36;0;0.0;0.0;0.0;0.43478260869565216;1.0;0.3302752293577982;0.0;0.0;0.0;0.0;0.0
5;0;11;0;0.0;0.0;0.0;0.21739130434782608;0.0;0.10091743119266056;0.0;0.0;0.0;0.0;0.0
6;30;11;2;0.79;8.287956770017487e-06;0.0032258064516129032;0.2608695652173913;1.0;0.10091743119266056;0.5;0.03320722992854141;0.5;0.5;1.76
3;0;0;0;8.29;0.0;0.0;0.13043478260869565;0.0;0.0;0.0;0.3484657419083648;0.0;0.0;1.58
5;30;6;0;0.2;0.0;0.0;0.21739130434782608;1.0;0.05504587155963303;0.0;0.008406893652795292;0.0;0.0;0.0
17;0;42;0;0.0;0.0;0.0;0.7391304347826086;0.0;0.3853211009174312;0.0;0.0;0.0;0.0;0.0
5;30;5;0;0.0;0.0;0.0;0.21739130434782608;1.0;0.045871559633027525;0.0;0.0;0.0;0.0;0.0
15;30;37;0;0.0;0.0;0.0;0.6521739130434783;1.0;0.3394495412844037;0.0;0.0;0.0;0.0;0.0
7;30;8;0;0.0;0.0;0.0;0.30434782608695654;1.0;0.07339449541284404;0.0;0.0;0.0;0.0;0.0
1;0;27;0;0.0;0.0;0.0;0.043478260869565216;0.0;0.24770642201834864;0.0;0.0;0.0;0.0;0.0
21;0;48;0;0.0;0.0;0.0;0.9130434782608695;0.0;0.44036697247706424;0.0;0.0;0.0;0.0;0.0
14;0;57;0;0.0;0.0;0.0;0.6086956521739131;0.0;0.5229357798165137;0.0;0.0;0.0;0.0;0.0
2;0;15;0;0.0;0.0;0.0;0.08695652173913043;0.0;0.13761467889908258;0.0;0.0;0.0;0.0;0.0
7;0;14;0;0.0;0.0;0.0;0.30434782608695654;0.0;0.12844036697247707;0.0;0.0;0.0;0.0;0.2
16;30;80;0;0.0;0.0;0.0;0.6956521739130435;1.0;0.7339449541284404;0.0;0.0;0.0;0.0;0.0
17;30;50;0;0.0;0.0;0.0;0.7391304347826086;1.0;0.45871559633027525;0.0;0.0;0.0;0.0;0.0
5;0;3;0;0.0;0.0;0.0;0.21739130434782608;0.0;0.027522935779816515;0.0;0.0;0.0;0.0;0.0
21;30;52;0;0.0;0.0;0.0;0.9130434782608695;1.0;0.47706422018348627;0.0;0.0;0.0;0.0;0.0
11;30;44;0;0.0;0.0;0.0;0.4782608695652174;1.0;0.4036697247706422;0.0;0.0;0.0;0.0;0.0
9;30;14;0;0.4;0.0;0.0;0.391304347826087;1.0;0.12844036697247707;0.0;0.016813787305590584;0.0;0.0;0.79
3;0;10;0;0.0;0.0;0.0;0.13043478260869565;0.0;0.09174311926605505;0.0;0.0;0.0;0.0;0.0
21;0;52;0;0.4;0.0;0.0;0.9130434782608695;0.0;0.47706422018348627;0.0;0.016813787305590584;0.0;0.0;0.99
10;0;18;1;0.79;4.143978385008743e-06;0.0016129032258064516;0.43478260869565216;0.0;0.1651376146788991;0.25;0.03320722992854141;0.25;0.25;0.4
5;30;2;0;1.57;0.0;0.0;0.21739130434782608;1.0;0.01834862385321101;0.0;0.06599411517444305;0.0;0.0;0.2
14;30;68;0;0.0;0.0;0.0;0.6086956521739131;1.0;0.6238532110091743;0.0;0.0;0.0;0.0;0.0
20;0;0;0;0.0;0.0;0.0;0.8695652173913043;0.0;0.0;0.0;0.0;0.0;0.0;0.2
12;30;56;0;0.0;0.0;0.0;0.5217391304347826;1.0;0.5137614678899083;0.0;0.0;0.0;0.0;0.0
23;30;37;0;0.0;0.0;0.0;1.0;1.0;0.3394495412844037;0.0;0.0;0.0;0.0;0.0
13;30;51;0;0.0;0.0;0.0;0.5652173913043478;1.0;0.46788990825688076;0.0;0.0;0.0;0.0;0.0
8;0;30;0;0.2;0.0;0.0;0.34782608695652173;0.0;0.27522935779816515;0.0;0.008406893652795292;0.0;0.0;0.0
7;30;6;0;0.0;0.0;0.0;0.30434782608695654;1.0;0.05504587155963303;0.0;0.0;0.0;0.0;0.0
19;0;0;0;0.0;0.0;0.0;0.8260869565217391;0.0;0.0;0.0;0.0;0.0;0.0;0.0
7;30;11;0;0.2;0.0;0.0;0.30434782608695654;1.0;0.10091743119266056;0.0;0.008406893652795292;0.0;0.0;0.0
1;30;10;0;0.0;0.0;0.0;0.043478260869565216;1.0;0.09174311926605505;0.0;0.0;0.0;0.0;0.0
20;30;53;0;0.2;0.0;0.0;0.8695652173913043;1.0;0.48623853211009177;0.0;0.008406893652795292;0.0;0.0;0.4
12;30;41;0;0.0;0.0;0.0;0.5217391304347826;1.0;0.3761467889908257;0.0;0.0;0.0;0.0;0.0
7;30;38;0;0.0;0.0;0.0;0.30434782608695654;1.0;0.3486238532110092;0.0;0.0;0.0;0.0;0.0
13;0;43;0;0.0;0.0;0.0;0.5652173913043478;0.0;0.3944954128440367;0.0;0.0;0.0;0.0;0.0
4;30;3;0;0.0;0.0;0.0;0.17391304347826086;1.0;0.027522935779816515;0.0;0.0;0.0;0.0;0.0
9;30;31;1;0.0;4.143978385008743e-06;0.0016129032258064516;0.391304347826087;1.0;0.28440366972477066;0.25;0.0;0.25;0.25;0.0
21;30;76;0;0.61;0.0;0.0;0.9130434782608695;1.0;0.6972477064220184;0.0;0.02564102564102564;0.0;0.0;8.07
17;0;41;0;0.0;0.0;0.0;0.7391304347826086;0.0;0.3761467889908257;0.0;0.0;0.0;0.0;0.0
14;30;55;1;0.0;4.143978385008743e-06;0.0016129032258064516;0.6086956521739131;1.0;0.5045871559633027;0.25;0.0;0.25;0.25;0.0
4;0;7;0;0.0;0.0;0.0;0.17391304347826086;0.0;0.06422018348623854;0.0;0.0;0.0;0.0;0.0
2;0;10;0;0.0;0.0;0.0;0.08695652173913043;0.0;0.09174311926605505;0.0;0.0;0.0;0.0;0.0
0;30;51;1;0.0;4.143978385008743e-06;0.0016129032258064516;0.0;1.0;0.46788990825688076;0.25;0.0;0.25;0.25;0.0
8;0;25;0;0.0;0.0;0.0;0.34782608695652173;0.0;0.22935779816513763;0.0;0.0;0.0;0.0;0.0
11;30;31;0;0.0;0.0;0.0;0.4782608695652174;1.0;0.28440366972477066;0.0;0.0;0.0;0.0;0.0
15;0;36;0;0.0;0.0;0.0;0.6521739130434783;0.0;0.3302752293577982;0.0;0.0;0.0;0.0;0.0
3;0;8;0;0.0;0.0;0.0;0.13043478260869565;0.0;0.07339449541284404;0.0;0.0;0.0;0.0;0.0
10;0;36;0;0.0;0.0;0.0;0.43478260869565216;0.0;0.3302752293577982;0.0;0.0;0.0;0.0;0.0
15;0;50;1;1.38;4.143978385008743e-06;0.0016129032258064516;0.6521739130434783;0.0;0.45871559633027525;0.25;0.058007566204287514;0.25;0.25;0.0
5;0;0;0;0.0;0.0;0.0;0.21739130434782608;0.0;0.0;0.0;0.0;0.0;0.0;0.2
15;30;34;0;0.0;0.0;0.0;0.6521739130434783;1.0;0.3119266055045872;0.0;0.0;0.0;0.0;0.0
3;0;8;0;0.0;0.0;0.0;0.13043478260869565;0.0;0.07339449541284404;0.0;0.0;0.0;0.0;0.0
4;30;12;0;0.0;0.0;0.0;0.17391304347826086;1.0;0.11009174311926606;0.0;0.0;0.0;0.0;0.0
13;0;53;0;0.0;0.0;0.0;0.5652173913043478;0.0;0.48623853211009177;0.0;0.0;0.0;0.0;0.0
15;0;34;0;0.0;0.0;0.0;0.6521739130434783;0.0;0.3119266055045872;0.0;0.0;0.0;0.0;0.0
19;0;49;0;0.0;0.0;0.0;0.8260869565217391;0.0;0.44954128440366975;0.0;0.0;0.0;0.0;0.0
18;0;54;0;0.0;0.0;0.0;0.782608695652174;0.0;0.4954128440366973;0.0;0.0;0.0;0.0;0.0
22;0;44;0;0.0;0.0;0.0;0.9565217391304348;0.0;0.4036697247706422;0.0;0.0;0.0;0.0;0.0
16;0;40;0;0.0;0.0;0.0;0.6956521739130435;0.0;0.3669724770642202;0.0;0.0;0.0;0.0;0.0
20;30;40;0;0.0;0.0;0.0;0.8695652173913043;1.0;0.3669724770642202;0.0;0.0;0.0;0.0;0.0
16;30;48;0;0.0;0.0;0.0;0.6956521739130435;1.0;0.44036697247706424;0.0;0.0;0.0;0.0;0.0
16;30;52;0;0.0;0.0;0.0;0.6956521739130435;1.0;0.47706422018348627;0.0;0.0;0.0;0.0;0.0
6;30;8;0;0.0;0.0;0.0;0.2608695652173913;1.0;0.07339449541284404;0.0;0.0;0.0;0.0;0.0
20;0;73;0;0.0;0.0;0.0;0.8695652173913043;0.0;0.6697247706422018;0.0;0.0;0.0;0.0;0.0
21;0;46;0;0.0;0.0;0.0;0.9130434782608695;0.0;0.42201834862385323;0.0;0.0;0.0;0.0;0.0
19;0;17;0;12.89;0.0;0.0;0.8260869565217391;0.0;0.1559633027522936;0.0;0.5418242959226566;0.0;0.0;9.06
11;0;81;0;0.0;0.0;0.0;0.4782608695652174;0.0;0.7431192660550459;0.0;0.0;0.0;0.0;0.0
17;0;59;1;0.0;4.143978385008743e-06;0.0016129032258064516;0.7391304347826086;0.0;0.5412844036697247;0.25;0.0;0.25;0.25;0.0
18;30;70;0;0.0;0.0;0.0;0.782608695652174;1.0;0.6422018348623854;0.0;0.0;0.0;0.0;0.0
8;0;33;0;0.0;0.0;0.0;0.34782608695652173;0.0;0.30275229357798167;0.0;0.0;0.0;0.0;0.0
9;0;28;1;0.2;4.143978385008743e-06;0.0016129032258064516;0.391304347826087;0.0;0.25688073394495414;0.25;0.008406893652795292;0.25;0.25;0.0
7;30;25;0;0.0;0.0;0.0;0.30434782608695654;1.0;0.22935779816513763;0.0;0.0;0.0;0.0;0.0
17;0;37;0;0.0;0.0;0.0;0.7391304347826086;0.0;0.3394495412844037;0.0;0.0;0.0;0.0;0.0
2;30;16;0;0.0;0.0;0.0;0.08695652173913043;1.0;0.14678899082568808;0.0;0.0;0.0;0.0;0.0
0;0;41;0;0.0;0.0;0.0;0.0;0.0;0.3761467889908257;0.0;0.0;0.0;0.0;0.0
18;30;58;0;0.0;0.0;0.0;0.782608695652174;1.0;0.5321100917431193;0.0;0.0;0.0;0.0;0.0
12;30;60;0;0.0;0.0;0.0;0.5217391304347826;1.0;0.5504587155963303;0.0;0.0;0.0;0.0;0.0
17;0;43;0;0.0;0.0;0.0;0.7391304347826086;0.0;0.3944954128440367;0.0;0.0;0.0;0.0;0.0
18;30;56;0;0.0;0.0;0.0;0.782608695652174;1.0;0.5137614678899083;0.0;0.0;0.0;0.0;0.0
20;30;60;0;0.0;0.0;0.0;0.8695652173913043;1.0;0.5504587155963303;0.0;0.0;0.0;0.0;0.0
3;30;9;0;0.0;0.0;0.0;0.13043478260869565;1.0;0.08256880733944955;0.0;0.0;0.0;0.0;0.0
0;0;34;0;0.0;0.0;0.0;0.0;0.0;0.3119266055045872;0.0;0.0;0.0;0.0;0.0
0;0;0;0;0.2;0.0;0.0;0.0;0.0;0.0;0.0;0.008406893652795292;0.0;0.0;0.0
16;30;40;0;0.0;0.0;0.0;0.6956521739130435;1.0;0.3669724770642202;0.0;0.0;0.0;0.0;0.0
9;30;23;0;0.0;0.0;0.0;0.391304347826087;1.0;0.21100917431192662;0.0;0.0;0.0;0.0;0.0
21;30;67;0;0.0;0.0;0.0;0.9130434782608695;1.0;0.6146788990825688;0.0;0.0;0.0;0.0;0.0
6;30;14;0;0.0;0.0;0.0;0.2608695652173913;1.0;0.12844036697247707;0.0;0.0;0.0;0.0;0.0
19;0;53;0;0.0;0.0;0.0;0.8260869565217391;0.0;0.48623853211009177;0.0;0.0;0.0;0.0;0.0
18;30;17;0;0.0;0.0;0.0;0.782608695652174;1.0;0.1559633027522936;0.0;0.0;0.0;0.0;0.0
14;0;44;0;0.0;0.0;0.0;0.6086956521739131;0.0;0.4036697247706422;0.0;0.0;0.0;0.0;0.0
0;30;41;0;0.0;0.0;0.0;0.0;1.0;0.3761467889908257;0.0;0.0;0.0;0.0;0.0
19;30;54;0;0.0;0.0;0.0;0.8260869565217391;1.0;0.4954128440366973;0.0;0.0;0.0;0.0;0.0
2;0;17;0;0.0;0.0;0.0;0.08695652173913043;0.0;0.1559633027522936;0.0;0.0;0.0;0.0;0.0
7;30;20;0;0.0;0.0;0.0;0.30434782608695654;1.0;0.1834862385321101;0.0;0.0;0.0;0.0;0.0
19;30;55;0;0.0;0.0;0.0;0.8260869565217391;1.0;0.5045871559633027;0.0;0.0;0.0;0.0;0.0
17;30;29;0;0.0;0.0;0.0;0.7391304347826086;1.0;0.26605504587155965;0.0;0.0;0.0;0.0;0.0
21;30;45;0;0.0;0.0;0.0;0.9130434782608695;1.0;0.41284403669724773;0.0;0.0;0.0;0.0;0.0
22;0;18;0;0.0;0.0;0.0;0.9565217391304348;0.0;0.1651376146788991;0.0;0.0;0.0;0.0;0.0
9;0;6;0;0.0;0.0;0.0;0.391304347826087;0.0;0.05504587155963303;0.0;0.0;0.0;0.0;0.0
15;0;98;0;0.0;0.0;0.0;0.6521739130434783;0.0;0.8990825688073395;0.0;0.0;0.0;0.0;0.0
13;30;51;0;0.0;0.0;0.0;0.5652173913043478;1.0;0.46788990825688076;0.0;0.0;0.0;0.0;0.0
19;0;51;0;0.0;0.0;0.0;0.8260869565217391;0.0;0.46788990825688076;0.0;0.0;0.0;0.0;0.0
7;30;15;0;0.0;0.0;0.0;0.30434782608695654;1.0;0.13761467889908258;0.0;0.0;0.0;0.0;0.0
14;0;66;0;0.0;0.0;0.0;0.6086956521739131;0.0;0.6055045871559633;0.0;0.0;0.0;0.0;0.0
1;0;25;0;0.0;0.0;0.0;0.043478260869565216;0.0;0.22935779816513763;0.0;0.0;0.0;0.0;0.0
15;30;69;0;0.0;0.0;0.0;0.6521739130434783;1.0;0.6330275229357798;0.0;0.0;0.0;0.0;0.0
23;0;58;0;0.0;0.0;0.0;1.0;0.0;0.5321100917431193;0.0;0.0;0.0;0.0;0.0
18;30;64;1;0.0;4.143978385008743e-06;0.0016129032258064516;0.782608695652174;1.0;0.5871559633027523;0.25;0.0;0.25;0.25;0.0
8;0;33;0;0.0;0.0;0.0;0.34782608695652173;0.0;0.30275229357798167;0.0;0.0;0.0;0.0;0.0
8;30;29;0;0.0;0.0;0.0;0.34782608695652173;1.0;0.26605504587155965;0.0;0.0;0.0;0.0;0.0
