tweets;related;rainfall (mm/30min);precision;recall;Normalized tweets;Normalized related;Normalized rainfall (mm/30min);Normalized precision;Normalized recall;Next batch rainfall (mm/30min)
2;0;0.2;0.0;0.0;0.10526315789473684;0.0;0.05988023952095809;0.0;0.0;0.4
3;0;0.0;0.0;0.0;0.15789473684210525;0.0;0.0;0.0;0.0;0.0
3;0;0.0;0.0;0.0;0.15789473684210525;0.0;0.0;0.0;0.0;0.0
6;0;0.4;0.0;0.0;0.3157894736842105;0.0;0.11976047904191618;0.0;0.0;0.2
2;0;0.2;0.0;0.0;0.10526315789473684;0.0;0.05988023952095809;0.0;0.0;0.0
4;0;0.0;0.0;0.0;0.21052631578947367;0.0;0.0;0.0;0.0;0.0
4;0;0.0;0.0;0.0;0.21052631578947367;0.0;0.0;0.0;0.0;0.0
0;0;0.0;0.0;0.0;0.0;0.0;0.0;0.0;0.0;0.0
0;0;0.0;0.0;0.0;0.0;0.0;0.0;0.0;0.0;0.2
5;0;0.0;0.0;0.0;0.2631578947368421;0.0;0.0;0.0;0.0;0.0
2;0;0.2;0.0;0.0;0.10526315789473684;0.0;0.05988023952095809;0.0;0.0;0.2
0;0;0.2;0.0;0.0;0.0;0.0;0.05988023952095809;0.0;0.0;0.4
7;0;0.0;0.0;0.0;0.3684210526315789;0.0;0.0;0.0;0.0;0.0
2;0;0.2;0.0;0.0;0.10526315789473684;0.0;0.05988023952095809;0.0;0.0;0.2
1;0;0.2;0.0;0.0;0.05263157894736842;0.0;0.05988023952095809;0.0;0.0;0.4
11;0;0.2;0.0;0.0;0.5789473684210527;0.0;0.05988023952095809;0.0;0.0;0.2
1;0;0.2;0.0;0.0;0.05263157894736842;0.0;0.05988023952095809;0.0;0.0;0.2
2;0;0.2;0.0;0.0;0.10526315789473684;0.0;0.05988023952095809;0.0;0.0;0.4
0;0;0.4;0.0;0.0;0.0;0.0;0.11976047904191618;0.0;0.0;0.4
4;0;0.0;0.0;0.0;0.21052631578947367;0.0;0.0;0.0;0.0;0.0
3;0;0.2;0.0;0.0;0.15789473684210525;0.0;0.05988023952095809;0.0;0.0;0.2
6;0;0.79;0.0;0.0;0.3157894736842105;0.0;0.23652694610778446;0.0;0.0;0.6
2;0;0.2;0.0;0.0;0.10526315789473684;0.0;0.05988023952095809;0.0;0.0;0.0
3;0;0.2;0.0;0.0;0.15789473684210525;0.0;0.05988023952095809;0.0;0.0;0.0
2;0;0.0;0.0;0.0;0.10526315789473684;0.0;0.0;0.0;0.0;0.0
6;0;0.0;0.0;0.0;0.3157894736842105;0.0;0.0;0.0;0.0;0.2
1;0;0.0;0.0;0.0;0.05263157894736842;0.0;0.0;0.0;0.0;0.0
5;0;0.0;0.0;0.0;0.2631578947368421;0.0;0.0;0.0;0.0;0.0
6;0;0.0;0.0;0.0;0.3157894736842105;0.0;0.0;0.0;0.0;0.0
6;0;0.0;0.0;0.0;0.3157894736842105;0.0;0.0;0.0;0.0;0.0
2;0;0.0;0.0;0.0;0.10526315789473684;0.0;0.0;0.0;0.0;0.0
4;0;0.0;0.0;0.0;0.21052631578947367;0.0;0.0;0.0;0.0;0.0
0;0;0.0;0.0;0.0;0.0;0.0;0.0;0.0;0.0;0.0
1;0;0.2;0.0;0.0;0.05263157894736842;0.0;0.05988023952095809;0.0;0.0;0.2
2;0;0.0;0.0;0.0;0.10526315789473684;0.0;0.0;0.0;0.0;0.2
0;0;0.2;0.0;0.0;0.0;0.0;0.05988023952095809;0.0;0.0;0.2
1;0;0.0;0.0;0.0;0.05263157894736842;0.0;0.0;0.0;0.0;0.0
8;0;0.2;0.0;0.0;0.42105263157894735;0.0;0.05988023952095809;0.0;0.0;0.2
0;0;0.0;0.0;0.0;0.0;0.0;0.0;0.0;0.0;0.0
3;0;0.0;0.0;0.0;0.15789473684210525;0.0;0.0;0.0;0.0;0.2
0;0;0.0;0.0;0.0;0.0;0.0;0.0;0.0;0.0;0.0
3;0;0.2;0.0;0.0;0.15789473684210525;0.0;0.05988023952095809;0.0;0.0;0.0
1;0;0.0;0.0;0.0;0.05263157894736842;0.0;0.0;0.0;0.0;0.0
3;0;0.0;0.0;0.0;0.15789473684210525;0.0;0.0;0.0;0.0;0.0
0;0;0.2;0.0;0.0;0.0;0.0;0.05988023952095809;0.0;0.0;0.0
1;0;0.0;0.0;0.0;0.05263157894736842;0.0;0.0;0.0;0.0;0.0
0;0;0.4;0.0;0.0;0.0;0.0;0.11976047904191618;0.0;0.0;0.2
5;0;0.0;0.0;0.0;0.2631578947368421;0.0;0.0;0.0;0.0;0.0
5;0;0.2;0.0;0.0;0.2631578947368421;0.0;0.05988023952095809;0.0;0.0;0.2
3;0;0.2;0.0;0.0;0.15789473684210525;0.0;0.05988023952095809;0.0;0.0;0.0
1;0;0.0;0.0;0.0;0.05263157894736842;0.0;0.0;0.0;0.0;0.0
3;0;0.0;0.0;0.0;0.15789473684210525;0.0;0.0;0.0;0.0;0.0
0;0;0.2;0.0;0.0;0.0;0.0;0.05988023952095809;0.0;0.0;0.0
1;0;0.4;0.0;0.0;0.05263157894736842;0.0;0.11976047904191618;0.0;0.0;0.2
1;0;0.0;0.0;0.0;0.05263157894736842;0.0;0.0;0.0;0.0;0.0
0;0;0.2;0.0;0.0;0.0;0.0;0.05988023952095809;0.0;0.0;0.2
8;0;0.4;0.0;0.0;0.42105263157894735;0.0;0.11976047904191618;0.0;0.0;0.2
1;0;0.0;0.0;0.0;0.05263157894736842;0.0;0.0;0.0;0.0;0.2
1;0;0.0;0.0;0.0;0.05263157894736842;0.0;0.0;0.0;0.0;0.0
5;0;0.0;0.0;0.0;0.2631578947368421;0.0;0.0;0.0;0.0;0.0
3;0;0.0;0.0;0.0;0.15789473684210525;0.0;0.0;0.0;0.0;0.0
1;0;0.0;0.0;0.0;0.05263157894736842;0.0;0.0;0.0;0.0;0.0
3;0;0.2;0.0;0.0;0.15789473684210525;0.0;0.05988023952095809;0.0;0.0;0.0
1;0;0.0;0.0;0.0;0.05263157894736842;0.0;0.0;0.0;0.0;0.0
1;0;0.0;0.0;0.0;0.05263157894736842;0.0;0.0;0.0;0.0;0.0
2;0;0.0;0.0;0.0;0.10526315789473684;0.0;0.0;0.0;0.0;0.0
0;0;0.6;0.0;0.0;0.0;0.0;0.17964071856287425;0.0;0.0;0.4
4;0;0.0;0.0;0.0;0.21052631578947367;0.0;0.0;0.0;0.0;0.0
3;0;0.0;0.0;0.0;0.15789473684210525;0.0;0.0;0.0;0.0;0.2
0;0;0.0;0.0;0.0;0.0;0.0;0.0;0.0;0.0;0.0
2;0;0.0;0.0;0.0;0.10526315789473684;0.0;0.0;0.0;0.0;0.0
1;0;0.0;0.0;0.0;0.05263157894736842;0.0;0.0;0.0;0.0;0.2
6;0;0.2;0.0;0.0;0.3157894736842105;0.0;0.05988023952095809;0.0;0.0;0.0
4;0;0.0;0.0;0.0;0.21052631578947367;0.0;0.0;0.0;0.0;0.0
0;0;0.0;0.0;0.0;0.0;0.0;0.0;0.0;0.0;0.0
2;0;0.0;0.0;0.0;0.10526315789473684;0.0;0.0;0.0;0.0;0.2
1;0;0.0;0.0;0.0;0.05263157894736842;0.0;0.0;0.0;0.0;0.0
1;0;0.2;0.0;0.0;0.05263157894736842;0.0;0.05988023952095809;0.0;0.0;0.2
0;0;0.2;0.0;0.0;0.0;0.0;0.05988023952095809;0.0;0.0;0.0
0;0;0.2;0.0;0.0;0.0;0.0;0.05988023952095809;0.0;0.0;0.0
0;0;0.0;0.0;0.0;0.0;0.0;0.0;0.0;0.0;0.0
1;0;0.0;0.0;0.0;0.05263157894736842;0.0;0.0;0.0;0.0;0.2
1;0;0.0;0.0;0.0;0.05263157894736842;0.0;0.0;0.0;0.0;0.2
2;0;0.4;0.0;0.0;0.10526315789473684;0.0;0.11976047904191618;0.0;0.0;0.4
0;0;0.2;0.0;0.0;0.0;0.0;0.05988023952095809;0.0;0.0;0.2
2;0;0.0;0.0;0.0;0.10526315789473684;0.0;0.0;0.0;0.0;0.0
1;0;0.0;0.0;0.0;0.05263157894736842;0.0;0.0;0.0;0.0;0.0
3;0;0.0;0.0;0.0;0.15789473684210525;0.0;0.0;0.0;0.0;0.2
0;0;0.0;0.0;0.0;0.0;0.0;0.0;0.0;0.0;0.0
0;0;0.0;0.0;0.0;0.0;0.0;0.0;0.0;0.0;0.2
0;0;0.2;0.0;0.0;0.0;0.0;0.05988023952095809;0.0;0.0;0.0
0;0;0.0;0.0;0.0;0.0;0.0;0.0;0.0;0.0;0.0
0;0;0.4;0.0;0.0;0.0;0.0;0.11976047904191618;0.0;0.0;0.4
0;0;0.2;0.0;0.0;0.0;0.0;0.05988023952095809;0.0;0.0;3.34
3;0;0.2;0.0;0.0;0.15789473684210525;0.0;0.05988023952095809;0.0;0.0;0.0
3;0;0.0;0.0;0.0;0.15789473684210525;0.0;0.0;0.0;0.0;0.0
3;0;0.0;0.0;0.0;0.15789473684210525;0.0;0.0;0.0;0.0;0.0
1;0;0.4;0.0;0.0;0.05263157894736842;0.0;0.11976047904191618;0.0;0.0;0.2
1;0;0.0;0.0;0.0;0.05263157894736842;0.0;0.0;0.0;0.0;0.0
0;0;0.2;0.0;0.0;0.0;0.0;0.05988023952095809;0.0;0.0;0.2
0;0;0.2;0.0;0.0;0.0;0.0;0.05988023952095809;0.0;0.0;0.0
1;0;0.2;0.0;0.0;0.05263157894736842;0.0;0.05988023952095809;0.0;0.0;0.2
0;0;0.2;0.0;0.0;0.0;0.0;0.05988023952095809;0.0;0.0;0.2
3;0;0.0;0.0;0.0;0.15789473684210525;0.0;0.0;0.0;0.0;0.0
1;0;0.0;0.0;0.0;0.05263157894736842;0.0;0.0;0.0;0.0;0.2
4;0;0.2;0.0;0.0;0.21052631578947367;0.0;0.05988023952095809;0.0;0.0;0.0
3;0;0.0;0.0;0.0;0.15789473684210525;0.0;0.0;0.0;0.0;0.0
0;0;0.2;0.0;0.0;0.0;0.0;0.05988023952095809;0.0;0.0;0.0
0;0;0.0;0.0;0.0;0.0;0.0;0.0;0.0;0.0;0.2
3;0;0.2;0.0;0.0;0.15789473684210525;0.0;0.05988023952095809;0.0;0.0;0.2
2;0;0.0;0.0;0.0;0.10526315789473684;0.0;0.0;0.0;0.0;0.0
3;0;0.2;0.0;0.0;0.15789473684210525;0.0;0.05988023952095809;0.0;0.0;0.0
0;0;0.0;0.0;0.0;0.0;0.0;0.0;0.0;0.0;0.0
3;1;0.0;4.143978385008743e-06;0.0016129032258064516;0.15789473684210525;0.5;0.0;0.5;0.5;0.0
1;0;0.0;0.0;0.0;0.05263157894736842;0.0;0.0;0.0;0.0;0.0
0;0;0.0;0.0;0.0;0.0;0.0;0.0;0.0;0.0;0.0
2;0;0.0;0.0;0.0;0.10526315789473684;0.0;0.0;0.0;0.0;0.0
1;0;0.0;0.0;0.0;0.05263157894736842;0.0;0.0;0.0;0.0;0.0
1;0;0.0;0.0;0.0;0.05263157894736842;0.0;0.0;0.0;0.0;0.0
0;0;0.0;0.0;0.0;0.0;0.0;0.0;0.0;0.0;0.2
6;0;0.0;0.0;0.0;0.3157894736842105;0.0;0.0;0.0;0.0;0.0
0;0;0.0;0.0;0.0;0.0;0.0;0.0;0.0;0.0;0.0
3;0;0.0;0.0;0.0;0.15789473684210525;0.0;0.0;0.0;0.0;0.0
3;0;0.2;0.0;0.0;0.15789473684210525;0.0;0.05988023952095809;0.0;0.0;0.4
3;0;0.0;0.0;0.0;0.15789473684210525;0.0;0.0;0.0;0.0;0.0
2;0;0.0;0.0;0.0;0.10526315789473684;0.0;0.0;0.0;0.0;0.0
1;0;0.2;0.0;0.0;0.05263157894736842;0.0;0.05988023952095809;0.0;0.0;0.2
1;0;0.4;0.0;0.0;0.05263157894736842;0.0;0.11976047904191618;0.0;0.0;0.4
2;0;0.0;0.0;0.0;0.10526315789473684;0.0;0.0;0.0;0.0;0.0
6;0;0.0;0.0;0.0;0.3157894736842105;0.0;0.0;0.0;0.0;0.0
6;0;0.2;0.0;0.0;0.3157894736842105;0.0;0.05988023952095809;0.0;0.0;0.2
1;0;0.0;0.0;0.0;0.05263157894736842;0.0;0.0;0.0;0.0;0.0
0;0;0.0;0.0;0.0;0.0;0.0;0.0;0.0;0.0;0.0
4;0;0.2;0.0;0.0;0.21052631578947367;0.0;0.05988023952095809;0.0;0.0;0.4
4;0;0.0;0.0;0.0;0.21052631578947367;0.0;0.0;0.0;0.0;0.0
0;0;0.2;0.0;0.0;0.0;0.0;0.05988023952095809;0.0;0.0;0.2
8;0;0.4;0.0;0.0;0.42105263157894735;0.0;0.11976047904191618;0.0;0.0;0.4
1;0;0.0;0.0;0.0;0.05263157894736842;0.0;0.0;0.0;0.0;0.0
3;0;0.2;0.0;0.0;0.15789473684210525;0.0;0.05988023952095809;0.0;0.0;0.0
0;0;0.0;0.0;0.0;0.0;0.0;0.0;0.0;0.0;0.0
3;0;0.0;0.0;0.0;0.15789473684210525;0.0;0.0;0.0;0.0;0.0
4;0;0.0;0.0;0.0;0.21052631578947367;0.0;0.0;0.0;0.0;0.0
3;0;0.2;0.0;0.0;0.15789473684210525;0.0;0.05988023952095809;0.0;0.0;0.2
2;0;0.2;0.0;0.0;0.10526315789473684;0.0;0.05988023952095809;0.0;0.0;0.2
5;0;0.0;0.0;0.0;0.2631578947368421;0.0;0.0;0.0;0.0;0.0
2;0;0.0;0.0;0.0;0.10526315789473684;0.0;0.0;0.0;0.0;0.0
4;0;0.0;0.0;0.0;0.21052631578947367;0.0;0.0;0.0;0.0;0.0
1;0;0.2;0.0;0.0;0.05263157894736842;0.0;0.05988023952095809;0.0;0.0;0.0
6;0;0.0;0.0;0.0;0.3157894736842105;0.0;0.0;0.0;0.0;0.0
3;0;0.4;0.0;0.0;0.15789473684210525;0.0;0.11976047904191618;0.0;0.0;0.2
2;0;0.0;0.0;0.0;0.10526315789473684;0.0;0.0;0.0;0.0;0.0
0;0;0.2;0.0;0.0;0.0;0.0;0.05988023952095809;0.0;0.0;0.2
5;0;0.0;0.0;0.0;0.2631578947368421;0.0;0.0;0.0;0.0;0.0
1;0;0.2;0.0;0.0;0.05263157894736842;0.0;0.05988023952095809;0.0;0.0;0.2
0;0;0.0;0.0;0.0;0.0;0.0;0.0;0.0;0.0;0.2
0;0;0.0;0.0;0.0;0.0;0.0;0.0;0.0;0.0;0.0
0;0;0.2;0.0;0.0;0.0;0.0;0.05988023952095809;0.0;0.0;0.2
2;0;0.0;0.0;0.0;0.10526315789473684;0.0;0.0;0.0;0.0;0.0
8;0;0.2;0.0;0.0;0.42105263157894735;0.0;0.05988023952095809;0.0;0.0;0.0
7;0;0.0;0.0;0.0;0.3684210526315789;0.0;0.0;0.0;0.0;0.0
7;0;0.0;0.0;0.0;0.3684210526315789;0.0;0.0;0.0;0.0;0.0
1;0;0.2;0.0;0.0;0.05263157894736842;0.0;0.05988023952095809;0.0;0.0;0.0
3;0;0.0;0.0;0.0;0.15789473684210525;0.0;0.0;0.0;0.0;0.0
1;0;0.0;0.0;0.0;0.05263157894736842;0.0;0.0;0.0;0.0;0.0
2;0;0.2;0.0;0.0;0.10526315789473684;0.0;0.05988023952095809;0.0;0.0;0.0
4;0;0.2;0.0;0.0;0.21052631578947367;0.0;0.05988023952095809;0.0;0.0;0.2
0;0;0.0;0.0;0.0;0.0;0.0;0.0;0.0;0.0;0.2
4;0;0.0;0.0;0.0;0.21052631578947367;0.0;0.0;0.0;0.0;0.2
1;0;0.2;0.0;0.0;0.05263157894736842;0.0;0.05988023952095809;0.0;0.0;0.2
4;0;0.0;0.0;0.0;0.21052631578947367;0.0;0.0;0.0;0.0;0.2
4;0;0.0;0.0;0.0;0.21052631578947367;0.0;0.0;0.0;0.0;0.2
1;0;0.0;0.0;0.0;0.05263157894736842;0.0;0.0;0.0;0.0;0.2
10;0;0.0;0.0;0.0;0.5263157894736842;0.0;0.0;0.0;0.0;0.0
0;0;0.2;0.0;0.0;0.0;0.0;0.05988023952095809;0.0;0.0;0.2
6;0;0.0;0.0;0.0;0.3157894736842105;0.0;0.0;0.0;0.0;0.0
1;0;0.2;0.0;0.0;0.05263157894736842;0.0;0.05988023952095809;0.0;0.0;0.0
1;0;0.0;0.0;0.0;0.05263157894736842;0.0;0.0;0.0;0.0;0.0
2;0;0.6;0.0;0.0;0.10526315789473684;0.0;0.17964071856287425;0.0;0.0;0.6
0;0;0.0;0.0;0.0;0.0;0.0;0.0;0.0;0.0;0.2
3;0;0.0;0.0;0.0;0.15789473684210525;0.0;0.0;0.0;0.0;0.0
0;0;0.0;0.0;0.0;0.0;0.0;0.0;0.0;0.0;0.0
2;0;0.2;0.0;0.0;0.10526315789473684;0.0;0.05988023952095809;0.0;0.0;0.2
5;0;0.0;0.0;0.0;0.2631578947368421;0.0;0.0;0.0;0.0;0.0
0;0;0.0;0.0;0.0;0.0;0.0;0.0;0.0;0.0;0.0
2;0;0.0;0.0;0.0;0.10526315789473684;0.0;0.0;0.0;0.0;0.2
1;0;0.0;0.0;0.0;0.05263157894736842;0.0;0.0;0.0;0.0;0.0
2;0;0.0;0.0;0.0;0.10526315789473684;0.0;0.0;0.0;0.0;0.0
0;0;0.0;0.0;0.0;0.0;0.0;0.0;0.0;0.0;0.0
0;0;0.0;0.0;0.0;0.0;0.0;0.0;0.0;0.0;0.0
1;0;0.0;0.0;0.0;0.05263157894736842;0.0;0.0;0.0;0.0;0.0
4;0;0.0;0.0;0.0;0.21052631578947367;0.0;0.0;0.0;0.0;0.0
9;0;0.2;0.0;0.0;0.47368421052631576;0.0;0.05988023952095809;0.0;0.0;0.0
7;0;0.0;0.0;0.0;0.3684210526315789;0.0;0.0;0.0;0.0;0.2
0;0;0.2;0.0;0.0;0.0;0.0;0.05988023952095809;0.0;0.0;0.2
2;0;0.2;0.0;0.0;0.10526315789473684;0.0;0.05988023952095809;0.0;0.0;0.2
4;0;0.0;0.0;0.0;0.21052631578947367;0.0;0.0;0.0;0.0;0.0
2;0;0.2;0.0;0.0;0.10526315789473684;0.0;0.05988023952095809;0.0;0.0;0.2
1;0;0.0;0.0;0.0;0.05263157894736842;0.0;0.0;0.0;0.0;0.0
4;0;0.0;0.0;0.0;0.21052631578947367;0.0;0.0;0.0;0.0;0.0
2;0;0.0;0.0;0.0;0.10526315789473684;0.0;0.0;0.0;0.0;0.2
2;0;0.0;0.0;0.0;0.10526315789473684;0.0;0.0;0.0;0.0;0.0
0;0;0.0;0.0;0.0;0.0;0.0;0.0;0.0;0.0;0.0
2;0;0.0;0.0;0.0;0.10526315789473684;0.0;0.0;0.0;0.0;0.0
1;0;0.0;0.0;0.0;0.05263157894736842;0.0;0.0;0.0;0.0;0.0
3;0;0.2;0.0;0.0;0.15789473684210525;0.0;0.05988023952095809;0.0;0.0;0.2
4;0;0.2;0.0;0.0;0.21052631578947367;0.0;0.05988023952095809;0.0;0.0;0.0
0;0;0.0;0.0;0.0;0.0;0.0;0.0;0.0;0.0;0.0
3;0;0.0;0.0;0.0;0.15789473684210525;0.0;0.0;0.0;0.0;0.0
5;0;0.0;0.0;0.0;0.2631578947368421;0.0;0.0;0.0;0.0;0.0
2;0;0.0;0.0;0.0;0.10526315789473684;0.0;0.0;0.0;0.0;0.2
1;0;0.2;0.0;0.0;0.05263157894736842;0.0;0.05988023952095809;0.0;0.0;0.4
1;0;0.0;0.0;0.0;0.05263157894736842;0.0;0.0;0.0;0.0;0.0
3;0;0.0;0.0;0.0;0.15789473684210525;0.0;0.0;0.0;0.0;0.0
0;0;0.0;0.0;0.0;0.0;0.0;0.0;0.0;0.0;0.0
6;0;0.0;0.0;0.0;0.3157894736842105;0.0;0.0;0.0;0.0;0.2
0;0;0.0;0.0;0.0;0.0;0.0;0.0;0.0;0.0;0.0
3;0;0.4;0.0;0.0;0.15789473684210525;0.0;0.11976047904191618;0.0;0.0;0.2
3;0;0.0;0.0;0.0;0.15789473684210525;0.0;0.0;0.0;0.0;0.0
2;0;0.0;0.0;0.0;0.10526315789473684;0.0;0.0;0.0;0.0;0.2
1;0;0.4;0.0;0.0;0.05263157894736842;0.0;0.11976047904191618;0.0;0.0;0.2
2;0;0.2;0.0;0.0;0.10526315789473684;0.0;0.05988023952095809;0.0;0.0;0.0
2;0;0.0;0.0;0.0;0.10526315789473684;0.0;0.0;0.0;0.0;0.0
6;0;0.0;0.0;0.0;0.3157894736842105;0.0;0.0;0.0;0.0;0.0
3;0;0.0;0.0;0.0;0.15789473684210525;0.0;0.0;0.0;0.0;0.0
3;0;0.0;0.0;0.0;0.15789473684210525;0.0;0.0;0.0;0.0;0.0
4;0;0.0;0.0;0.0;0.21052631578947367;0.0;0.0;0.0;0.0;0.0
3;0;0.2;0.0;0.0;0.15789473684210525;0.0;0.05988023952095809;0.0;0.0;0.2
2;0;0.0;0.0;0.0;0.10526315789473684;0.0;0.0;0.0;0.0;0.0
0;0;0.0;0.0;0.0;0.0;0.0;0.0;0.0;0.0;0.0
0;0;0.6;0.0;0.0;0.0;0.0;0.17964071856287425;0.0;0.0;0.4
3;0;0.0;0.0;0.0;0.15789473684210525;0.0;0.0;0.0;0.0;0.0
4;0;0.0;0.0;0.0;0.21052631578947367;0.0;0.0;0.0;0.0;0.0
1;0;0.0;0.0;0.0;0.05263157894736842;0.0;0.0;0.0;0.0;0.0
0;0;0.0;0.0;0.0;0.0;0.0;0.0;0.0;0.0;0.0
0;0;0.0;0.0;0.0;0.0;0.0;0.0;0.0;0.0;0.0
5;0;0.0;0.0;0.0;0.2631578947368421;0.0;0.0;0.0;0.0;0.0
2;0;0.0;0.0;0.0;0.10526315789473684;0.0;0.0;0.0;0.0;0.0
0;0;0.0;0.0;0.0;0.0;0.0;0.0;0.0;0.0;0.0
5;0;0.6;0.0;0.0;0.2631578947368421;0.0;0.17964071856287425;0.0;0.0;0.6
4;0;0.2;0.0;0.0;0.21052631578947367;0.0;0.05988023952095809;0.0;0.0;0.0
2;0;0.0;0.0;0.0;0.10526315789473684;0.0;0.0;0.0;0.0;0.0
4;0;0.0;0.0;0.0;0.21052631578947367;0.0;0.0;0.0;0.0;0.0
0;0;0.0;0.0;0.0;0.0;0.0;0.0;0.0;0.0;0.0
1;0;0.0;0.0;0.0;0.05263157894736842;0.0;0.0;0.0;0.0;0.2
6;0;0.0;0.0;0.0;0.3157894736842105;0.0;0.0;0.0;0.0;0.0
0;0;0.0;0.0;0.0;0.0;0.0;0.0;0.0;0.0;0.0
1;0;0.0;0.0;0.0;0.05263157894736842;0.0;0.0;0.0;0.0;0.0
0;0;0.0;0.0;0.0;0.0;0.0;0.0;0.0;0.0;0.0
4;0;0.0;0.0;0.0;0.21052631578947367;0.0;0.0;0.0;0.0;0.0
2;0;0.0;0.0;0.0;0.10526315789473684;0.0;0.0;0.0;0.0;0.2
3;0;0.0;0.0;0.0;0.15789473684210525;0.0;0.0;0.0;0.0;0.0
1;0;0.0;0.0;0.0;0.05263157894736842;0.0;0.0;0.0;0.0;0.2
0;0;0.0;0.0;0.0;0.0;0.0;0.0;0.0;0.0;0.0
1;0;0.0;0.0;0.0;0.05263157894736842;0.0;0.0;0.0;0.0;0.0
2;0;0.2;0.0;0.0;0.10526315789473684;0.0;0.05988023952095809;0.0;0.0;0.2
1;0;0.2;0.0;0.0;0.05263157894736842;0.0;0.05988023952095809;0.0;0.0;0.4
0;0;0.2;0.0;0.0;0.0;0.0;0.05988023952095809;0.0;0.0;0.2
2;0;0.0;0.0;0.0;0.10526315789473684;0.0;0.0;0.0;0.0;0.0
0;0;0.0;0.0;0.0;0.0;0.0;0.0;0.0;0.0;0.0
0;0;0.0;0.0;0.0;0.0;0.0;0.0;0.0;0.0;0.0
1;0;0.0;0.0;0.0;0.05263157894736842;0.0;0.0;0.0;0.0;0.0
2;0;0.0;0.0;0.0;0.10526315789473684;0.0;0.0;0.0;0.0;0.0
2;0;0.0;0.0;0.0;0.10526315789473684;0.0;0.0;0.0;0.0;0.0
0;0;0.2;0.0;0.0;0.0;0.0;0.05988023952095809;0.0;0.0;0.2
0;0;0.0;0.0;0.0;0.0;0.0;0.0;0.0;0.0;0.0
4;0;0.2;0.0;0.0;0.21052631578947367;0.0;0.05988023952095809;0.0;0.0;0.0
1;0;0.0;0.0;0.0;0.05263157894736842;0.0;0.0;0.0;0.0;0.2
1;0;0.0;0.0;0.0;0.05263157894736842;0.0;0.0;0.0;0.0;0.0
0;0;0.0;0.0;0.0;0.0;0.0;0.0;0.0;0.0;0.2
4;0;0.0;0.0;0.0;0.21052631578947367;0.0;0.0;0.0;0.0;0.0
4;0;0.0;0.0;0.0;0.21052631578947367;0.0;0.0;0.0;0.0;0.0
1;0;0.6;0.0;0.0;0.05263157894736842;0.0;0.17964071856287425;0.0;0.0;0.4
3;0;0.0;0.0;0.0;0.15789473684210525;0.0;0.0;0.0;0.0;0.0
3;0;0.0;0.0;0.0;0.15789473684210525;0.0;0.0;0.0;0.0;0.0
2;0;0.0;0.0;0.0;0.10526315789473684;0.0;0.0;0.0;0.0;0.0
7;0;0.2;0.0;0.0;0.3684210526315789;0.0;0.05988023952095809;0.0;0.0;0.2
0;0;0.2;0.0;0.0;0.0;0.0;0.05988023952095809;0.0;0.0;0.0
1;0;0.0;0.0;0.0;0.05263157894736842;0.0;0.0;0.0;0.0;0.2
2;0;0.2;0.0;0.0;0.10526315789473684;0.0;0.05988023952095809;0.0;0.0;0.2
1;0;0.4;0.0;0.0;0.05263157894736842;0.0;0.11976047904191618;0.0;0.0;0.6
2;0;0.2;0.0;0.0;0.10526315789473684;0.0;0.05988023952095809;0.0;0.0;0.2
5;0;0.0;0.0;0.0;0.2631578947368421;0.0;0.0;0.0;0.0;0.0
1;0;0.0;0.0;0.0;0.05263157894736842;0.0;0.0;0.0;0.0;0.2
5;0;0.0;0.0;0.0;0.2631578947368421;0.0;0.0;0.0;0.0;0.0
4;0;0.0;0.0;0.0;0.21052631578947367;0.0;0.0;0.0;0.0;0.0
2;0;0.0;0.0;0.0;0.10526315789473684;0.0;0.0;0.0;0.0;0.2
2;0;0.2;0.0;0.0;0.10526315789473684;0.0;0.05988023952095809;0.0;0.0;0.0
4;0;0.0;0.0;0.0;0.21052631578947367;0.0;0.0;0.0;0.0;0.0
4;0;0.0;0.0;0.0;0.21052631578947367;0.0;0.0;0.0;0.0;0.0
0;0;0.2;0.0;0.0;0.0;0.0;0.05988023952095809;0.0;0.0;0.2
3;0;0.2;0.0;0.0;0.15789473684210525;0.0;0.05988023952095809;0.0;0.0;0.0
0;0;0.2;0.0;0.0;0.0;0.0;0.05988023952095809;0.0;0.0;0.2
2;0;0.2;0.0;0.0;0.10526315789473684;0.0;0.05988023952095809;0.0;0.0;0.0
2;0;0.0;0.0;0.0;0.10526315789473684;0.0;0.0;0.0;0.0;0.0
3;0;0.0;0.0;0.0;0.15789473684210525;0.0;0.0;0.0;0.0;0.0
1;0;0.0;0.0;0.0;0.05263157894736842;0.0;0.0;0.0;0.0;0.0
3;0;0.0;0.0;0.0;0.15789473684210525;0.0;0.0;0.0;0.0;0.2
1;0;0.2;0.0;0.0;0.05263157894736842;0.0;0.05988023952095809;0.0;0.0;0.4
5;0;0.2;0.0;0.0;0.2631578947368421;0.0;0.05988023952095809;0.0;0.0;0.2
6;0;0.0;0.0;0.0;0.3157894736842105;0.0;0.0;0.0;0.0;0.0
0;0;0.0;0.0;0.0;0.0;0.0;0.0;0.0;0.0;0.0
1;0;0.0;0.0;0.0;0.05263157894736842;0.0;0.0;0.0;0.0;0.0
3;0;0.0;0.0;0.0;0.15789473684210525;0.0;0.0;0.0;0.0;0.2
1;0;0.4;0.0;0.0;0.05263157894736842;0.0;0.11976047904191618;0.0;0.0;0.2
5;0;0.0;0.0;0.0;0.2631578947368421;0.0;0.0;0.0;0.0;0.0
3;0;0.0;0.0;0.0;0.15789473684210525;0.0;0.0;0.0;0.0;0.0
6;0;0.2;0.0;0.0;0.3157894736842105;0.0;0.05988023952095809;0.0;0.0;0.2
1;0;0.0;0.0;0.0;0.05263157894736842;0.0;0.0;0.0;0.0;0.0
0;0;0.0;0.0;0.0;0.0;0.0;0.0;0.0;0.0;0.0
1;0;0.0;0.0;0.0;0.05263157894736842;0.0;0.0;0.0;0.0;0.0
1;0;0.2;0.0;0.0;0.05263157894736842;0.0;0.05988023952095809;0.0;0.0;0.0
3;0;0.0;0.0;0.0;0.15789473684210525;0.0;0.0;0.0;0.0;0.0
0;0;0.2;0.0;0.0;0.0;0.0;0.05988023952095809;0.0;0.0;0.2
8;0;0.0;0.0;0.0;0.42105263157894735;0.0;0.0;0.0;0.0;0.0
2;0;0.0;0.0;0.0;0.10526315789473684;0.0;0.0;0.0;0.0;0.0
4;0;0.2;0.0;0.0;0.21052631578947367;0.0;0.05988023952095809;0.0;0.0;0.4
0;0;0.79;0.0;0.0;0.0;0.0;0.23652694610778446;0.0;0.0;0.6
0;0;0.0;0.0;0.0;0.0;0.0;0.0;0.0;0.0;0.0
4;0;0.4;0.0;0.0;0.21052631578947367;0.0;0.11976047904191618;0.0;0.0;0.2
2;0;0.0;0.0;0.0;0.10526315789473684;0.0;0.0;0.0;0.0;0.0
0;0;0.0;0.0;0.0;0.0;0.0;0.0;0.0;0.0;0.0
0;0;0.0;0.0;0.0;0.0;0.0;0.0;0.0;0.0;0.0
2;0;0.0;0.0;0.0;0.10526315789473684;0.0;0.0;0.0;0.0;0.0
4;0;0.0;0.0;0.0;0.21052631578947367;0.0;0.0;0.0;0.0;0.0
0;0;0.0;0.0;0.0;0.0;0.0;0.0;0.0;0.0;0.0
0;0;0.0;0.0;0.0;0.0;0.0;0.0;0.0;0.0;0.0
0;0;0.2;0.0;0.0;0.0;0.0;0.05988023952095809;0.0;0.0;0.0
6;0;0.0;0.0;0.0;0.3157894736842105;0.0;0.0;0.0;0.0;0.0
2;0;0.0;0.0;0.0;0.10526315789473684;0.0;0.0;0.0;0.0;0.0
7;0;0.2;0.0;0.0;0.3684210526315789;0.0;0.05988023952095809;0.0;0.0;0.0
2;0;0.2;0.0;0.0;0.10526315789473684;0.0;0.05988023952095809;0.0;0.0;0.2
4;0;0.0;0.0;0.0;0.21052631578947367;0.0;0.0;0.0;0.0;0.0
1;0;0.0;0.0;0.0;0.05263157894736842;0.0;0.0;0.0;0.0;0.0
1;0;0.4;0.0;0.0;0.05263157894736842;0.0;0.11976047904191618;0.0;0.0;0.2
0;0;0.2;0.0;0.0;0.0;0.0;0.05988023952095809;0.0;0.0;0.2
7;0;0.2;0.0;0.0;0.3684210526315789;0.0;0.05988023952095809;0.0;0.0;0.2
1;0;0.2;0.0;0.0;0.05263157894736842;0.0;0.05988023952095809;0.0;0.0;0.0
1;0;0.0;0.0;0.0;0.05263157894736842;0.0;0.0;0.0;0.0;0.0
1;0;0.0;0.0;0.0;0.05263157894736842;0.0;0.0;0.0;0.0;0.0
4;0;0.0;0.0;0.0;0.21052631578947367;0.0;0.0;0.0;0.0;0.0
2;0;0.2;0.0;0.0;0.10526315789473684;0.0;0.05988023952095809;0.0;0.0;0.2
3;0;0.4;0.0;0.0;0.15789473684210525;0.0;0.11976047904191618;0.0;0.0;0.4
1;0;0.0;0.0;0.0;0.05263157894736842;0.0;0.0;0.0;0.0;0.0
1;0;0.2;0.0;0.0;0.05263157894736842;0.0;0.05988023952095809;0.0;0.0;0.0
3;0;0.0;0.0;0.0;0.15789473684210525;0.0;0.0;0.0;0.0;0.0
0;0;0.2;0.0;0.0;0.0;0.0;0.05988023952095809;0.0;0.0;0.0
2;0;0.0;0.0;0.0;0.10526315789473684;0.0;0.0;0.0;0.0;0.0
3;0;0.2;0.0;0.0;0.15789473684210525;0.0;0.05988023952095809;0.0;0.0;0.0
1;0;0.0;0.0;0.0;0.05263157894736842;0.0;0.0;0.0;0.0;0.0
2;0;0.4;0.0;0.0;0.10526315789473684;0.0;0.11976047904191618;0.0;0.0;0.2
4;0;0.0;0.0;0.0;0.21052631578947367;0.0;0.0;0.0;0.0;0.0
1;0;0.0;0.0;0.0;0.05263157894736842;0.0;0.0;0.0;0.0;0.0
2;0;0.2;0.0;0.0;0.10526315789473684;0.0;0.05988023952095809;0.0;0.0;0.2
2;0;0.4;0.0;0.0;0.10526315789473684;0.0;0.11976047904191618;0.0;0.0;0.2
3;0;0.0;0.0;0.0;0.15789473684210525;0.0;0.0;0.0;0.0;0.0
3;0;0.0;0.0;0.0;0.15789473684210525;0.0;0.0;0.0;0.0;0.0
7;0;0.0;0.0;0.0;0.3684210526315789;0.0;0.0;0.0;0.0;0.2
1;0;0.0;0.0;0.0;0.05263157894736842;0.0;0.0;0.0;0.0;0.0
3;0;0.0;0.0;0.0;0.15789473684210525;0.0;0.0;0.0;0.0;0.2
3;0;0.0;0.0;0.0;0.15789473684210525;0.0;0.0;0.0;0.0;0.0
3;0;0.0;0.0;0.0;0.15789473684210525;0.0;0.0;0.0;0.0;0.0
0;0;0.2;0.0;0.0;0.0;0.0;0.05988023952095809;0.0;0.0;0.2
4;0;0.0;0.0;0.0;0.21052631578947367;0.0;0.0;0.0;0.0;0.0
0;0;0.0;0.0;0.0;0.0;0.0;0.0;0.0;0.0;0.0
19;0;0.0;0.0;0.0;1.0;0.0;0.0;0.0;0.0;0.0
0;0;0.0;0.0;0.0;0.0;0.0;0.0;0.0;0.0;0.0
7;0;0.2;0.0;0.0;0.3684210526315789;0.0;0.05988023952095809;0.0;0.0;0.0
2;0;0.0;0.0;0.0;0.10526315789473684;0.0;0.0;0.0;0.0;0.0
3;0;0.0;0.0;0.0;0.15789473684210525;0.0;0.0;0.0;0.0;0.0
3;0;0.4;0.0;0.0;0.15789473684210525;0.0;0.11976047904191618;0.0;0.0;0.2
1;0;0.2;0.0;0.0;0.05263157894736842;0.0;0.05988023952095809;0.0;0.0;0.2
1;0;0.4;0.0;0.0;0.05263157894736842;0.0;0.11976047904191618;0.0;0.0;0.4
2;0;0.0;0.0;0.0;0.10526315789473684;0.0;0.0;0.0;0.0;0.2
2;0;0.2;0.0;0.0;0.10526315789473684;0.0;0.05988023952095809;0.0;0.0;0.0
5;0;0.0;0.0;0.0;0.2631578947368421;0.0;0.0;0.0;0.0;0.0
1;0;0.4;0.0;0.0;0.05263157894736842;0.0;0.11976047904191618;0.0;0.0;0.2
0;0;0.0;0.0;0.0;0.0;0.0;0.0;0.0;0.0;0.0
0;0;0.0;0.0;0.0;0.0;0.0;0.0;0.0;0.0;0.2
1;0;0.0;0.0;0.0;0.05263157894736842;0.0;0.0;0.0;0.0;0.0
1;0;0.2;0.0;0.0;0.05263157894736842;0.0;0.05988023952095809;0.0;0.0;0.0
4;0;0.0;0.0;0.0;0.21052631578947367;0.0;0.0;0.0;0.0;0.0
0;0;0.0;0.0;0.0;0.0;0.0;0.0;0.0;0.0;0.0
2;0;0.2;0.0;0.0;0.10526315789473684;0.0;0.05988023952095809;0.0;0.0;0.2
3;0;0.0;0.0;0.0;0.15789473684210525;0.0;0.0;0.0;0.0;0.0
2;0;0.0;0.0;0.0;0.10526315789473684;0.0;0.0;0.0;0.0;0.0
2;0;0.0;0.0;0.0;0.10526315789473684;0.0;0.0;0.0;0.0;0.0
1;0;0.0;0.0;0.0;0.05263157894736842;0.0;0.0;0.0;0.0;0.0
4;0;0.0;0.0;0.0;0.21052631578947367;0.0;0.0;0.0;0.0;0.2
3;0;0.0;0.0;0.0;0.15789473684210525;0.0;0.0;0.0;0.0;0.0
3;0;0.2;0.0;0.0;0.15789473684210525;0.0;0.05988023952095809;0.0;0.0;0.0
3;0;0.2;0.0;0.0;0.15789473684210525;0.0;0.05988023952095809;0.0;0.0;0.4
1;0;0.4;0.0;0.0;0.05263157894736842;0.0;0.11976047904191618;0.0;0.0;0.2
4;0;0.0;0.0;0.0;0.21052631578947367;0.0;0.0;0.0;0.0;0.0
1;0;0.0;0.0;0.0;0.05263157894736842;0.0;0.0;0.0;0.0;0.0
3;0;0.0;0.0;0.0;0.15789473684210525;0.0;0.0;0.0;0.0;0.0
3;0;0.0;0.0;0.0;0.15789473684210525;0.0;0.0;0.0;0.0;0.0
0;0;0.0;0.0;0.0;0.0;0.0;0.0;0.0;0.0;0.0
1;0;0.0;0.0;0.0;0.05263157894736842;0.0;0.0;0.0;0.0;0.0
5;0;0.0;0.0;0.0;0.2631578947368421;0.0;0.0;0.0;0.0;0.2
3;0;0.4;0.0;0.0;0.15789473684210525;0.0;0.11976047904191618;0.0;0.0;0.4
7;0;0.2;0.0;0.0;0.3684210526315789;0.0;0.05988023952095809;0.0;0.0;0.2
0;0;0.2;0.0;0.0;0.0;0.0;0.05988023952095809;0.0;0.0;0.4
14;0;0.0;0.0;0.0;0.7368421052631579;0.0;0.0;0.0;0.0;0.0
5;0;0.0;0.0;0.0;0.2631578947368421;0.0;0.0;0.0;0.0;0.0
2;0;0.0;0.0;0.0;0.10526315789473684;0.0;0.0;0.0;0.0;0.0
3;0;0.2;0.0;0.0;0.15789473684210525;0.0;0.05988023952095809;0.0;0.0;0.2
4;0;0.0;0.0;0.0;0.21052631578947367;0.0;0.0;0.0;0.0;0.0
0;0;0.0;0.0;0.0;0.0;0.0;0.0;0.0;0.0;0.0
2;0;0.0;0.0;0.0;0.10526315789473684;0.0;0.0;0.0;0.0;0.0
2;0;0.0;0.0;0.0;0.10526315789473684;0.0;0.0;0.0;0.0;0.0
1;0;0.0;0.0;0.0;0.05263157894736842;0.0;0.0;0.0;0.0;0.0
2;0;0.0;0.0;0.0;0.10526315789473684;0.0;0.0;0.0;0.0;0.0
5;0;0.0;0.0;0.0;0.2631578947368421;0.0;0.0;0.0;0.0;0.0
4;0;0.2;0.0;0.0;0.21052631578947367;0.0;0.05988023952095809;0.0;0.0;0.4
5;0;0.0;0.0;0.0;0.2631578947368421;0.0;0.0;0.0;0.0;0.0
4;0;0.0;0.0;0.0;0.21052631578947367;0.0;0.0;0.0;0.0;0.2
1;0;0.2;0.0;0.0;0.05263157894736842;0.0;0.05988023952095809;0.0;0.0;0.0
3;0;0.2;0.0;0.0;0.15789473684210525;0.0;0.05988023952095809;0.0;0.0;0.0
0;0;0.0;0.0;0.0;0.0;0.0;0.0;0.0;0.0;0.0
3;0;0.0;0.0;0.0;0.15789473684210525;0.0;0.0;0.0;0.0;0.0
0;0;0.4;0.0;0.0;0.0;0.0;0.11976047904191618;0.0;0.0;0.2
2;0;0.0;0.0;0.0;0.10526315789473684;0.0;0.0;0.0;0.0;0.0
1;0;0.0;0.0;0.0;0.05263157894736842;0.0;0.0;0.0;0.0;0.0
1;0;0.0;0.0;0.0;0.05263157894736842;0.0;0.0;0.0;0.0;0.0
3;0;0.0;0.0;0.0;0.15789473684210525;0.0;0.0;0.0;0.0;0.0
1;0;0.0;0.0;0.0;0.05263157894736842;0.0;0.0;0.0;0.0;0.0
0;0;0.2;0.0;0.0;0.0;0.0;0.05988023952095809;0.0;0.0;0.0
2;0;0.0;0.0;0.0;0.10526315789473684;0.0;0.0;0.0;0.0;0.0
5;0;0.0;0.0;0.0;0.2631578947368421;0.0;0.0;0.0;0.0;0.0
2;0;0.0;0.0;0.0;0.10526315789473684;0.0;0.0;0.0;0.0;0.0
1;0;0.2;0.0;0.0;0.05263157894736842;0.0;0.05988023952095809;0.0;0.0;0.0
2;0;0.4;0.0;0.0;0.10526315789473684;0.0;0.11976047904191618;0.0;0.0;0.4
1;0;0.0;0.0;0.0;0.05263157894736842;0.0;0.0;0.0;0.0;0.0
0;0;0.2;0.0;0.0;0.0;0.0;0.05988023952095809;0.0;0.0;0.2
1;0;0.4;0.0;0.0;0.05263157894736842;0.0;0.11976047904191618;0.0;0.0;0.4
5;0;0.2;0.0;0.0;0.2631578947368421;0.0;0.05988023952095809;0.0;0.0;0.4
1;0;0.0;0.0;0.0;0.05263157894736842;0.0;0.0;0.0;0.0;0.0
5;0;0.0;0.0;0.0;0.2631578947368421;0.0;0.0;0.0;0.0;0.0
0;0;0.4;0.0;0.0;0.0;0.0;0.11976047904191618;0.0;0.0;0.4
1;0;0.0;0.0;0.0;0.05263157894736842;0.0;0.0;0.0;0.0;0.0
0;0;0.0;0.0;0.0;0.0;0.0;0.0;0.0;0.0;0.0
1;0;0.2;0.0;0.0;0.05263157894736842;0.0;0.05988023952095809;0.0;0.0;0.2
3;0;0.0;0.0;0.0;0.15789473684210525;0.0;0.0;0.0;0.0;0.2
7;0;0.6;0.0;0.0;0.3684210526315789;0.0;0.17964071856287425;0.0;0.0;0.4
1;0;0.0;0.0;0.0;0.05263157894736842;0.0;0.0;0.0;0.0;0.0
3;0;0.2;0.0;0.0;0.15789473684210525;0.0;0.05988023952095809;0.0;0.0;0.2
2;0;0.0;0.0;0.0;0.10526315789473684;0.0;0.0;0.0;0.0;0.0
0;0;0.0;0.0;0.0;0.0;0.0;0.0;0.0;0.0;0.0
4;0;0.0;0.0;0.0;0.21052631578947367;0.0;0.0;0.0;0.0;0.0
2;0;0.0;0.0;0.0;0.10526315789473684;0.0;0.0;0.0;0.0;0.0
3;0;0.0;0.0;0.0;0.15789473684210525;0.0;0.0;0.0;0.0;0.0
0;0;0.0;0.0;0.0;0.0;0.0;0.0;0.0;0.0;0.0
6;0;0.0;0.0;0.0;0.3157894736842105;0.0;0.0;0.0;0.0;0.0
4;0;0.0;0.0;0.0;0.21052631578947367;0.0;0.0;0.0;0.0;0.0
7;0;0.0;0.0;0.0;0.3684210526315789;0.0;0.0;0.0;0.0;0.0
1;0;0.0;0.0;0.0;0.05263157894736842;0.0;0.0;0.0;0.0;0.2
1;0;0.0;0.0;0.0;0.05263157894736842;0.0;0.0;0.0;0.0;0.0
2;0;0.0;0.0;0.0;0.10526315789473684;0.0;0.0;0.0;0.0;0.2
2;0;0.0;0.0;0.0;0.10526315789473684;0.0;0.0;0.0;0.0;0.0
1;0;0.0;0.0;0.0;0.05263157894736842;0.0;0.0;0.0;0.0;0.0
0;0;0.0;0.0;0.0;0.0;0.0;0.0;0.0;0.0;0.4
1;0;0.2;0.0;0.0;0.05263157894736842;0.0;0.05988023952095809;0.0;0.0;0.2
3;0;0.2;0.0;0.0;0.15789473684210525;0.0;0.05988023952095809;0.0;0.0;0.2
1;0;0.0;0.0;0.0;0.05263157894736842;0.0;0.0;0.0;0.0;0.0
2;0;0.0;0.0;0.0;0.10526315789473684;0.0;0.0;0.0;0.0;0.0
2;0;0.0;0.0;0.0;0.10526315789473684;0.0;0.0;0.0;0.0;0.0
1;0;0.0;0.0;0.0;0.05263157894736842;0.0;0.0;0.0;0.0;0.0
2;0;0.2;0.0;0.0;0.10526315789473684;0.0;0.05988023952095809;0.0;0.0;0.2
0;0;0.2;0.0;0.0;0.0;0.0;0.05988023952095809;0.0;0.0;0.2
1;0;0.2;0.0;0.0;0.05263157894736842;0.0;0.05988023952095809;0.0;0.0;0.2
5;0;0.0;0.0;0.0;0.2631578947368421;0.0;0.0;0.0;0.0;0.0
1;0;0.2;0.0;0.0;0.05263157894736842;0.0;0.05988023952095809;0.0;0.0;0.2
0;0;0.0;0.0;0.0;0.0;0.0;0.0;0.0;0.0;0.0
0;0;0.0;0.0;0.0;0.0;0.0;0.0;0.0;0.0;0.0
7;0;0.0;0.0;0.0;0.3684210526315789;0.0;0.0;0.0;0.0;0.0
0;0;0.0;0.0;0.0;0.0;0.0;0.0;0.0;0.0;0.0
0;0;0.2;0.0;0.0;0.0;0.0;0.05988023952095809;0.0;0.0;0.4
0;0;0.2;0.0;0.0;0.0;0.0;0.05988023952095809;0.0;0.0;0.0
0;0;0.0;0.0;0.0;0.0;0.0;0.0;0.0;0.0;0.0
4;0;0.0;0.0;0.0;0.21052631578947367;0.0;0.0;0.0;0.0;0.0
2;0;0.0;0.0;0.0;0.10526315789473684;0.0;0.0;0.0;0.0;0.0
5;0;1.18;0.0;0.0;0.2631578947368421;0.0;0.3532934131736527;0.0;0.0;0.6
1;0;0.0;0.0;0.0;0.05263157894736842;0.0;0.0;0.0;0.0;0.2
0;0;0.2;0.0;0.0;0.0;0.0;0.05988023952095809;0.0;0.0;0.0
9;0;0.0;0.0;0.0;0.47368421052631576;0.0;0.0;0.0;0.0;0.0
3;0;0.2;0.0;0.0;0.15789473684210525;0.0;0.05988023952095809;0.0;0.0;0.0
4;0;0.0;0.0;0.0;0.21052631578947367;0.0;0.0;0.0;0.0;0.0
6;0;0.0;0.0;0.0;0.3157894736842105;0.0;0.0;0.0;0.0;0.0
1;0;0.0;0.0;0.0;0.05263157894736842;0.0;0.0;0.0;0.0;0.0
0;0;0.0;0.0;0.0;0.0;0.0;0.0;0.0;0.0;0.0
0;0;0.0;0.0;0.0;0.0;0.0;0.0;0.0;0.0;0.0
2;0;0.2;0.0;0.0;0.10526315789473684;0.0;0.05988023952095809;0.0;0.0;0.0
1;0;0.2;0.0;0.0;0.05263157894736842;0.0;0.05988023952095809;0.0;0.0;0.0
7;0;0.0;0.0;0.0;0.3684210526315789;0.0;0.0;0.0;0.0;0.0
0;0;0.2;0.0;0.0;0.0;0.0;0.05988023952095809;0.0;0.0;0.2
6;0;0.2;0.0;0.0;0.3157894736842105;0.0;0.05988023952095809;0.0;0.0;0.2
0;0;0.2;0.0;0.0;0.0;0.0;0.05988023952095809;0.0;0.0;0.2
2;0;0.0;0.0;0.0;0.10526315789473684;0.0;0.0;0.0;0.0;0.0
4;0;0.0;0.0;0.0;0.21052631578947367;0.0;0.0;0.0;0.0;0.0
3;0;0.0;0.0;0.0;0.15789473684210525;0.0;0.0;0.0;0.0;0.2
6;0;0.0;0.0;0.0;0.3157894736842105;0.0;0.0;0.0;0.0;0.2
5;0;0.6;0.0;0.0;0.2631578947368421;0.0;0.17964071856287425;0.0;0.0;0.6
1;0;1.97;0.0;0.0;0.05263157894736842;0.0;0.5898203592814372;0.0;0.0;1.17
0;0;0.0;0.0;0.0;0.0;0.0;0.0;0.0;0.0;0.0
0;0;0.0;0.0;0.0;0.0;0.0;0.0;0.0;0.0;0.0
2;0;0.0;0.0;0.0;0.10526315789473684;0.0;0.0;0.0;0.0;0.0
2;0;0.0;0.0;0.0;0.10526315789473684;0.0;0.0;0.0;0.0;0.0
2;0;0.0;0.0;0.0;0.10526315789473684;0.0;0.0;0.0;0.0;0.0
1;0;0.0;0.0;0.0;0.05263157894736842;0.0;0.0;0.0;0.0;0.0
2;0;0.2;0.0;0.0;0.10526315789473684;0.0;0.05988023952095809;0.0;0.0;0.2
4;0;0.0;0.0;0.0;0.21052631578947367;0.0;0.0;0.0;0.0;0.0
5;0;0.0;0.0;0.0;0.2631578947368421;0.0;0.0;0.0;0.0;0.0
0;0;0.4;0.0;0.0;0.0;0.0;0.11976047904191618;0.0;0.0;0.2
0;0;0.4;0.0;0.0;0.0;0.0;0.11976047904191618;0.0;0.0;0.4
0;0;0.0;0.0;0.0;0.0;0.0;0.0;0.0;0.0;0.0
2;0;0.0;0.0;0.0;0.10526315789473684;0.0;0.0;0.0;0.0;0.0
1;0;0.2;0.0;0.0;0.05263157894736842;0.0;0.05988023952095809;0.0;0.0;0.2
4;0;0.0;0.0;0.0;0.21052631578947367;0.0;0.0;0.0;0.0;0.0
0;0;0.0;0.0;0.0;0.0;0.0;0.0;0.0;0.0;0.0
1;0;0.0;0.0;0.0;0.05263157894736842;0.0;0.0;0.0;0.0;0.2
1;0;0.0;0.0;0.0;0.05263157894736842;0.0;0.0;0.0;0.0;0.2
6;0;0.0;0.0;0.0;0.3157894736842105;0.0;0.0;0.0;0.0;0.0
1;0;0.2;0.0;0.0;0.05263157894736842;0.0;0.05988023952095809;0.0;0.0;0.2
2;0;0.0;0.0;0.0;0.10526315789473684;0.0;0.0;0.0;0.0;0.0
2;0;0.0;0.0;0.0;0.10526315789473684;0.0;0.0;0.0;0.0;0.0
5;0;0.2;0.0;0.0;0.2631578947368421;0.0;0.05988023952095809;0.0;0.0;0.0
4;0;0.0;0.0;0.0;0.21052631578947367;0.0;0.0;0.0;0.0;0.0
2;0;0.0;0.0;0.0;0.10526315789473684;0.0;0.0;0.0;0.0;0.0
0;0;0.2;0.0;0.0;0.0;0.0;0.05988023952095809;0.0;0.0;0.0
5;0;0.2;0.0;0.0;0.2631578947368421;0.0;0.05988023952095809;0.0;0.0;0.2
0;0;0.2;0.0;0.0;0.0;0.0;0.05988023952095809;0.0;0.0;0.0
2;0;0.0;0.0;0.0;0.10526315789473684;0.0;0.0;0.0;0.0;0.0
1;0;0.4;0.0;0.0;0.05263157894736842;0.0;0.11976047904191618;0.0;0.0;0.2
1;0;0.0;0.0;0.0;0.05263157894736842;0.0;0.0;0.0;0.0;0.0
0;0;0.0;0.0;0.0;0.0;0.0;0.0;0.0;0.0;0.0
1;0;0.0;0.0;0.0;0.05263157894736842;0.0;0.0;0.0;0.0;0.0
1;0;0.0;0.0;0.0;0.05263157894736842;0.0;0.0;0.0;0.0;0.0
0;0;0.0;0.0;0.0;0.0;0.0;0.0;0.0;0.0;0.0
1;0;0.0;0.0;0.0;0.05263157894736842;0.0;0.0;0.0;0.0;0.2
2;0;0.6;0.0;0.0;0.10526315789473684;0.0;0.17964071856287425;0.0;0.0;0.6
0;0;0.0;0.0;0.0;0.0;0.0;0.0;0.0;0.0;0.0
6;0;0.0;0.0;0.0;0.3157894736842105;0.0;0.0;0.0;0.0;0.0
2;0;0.0;0.0;0.0;0.10526315789473684;0.0;0.0;0.0;0.0;0.0
1;0;0.2;0.0;0.0;0.05263157894736842;0.0;0.05988023952095809;0.0;0.0;0.0
0;0;0.0;0.0;0.0;0.0;0.0;0.0;0.0;0.0;0.0
0;0;0.2;0.0;0.0;0.0;0.0;0.05988023952095809;0.0;0.0;0.4
2;0;0.2;0.0;0.0;0.10526315789473684;0.0;0.05988023952095809;0.0;0.0;0.0
2;0;0.0;0.0;0.0;0.10526315789473684;0.0;0.0;0.0;0.0;0.0
8;0;0.0;0.0;0.0;0.42105263157894735;0.0;0.0;0.0;0.0;0.0
2;0;0.4;0.0;0.0;0.10526315789473684;0.0;0.11976047904191618;0.0;0.0;0.2
0;0;0.0;0.0;0.0;0.0;0.0;0.0;0.0;0.0;0.0
1;0;0.0;0.0;0.0;0.05263157894736842;0.0;0.0;0.0;0.0;0.0
0;0;0.2;0.0;0.0;0.0;0.0;0.05988023952095809;0.0;0.0;0.2
4;0;0.4;0.0;0.0;0.21052631578947367;0.0;0.11976047904191618;0.0;0.0;0.4
1;0;0.0;0.0;0.0;0.05263157894736842;0.0;0.0;0.0;0.0;0.0
0;0;0.2;0.0;0.0;0.0;0.0;0.05988023952095809;0.0;0.0;0.0
1;0;0.0;0.0;0.0;0.05263157894736842;0.0;0.0;0.0;0.0;0.0
2;0;0.0;0.0;0.0;0.10526315789473684;0.0;0.0;0.0;0.0;0.0
0;0;0.0;0.0;0.0;0.0;0.0;0.0;0.0;0.0;0.0
1;0;0.0;0.0;0.0;0.05263157894736842;0.0;0.0;0.0;0.0;0.0
0;0;0.2;0.0;0.0;0.0;0.0;0.05988023952095809;0.0;0.0;0.2
6;0;0.0;0.0;0.0;0.3157894736842105;0.0;0.0;0.0;0.0;0.2
2;0;0.0;0.0;0.0;0.10526315789473684;0.0;0.0;0.0;0.0;0.0
3;0;0.0;0.0;0.0;0.15789473684210525;0.0;0.0;0.0;0.0;0.0
1;0;0.2;0.0;0.0;0.05263157894736842;0.0;0.05988023952095809;0.0;0.0;0.2
1;0;0.0;0.0;0.0;0.05263157894736842;0.0;0.0;0.0;0.0;0.0
5;0;0.0;0.0;0.0;0.2631578947368421;0.0;0.0;0.0;0.0;0.2
4;0;0.2;0.0;0.0;0.21052631578947367;0.0;0.05988023952095809;0.0;0.0;0.0
0;0;0.2;0.0;0.0;0.0;0.0;0.05988023952095809;0.0;0.0;0.2
2;0;0.2;0.0;0.0;0.10526315789473684;0.0;0.05988023952095809;0.0;0.0;0.2
4;0;0.0;0.0;0.0;0.21052631578947367;0.0;0.0;0.0;0.0;0.0
1;0;0.0;0.0;0.0;0.05263157894736842;0.0;0.0;0.0;0.0;0.0
1;0;0.2;0.0;0.0;0.05263157894736842;0.0;0.05988023952095809;0.0;0.0;0.2
1;0;0.0;0.0;0.0;0.05263157894736842;0.0;0.0;0.0;0.0;0.2
0;0;0.2;0.0;0.0;0.0;0.0;0.05988023952095809;0.0;0.0;0.2
3;0;0.0;0.0;0.0;0.15789473684210525;0.0;0.0;0.0;0.0;0.0
1;0;0.2;0.0;0.0;0.05263157894736842;0.0;0.05988023952095809;0.0;0.0;0.0
2;0;0.0;0.0;0.0;0.10526315789473684;0.0;0.0;0.0;0.0;0.2
6;0;0.2;0.0;0.0;0.3157894736842105;0.0;0.05988023952095809;0.0;0.0;0.2
2;0;0.0;0.0;0.0;0.10526315789473684;0.0;0.0;0.0;0.0;0.0
2;0;0.0;0.0;0.0;0.10526315789473684;0.0;0.0;0.0;0.0;0.0
0;0;0.0;0.0;0.0;0.0;0.0;0.0;0.0;0.0;0.2
11;0;0.0;0.0;0.0;0.5789473684210527;0.0;0.0;0.0;0.0;0.0
1;0;0.0;0.0;0.0;0.05263157894736842;0.0;0.0;0.0;0.0;0.0
1;0;0.0;0.0;0.0;0.05263157894736842;0.0;0.0;0.0;0.0;0.0
0;0;0.2;0.0;0.0;0.0;0.0;0.05988023952095809;0.0;0.0;0.2
0;0;0.0;0.0;0.0;0.0;0.0;0.0;0.0;0.0;0.0
2;0;0.2;0.0;0.0;0.10526315789473684;0.0;0.05988023952095809;0.0;0.0;0.2
4;0;0.0;0.0;0.0;0.21052631578947367;0.0;0.0;0.0;0.0;0.0
1;0;0.0;0.0;0.0;0.05263157894736842;0.0;0.0;0.0;0.0;0.0
2;0;0.0;0.0;0.0;0.10526315789473684;0.0;0.0;0.0;0.0;0.0
9;0;0.0;0.0;0.0;0.47368421052631576;0.0;0.0;0.0;0.0;0.0
1;0;0.0;0.0;0.0;0.05263157894736842;0.0;0.0;0.0;0.0;0.0
0;0;0.2;0.0;0.0;0.0;0.0;0.05988023952095809;0.0;0.0;0.2
8;0;0.0;0.0;0.0;0.42105263157894735;0.0;0.0;0.0;0.0;0.0
0;0;0.2;0.0;0.0;0.0;0.0;0.05988023952095809;0.0;0.0;0.2
4;0;0.2;0.0;0.0;0.21052631578947367;0.0;0.05988023952095809;0.0;0.0;0.2
3;0;0.0;0.0;0.0;0.15789473684210525;0.0;0.0;0.0;0.0;0.0
2;0;0.0;0.0;0.0;0.10526315789473684;0.0;0.0;0.0;0.0;0.0
0;0;0.0;0.0;0.0;0.0;0.0;0.0;0.0;0.0;0.0
1;0;0.0;0.0;0.0;0.05263157894736842;0.0;0.0;0.0;0.0;0.0
3;0;0.0;0.0;0.0;0.15789473684210525;0.0;0.0;0.0;0.0;0.0
1;0;0.0;0.0;0.0;0.05263157894736842;0.0;0.0;0.0;0.0;0.2
2;0;0.0;0.0;0.0;0.10526315789473684;0.0;0.0;0.0;0.0;0.0
5;0;0.0;0.0;0.0;0.2631578947368421;0.0;0.0;0.0;0.0;0.0
3;0;0.2;0.0;0.0;0.15789473684210525;0.0;0.05988023952095809;0.0;0.0;0.2
5;0;0.2;0.0;0.0;0.2631578947368421;0.0;0.05988023952095809;0.0;0.0;0.2
0;0;0.2;0.0;0.0;0.0;0.0;0.05988023952095809;0.0;0.0;0.0
3;0;0.2;0.0;0.0;0.15789473684210525;0.0;0.05988023952095809;0.0;0.0;0.4
2;0;0.2;0.0;0.0;0.10526315789473684;0.0;0.05988023952095809;0.0;0.0;0.0
0;0;0.0;0.0;0.0;0.0;0.0;0.0;0.0;0.0;0.0
4;0;0.0;0.0;0.0;0.21052631578947367;0.0;0.0;0.0;0.0;0.0
2;0;0.0;0.0;0.0;0.10526315789473684;0.0;0.0;0.0;0.0;0.2
0;0;0.0;0.0;0.0;0.0;0.0;0.0;0.0;0.0;0.0
7;0;0.0;0.0;0.0;0.3684210526315789;0.0;0.0;0.0;0.0;0.0
0;0;0.0;0.0;0.0;0.0;0.0;0.0;0.0;0.0;0.0
1;0;0.0;0.0;0.0;0.05263157894736842;0.0;0.0;0.0;0.0;0.0
1;0;0.0;0.0;0.0;0.05263157894736842;0.0;0.0;0.0;0.0;0.0
4;0;0.0;0.0;0.0;0.21052631578947367;0.0;0.0;0.0;0.0;0.2
1;0;0.2;0.0;0.0;0.05263157894736842;0.0;0.05988023952095809;0.0;0.0;0.2
0;0;0.0;0.0;0.0;0.0;0.0;0.0;0.0;0.0;0.0
4;0;0.0;0.0;0.0;0.21052631578947367;0.0;0.0;0.0;0.0;0.2
2;0;0.0;0.0;0.0;0.10526315789473684;0.0;0.0;0.0;0.0;0.0
2;0;0.0;0.0;0.0;0.10526315789473684;0.0;0.0;0.0;0.0;0.0
2;0;0.2;0.0;0.0;0.10526315789473684;0.0;0.05988023952095809;0.0;0.0;0.2
0;0;0.0;0.0;0.0;0.0;0.0;0.0;0.0;0.0;0.0
1;0;0.0;0.0;0.0;0.05263157894736842;0.0;0.0;0.0;0.0;0.0
2;0;0.2;0.0;0.0;0.10526315789473684;0.0;0.05988023952095809;0.0;0.0;0.4
3;0;0.0;0.0;0.0;0.15789473684210525;0.0;0.0;0.0;0.0;0.0
1;0;0.2;0.0;0.0;0.05263157894736842;0.0;0.05988023952095809;0.0;0.0;0.0
5;0;0.0;0.0;0.0;0.2631578947368421;0.0;0.0;0.0;0.0;0.0
2;0;0.2;0.0;0.0;0.10526315789473684;0.0;0.05988023952095809;0.0;0.0;0.4
8;0;0.0;0.0;0.0;0.42105263157894735;0.0;0.0;0.0;0.0;0.2
0;0;3.34;0.0;0.0;0.0;0.0;1.0;0.0;0.0;1.77
2;0;0.2;0.0;0.0;0.10526315789473684;0.0;0.05988023952095809;0.0;0.0;0.2
2;0;0.2;0.0;0.0;0.10526315789473684;0.0;0.05988023952095809;0.0;0.0;0.2
1;0;0.2;0.0;0.0;0.05263157894736842;0.0;0.05988023952095809;0.0;0.0;0.0
1;0;0.0;0.0;0.0;0.05263157894736842;0.0;0.0;0.0;0.0;0.0
0;0;0.0;0.0;0.0;0.0;0.0;0.0;0.0;0.0;0.0
1;0;0.0;0.0;0.0;0.05263157894736842;0.0;0.0;0.0;0.0;0.0
0;0;0.2;0.0;0.0;0.0;0.0;0.05988023952095809;0.0;0.0;0.0
0;0;0.0;0.0;0.0;0.0;0.0;0.0;0.0;0.0;0.0
2;0;0.0;0.0;0.0;0.10526315789473684;0.0;0.0;0.0;0.0;0.0
7;0;0.4;0.0;0.0;0.3684210526315789;0.0;0.11976047904191618;0.0;0.0;0.2
3;0;0.0;0.0;0.0;0.15789473684210525;0.0;0.0;0.0;0.0;0.2
1;0;0.0;0.0;0.0;0.05263157894736842;0.0;0.0;0.0;0.0;0.0
3;0;0.0;0.0;0.0;0.15789473684210525;0.0;0.0;0.0;0.0;0.0
1;0;0.4;0.0;0.0;0.05263157894736842;0.0;0.11976047904191618;0.0;0.0;0.4
3;0;0.0;0.0;0.0;0.15789473684210525;0.0;0.0;0.0;0.0;0.2
2;0;0.0;0.0;0.0;0.10526315789473684;0.0;0.0;0.0;0.0;0.0
0;0;0.0;0.0;0.0;0.0;0.0;0.0;0.0;0.0;0.0
2;0;0.2;0.0;0.0;0.10526315789473684;0.0;0.05988023952095809;0.0;0.0;0.2
5;0;0.0;0.0;0.0;0.2631578947368421;0.0;0.0;0.0;0.0;0.0
1;0;0.2;0.0;0.0;0.05263157894736842;0.0;0.05988023952095809;0.0;0.0;0.0
5;0;0.0;0.0;0.0;0.2631578947368421;0.0;0.0;0.0;0.0;0.0
3;1;0.0;4.143978385008743e-06;0.0016129032258064516;0.15789473684210525;0.5;0.0;0.5;0.5;0.0
9;0;0.0;0.0;0.0;0.47368421052631576;0.0;0.0;0.0;0.0;0.0
1;0;1.17;0.0;0.0;0.05263157894736842;0.0;0.3502994011976048;0.0;0.0;0.6
0;0;0.0;0.0;0.0;0.0;0.0;0.0;0.0;0.0;0.0
0;0;0.0;0.0;0.0;0.0;0.0;0.0;0.0;0.0;0.0
3;0;0.0;0.0;0.0;0.15789473684210525;0.0;0.0;0.0;0.0;0.0
0;0;0.0;0.0;0.0;0.0;0.0;0.0;0.0;0.0;0.0
4;0;0.0;0.0;0.0;0.21052631578947367;0.0;0.0;0.0;0.0;0.2
1;0;0.0;0.0;0.0;0.05263157894736842;0.0;0.0;0.0;0.0;0.0
3;2;0.0;8.287956770017487e-06;0.0032258064516129032;0.15789473684210525;1.0;0.0;1.0;1.0;0.59
3;0;0.4;0.0;0.0;0.15789473684210525;0.0;0.11976047904191618;0.0;0.0;0.4
2;0;0.0;0.0;0.0;0.10526315789473684;0.0;0.0;0.0;0.0;0.0
0;0;0.0;0.0;0.0;0.0;0.0;0.0;0.0;0.0;0.0
5;0;0.2;0.0;0.0;0.2631578947368421;0.0;0.05988023952095809;0.0;0.0;0.0
2;0;0.2;0.0;0.0;0.10526315789473684;0.0;0.05988023952095809;0.0;0.0;0.2
4;0;0.0;0.0;0.0;0.21052631578947367;0.0;0.0;0.0;0.0;0.2
0;0;0.0;0.0;0.0;0.0;0.0;0.0;0.0;0.0;0.0
0;0;0.0;0.0;0.0;0.0;0.0;0.0;0.0;0.0;0.0
1;0;0.0;0.0;0.0;0.05263157894736842;0.0;0.0;0.0;0.0;0.0
3;0;0.0;0.0;0.0;0.15789473684210525;0.0;0.0;0.0;0.0;0.0
2;0;0.0;0.0;0.0;0.10526315789473684;0.0;0.0;0.0;0.0;0.0
2;0;0.0;0.0;0.0;0.10526315789473684;0.0;0.0;0.0;0.0;0.0
3;0;0.0;0.0;0.0;0.15789473684210525;0.0;0.0;0.0;0.0;0.0
0;0;0.0;0.0;0.0;0.0;0.0;0.0;0.0;0.0;0.0
1;0;0.0;0.0;0.0;0.05263157894736842;0.0;0.0;0.0;0.0;0.0
2;0;0.0;0.0;0.0;0.10526315789473684;0.0;0.0;0.0;0.0;0.0
0;0;0.4;0.0;0.0;0.0;0.0;0.11976047904191618;0.0;0.0;0.2
0;0;0.0;0.0;0.0;0.0;0.0;0.0;0.0;0.0;0.0
3;0;0.0;0.0;0.0;0.15789473684210525;0.0;0.0;0.0;0.0;0.2
2;0;0.0;0.0;0.0;0.10526315789473684;0.0;0.0;0.0;0.0;0.0
4;0;0.2;0.0;0.0;0.21052631578947367;0.0;0.05988023952095809;0.0;0.0;0.0
2;0;0.4;0.0;0.0;0.10526315789473684;0.0;0.11976047904191618;0.0;0.0;0.4
4;0;0.0;0.0;0.0;0.21052631578947367;0.0;0.0;0.0;0.0;0.0
0;0;0.2;0.0;0.0;0.0;0.0;0.05988023952095809;0.0;0.0;0.2
0;0;0.0;0.0;0.0;0.0;0.0;0.0;0.0;0.0;0.0
2;0;0.2;0.0;0.0;0.10526315789473684;0.0;0.05988023952095809;0.0;0.0;0.2
0;0;0.0;0.0;0.0;0.0;0.0;0.0;0.0;0.0;0.0
1;0;0.4;0.0;0.0;0.05263157894736842;0.0;0.11976047904191618;0.0;0.0;0.2
0;0;0.2;0.0;0.0;0.0;0.0;0.05988023952095809;0.0;0.0;0.2
1;0;0.0;0.0;0.0;0.05263157894736842;0.0;0.0;0.0;0.0;0.0
2;0;0.2;0.0;0.0;0.10526315789473684;0.0;0.05988023952095809;0.0;0.0;0.4
3;0;0.0;0.0;0.0;0.15789473684210525;0.0;0.0;0.0;0.0;0.2
2;0;0.0;0.0;0.0;0.10526315789473684;0.0;0.0;0.0;0.0;0.0
2;0;0.2;0.0;0.0;0.10526315789473684;0.0;0.05988023952095809;0.0;0.0;0.2
5;0;0.2;0.0;0.0;0.2631578947368421;0.0;0.05988023952095809;0.0;0.0;0.2
0;0;0.2;0.0;0.0;0.0;0.0;0.05988023952095809;0.0;0.0;0.4
0;0;0.0;0.0;0.0;0.0;0.0;0.0;0.0;0.0;0.2
2;0;0.0;0.0;0.0;0.10526315789473684;0.0;0.0;0.0;0.0;0.0
1;0;0.0;0.0;0.0;0.05263157894736842;0.0;0.0;0.0;0.0;0.2
0;0;0.0;0.0;0.0;0.0;0.0;0.0;0.0;0.0;0.0
0;0;0.2;0.0;0.0;0.0;0.0;0.05988023952095809;0.0;0.0;0.2
3;0;0.4;0.0;0.0;0.15789473684210525;0.0;0.11976047904191618;0.0;0.0;0.2
5;0;0.0;0.0;0.0;0.2631578947368421;0.0;0.0;0.0;0.0;0.0
0;0;0.0;0.0;0.0;0.0;0.0;0.0;0.0;0.0;0.0
0;0;0.0;0.0;0.0;0.0;0.0;0.0;0.0;0.0;0.0
1;0;0.0;0.0;0.0;0.05263157894736842;0.0;0.0;0.0;0.0;0.0
10;1;0.0;4.143978385008743e-06;0.0016129032258064516;0.5263157894736842;0.5;0.0;0.5;0.5;0.0
6;0;0.59;0.0;0.0;0.3157894736842105;0.0;0.17664670658682635;0.0;0.0;1.77
0;0;0.0;0.0;0.0;0.0;0.0;0.0;0.0;0.0;0.0
4;0;0.0;0.0;0.0;0.21052631578947367;0.0;0.0;0.0;0.0;0.0
1;0;0.0;0.0;0.0;0.05263157894736842;0.0;0.0;0.0;0.0;0.0
1;0;0.2;0.0;0.0;0.05263157894736842;0.0;0.05988023952095809;0.0;0.0;0.2
3;0;0.2;0.0;0.0;0.15789473684210525;0.0;0.05988023952095809;0.0;0.0;0.4
2;0;0.0;0.0;0.0;0.10526315789473684;0.0;0.0;0.0;0.0;0.2
0;0;0.0;0.0;0.0;0.0;0.0;0.0;0.0;0.0;0.0
4;0;0.0;0.0;0.0;0.21052631578947367;0.0;0.0;0.0;0.0;0.0
1;0;0.2;0.0;0.0;0.05263157894736842;0.0;0.05988023952095809;0.0;0.0;0.2
1;0;0.0;0.0;0.0;0.05263157894736842;0.0;0.0;0.0;0.0;0.0
0;0;0.2;0.0;0.0;0.0;0.0;0.05988023952095809;0.0;0.0;0.2
4;0;0.0;0.0;0.0;0.21052631578947367;0.0;0.0;0.0;0.0;0.0
8;0;0.0;0.0;0.0;0.42105263157894735;0.0;0.0;0.0;0.0;0.0
9;0;0.2;0.0;0.0;0.47368421052631576;0.0;0.05988023952095809;0.0;0.0;0.0
7;0;0.0;0.0;0.0;0.3684210526315789;0.0;0.0;0.0;0.0;0.0
2;0;0.0;0.0;0.0;0.10526315789473684;0.0;0.0;0.0;0.0;0.0
0;0;0.0;0.0;0.0;0.0;0.0;0.0;0.0;0.0;0.2
0;0;0.0;0.0;0.0;0.0;0.0;0.0;0.0;0.0;0.0
1;0;0.2;0.0;0.0;0.05263157894736842;0.0;0.05988023952095809;0.0;0.0;0.2
0;0;0.0;0.0;0.0;0.0;0.0;0.0;0.0;0.0;0.0
2;0;0.0;0.0;0.0;0.10526315789473684;0.0;0.0;0.0;0.0;0.0
1;0;0.0;0.0;0.0;0.05263157894736842;0.0;0.0;0.0;0.0;0.0
2;0;0.2;0.0;0.0;0.10526315789473684;0.0;0.05988023952095809;0.0;0.0;0.2
5;0;0.0;0.0;0.0;0.2631578947368421;0.0;0.0;0.0;0.0;0.0
6;0;0.0;0.0;0.0;0.3157894736842105;0.0;0.0;0.0;0.0;0.0
0;0;0.0;0.0;0.0;0.0;0.0;0.0;0.0;0.0;0.0
1;0;0.0;0.0;0.0;0.05263157894736842;0.0;0.0;0.0;0.0;0.0
0;0;0.2;0.0;0.0;0.0;0.0;0.05988023952095809;0.0;0.0;0.0
3;0;0.0;0.0;0.0;0.15789473684210525;0.0;0.0;0.0;0.0;0.0
3;0;0.2;0.0;0.0;0.15789473684210525;0.0;0.05988023952095809;0.0;0.0;0.0
0;0;0.2;0.0;0.0;0.0;0.0;0.05988023952095809;0.0;0.0;0.0
0;0;0.0;0.0;0.0;0.0;0.0;0.0;0.0;0.0;0.0
4;0;0.0;0.0;0.0;0.21052631578947367;0.0;0.0;0.0;0.0;0.0
6;0;0.0;0.0;0.0;0.3157894736842105;0.0;0.0;0.0;0.0;0.0
2;0;0.0;0.0;0.0;0.10526315789473684;0.0;0.0;0.0;0.0;0.0
3;1;0.6;4.143978385008743e-06;0.0016129032258064516;0.15789473684210525;0.5;0.17964071856287425;0.5;0.5;0.4
5;0;0.2;0.0;0.0;0.2631578947368421;0.0;0.05988023952095809;0.0;0.0;0.0
4;0;0.0;0.0;0.0;0.21052631578947367;0.0;0.0;0.0;0.0;0.0
4;0;0.0;0.0;0.0;0.21052631578947367;0.0;0.0;0.0;0.0;0.2
12;0;0.2;0.0;0.0;0.631578947368421;0.0;0.05988023952095809;0.0;0.0;0.2
0;0;0.0;0.0;0.0;0.0;0.0;0.0;0.0;0.0;0.0
2;0;0.0;0.0;0.0;0.10526315789473684;0.0;0.0;0.0;0.0;0.0
3;0;0.0;0.0;0.0;0.15789473684210525;0.0;0.0;0.0;0.0;0.0
0;0;0.2;0.0;0.0;0.0;0.0;0.05988023952095809;0.0;0.0;0.2
1;0;0.4;0.0;0.0;0.05263157894736842;0.0;0.11976047904191618;0.0;0.0;0.4
3;0;0.0;0.0;0.0;0.15789473684210525;0.0;0.0;0.0;0.0;0.0
2;0;0.0;0.0;0.0;0.10526315789473684;0.0;0.0;0.0;0.0;0.0
2;0;0.0;0.0;0.0;0.10526315789473684;0.0;0.0;0.0;0.0;0.0
1;0;0.0;0.0;0.0;0.05263157894736842;0.0;0.0;0.0;0.0;0.0
0;0;0.0;0.0;0.0;0.0;0.0;0.0;0.0;0.0;0.0
2;0;0.0;0.0;0.0;0.10526315789473684;0.0;0.0;0.0;0.0;0.0
2;0;0.0;0.0;0.0;0.10526315789473684;0.0;0.0;0.0;0.0;0.0
1;0;0.0;0.0;0.0;0.05263157894736842;0.0;0.0;0.0;0.0;0.0
12;0;0.0;0.0;0.0;0.631578947368421;0.0;0.0;0.0;0.0;0.2
2;0;0.0;0.0;0.0;0.10526315789473684;0.0;0.0;0.0;0.0;0.0
5;0;0.0;0.0;0.0;0.2631578947368421;0.0;0.0;0.0;0.0;0.0
1;0;0.2;0.0;0.0;0.05263157894736842;0.0;0.05988023952095809;0.0;0.0;0.2
4;0;0.0;0.0;0.0;0.21052631578947367;0.0;0.0;0.0;0.0;0.2
8;0;0.2;0.0;0.0;0.42105263157894735;0.0;0.05988023952095809;0.0;0.0;0.4
1;0;0.0;0.0;0.0;0.05263157894736842;0.0;0.0;0.0;0.0;0.2
0;0;0.2;0.0;0.0;0.0;0.0;0.05988023952095809;0.0;0.0;0.0
0;0;0.79;0.0;0.0;0.0;0.0;0.23652694610778446;0.0;0.0;0.6
1;0;0.2;0.0;0.0;0.05263157894736842;0.0;0.05988023952095809;0.0;0.0;0.2
1;0;0.0;0.0;0.0;0.05263157894736842;0.0;0.0;0.0;0.0;0.2
2;0;0.4;0.0;0.0;0.10526315789473684;0.0;0.11976047904191618;0.0;0.0;0.4
8;0;0.2;0.0;0.0;0.42105263157894735;0.0;0.05988023952095809;0.0;0.0;0.0
5;0;0.2;0.0;0.0;0.2631578947368421;0.0;0.05988023952095809;0.0;0.0;0.0
0;0;0.0;0.0;0.0;0.0;0.0;0.0;0.0;0.0;0.0
5;0;0.2;0.0;0.0;0.2631578947368421;0.0;0.05988023952095809;0.0;0.0;0.2
7;0;0.0;0.0;0.0;0.3684210526315789;0.0;0.0;0.0;0.0;0.0
3;0;0.0;0.0;0.0;0.15789473684210525;0.0;0.0;0.0;0.0;0.0
2;0;0.2;0.0;0.0;0.10526315789473684;0.0;0.05988023952095809;0.0;0.0;0.0
3;0;0.2;0.0;0.0;0.15789473684210525;0.0;0.05988023952095809;0.0;0.0;0.2
3;0;0.0;0.0;0.0;0.15789473684210525;0.0;0.0;0.0;0.0;0.0
3;0;0.0;0.0;0.0;0.15789473684210525;0.0;0.0;0.0;0.0;0.0
3;0;0.2;0.0;0.0;0.15789473684210525;0.0;0.05988023952095809;0.0;0.0;0.0
1;0;0.2;0.0;0.0;0.05263157894736842;0.0;0.05988023952095809;0.0;0.0;0.0
0;0;0.2;0.0;0.0;0.0;0.0;0.05988023952095809;0.0;0.0;0.2
1;0;0.0;0.0;0.0;0.05263157894736842;0.0;0.0;0.0;0.0;0.0
4;0;0.2;0.0;0.0;0.21052631578947367;0.0;0.05988023952095809;0.0;0.0;0.2
0;0;0.2;0.0;0.0;0.0;0.0;0.05988023952095809;0.0;0.0;0.2
4;0;0.0;0.0;0.0;0.21052631578947367;0.0;0.0;0.0;0.0;0.2
1;0;0.4;0.0;0.0;0.05263157894736842;0.0;0.11976047904191618;0.0;0.0;0.6
3;0;0.0;0.0;0.0;0.15789473684210525;0.0;0.0;0.0;0.0;0.2
3;0;0.0;0.0;0.0;0.15789473684210525;0.0;0.0;0.0;0.0;0.2
4;0;0.0;0.0;0.0;0.21052631578947367;0.0;0.0;0.0;0.0;0.0
10;0;0.0;0.0;0.0;0.5263157894736842;0.0;0.0;0.0;0.0;0.0
0;0;0.2;0.0;0.0;0.0;0.0;0.05988023952095809;0.0;0.0;0.0
4;0;0.0;0.0;0.0;0.21052631578947367;0.0;0.0;0.0;0.0;0.0
2;0;0.0;0.0;0.0;0.10526315789473684;0.0;0.0;0.0;0.0;0.0
4;0;0.0;0.0;0.0;0.21052631578947367;0.0;0.0;0.0;0.0;0.2
0;0;0.2;0.0;0.0;0.0;0.0;0.05988023952095809;0.0;0.0;0.0
0;0;0.0;0.0;0.0;0.0;0.0;0.0;0.0;0.0;0.2
1;0;0.2;0.0;0.0;0.05263157894736842;0.0;0.05988023952095809;0.0;0.0;0.0
2;0;0.4;0.0;0.0;0.10526315789473684;0.0;0.11976047904191618;0.0;0.0;0.2
1;0;0.0;0.0;0.0;0.05263157894736842;0.0;0.0;0.0;0.0;0.0
3;0;0.2;0.0;0.0;0.15789473684210525;0.0;0.05988023952095809;0.0;0.0;0.0
3;0;0.2;0.0;0.0;0.15789473684210525;0.0;0.05988023952095809;0.0;0.0;0.0
0;0;0.0;0.0;0.0;0.0;0.0;0.0;0.0;0.0;0.2
5;0;0.0;0.0;0.0;0.2631578947368421;0.0;0.0;0.0;0.0;0.0
0;0;0.0;0.0;0.0;0.0;0.0;0.0;0.0;0.0;0.2
2;0;0.2;0.0;0.0;0.10526315789473684;0.0;0.05988023952095809;0.0;0.0;0.2
1;0;0.2;0.0;0.0;0.05263157894736842;0.0;0.05988023952095809;0.0;0.0;0.0
7;0;0.0;0.0;0.0;0.3684210526315789;0.0;0.0;0.0;0.0;0.0
0;0;0.0;0.0;0.0;0.0;0.0;0.0;0.0;0.0;0.2
6;0;0.0;0.0;0.0;0.3157894736842105;0.0;0.0;0.0;0.0;0.0
1;0;0.0;0.0;0.0;0.05263157894736842;0.0;0.0;0.0;0.0;0.0
1;0;0.2;0.0;0.0;0.05263157894736842;0.0;0.05988023952095809;0.0;0.0;0.0
3;0;0.2;0.0;0.0;0.15789473684210525;0.0;0.05988023952095809;0.0;0.0;0.4
1;0;0.0;0.0;0.0;0.05263157894736842;0.0;0.0;0.0;0.0;0.0
2;0;0.0;0.0;0.0;0.10526315789473684;0.0;0.0;0.0;0.0;0.0
0;0;0.2;0.0;0.0;0.0;0.0;0.05988023952095809;0.0;0.0;0.4
7;0;0.0;0.0;0.0;0.3684210526315789;0.0;0.0;0.0;0.0;0.2
1;0;0.0;0.0;0.0;0.05263157894736842;0.0;0.0;0.0;0.0;0.0
1;0;0.2;0.0;0.0;0.05263157894736842;0.0;0.05988023952095809;0.0;0.0;0.2
0;0;0.0;0.0;0.0;0.0;0.0;0.0;0.0;0.0;0.2
1;0;0.0;0.0;0.0;0.05263157894736842;0.0;0.0;0.0;0.0;0.0
1;0;0.0;0.0;0.0;0.05263157894736842;0.0;0.0;0.0;0.0;0.0
9;0;0.0;0.0;0.0;0.47368421052631576;0.0;0.0;0.0;0.0;0.0
2;0;0.2;0.0;0.0;0.10526315789473684;0.0;0.05988023952095809;0.0;0.0;0.0
6;0;0.0;0.0;0.0;0.3157894736842105;0.0;0.0;0.0;0.0;0.0
1;0;0.0;0.0;0.0;0.05263157894736842;0.0;0.0;0.0;0.0;0.0
3;0;0.2;0.0;0.0;0.15789473684210525;0.0;0.05988023952095809;0.0;0.0;0.2
2;0;0.0;0.0;0.0;0.10526315789473684;0.0;0.0;0.0;0.0;0.2
5;0;0.0;0.0;0.0;0.2631578947368421;0.0;0.0;0.0;0.0;0.0
1;0;0.2;0.0;0.0;0.05263157894736842;0.0;0.05988023952095809;0.0;0.0;0.2
4;0;0.2;0.0;0.0;0.21052631578947367;0.0;0.05988023952095809;0.0;0.0;0.4
4;0;0.2;0.0;0.0;0.21052631578947367;0.0;0.05988023952095809;0.0;0.0;0.2
0;0;0.4;0.0;0.0;0.0;0.0;0.11976047904191618;0.0;0.0;0.2
3;0;0.0;0.0;0.0;0.15789473684210525;0.0;0.0;0.0;0.0;0.0
2;0;0.0;0.0;0.0;0.10526315789473684;0.0;0.0;0.0;0.0;0.0
2;0;0.4;0.0;0.0;0.10526315789473684;0.0;0.11976047904191618;0.0;0.0;0.2
2;0;0.0;0.0;0.0;0.10526315789473684;0.0;0.0;0.0;0.0;0.0
0;0;0.2;0.0;0.0;0.0;0.0;0.05988023952095809;0.0;0.0;0.2
1;0;0.2;0.0;0.0;0.05263157894736842;0.0;0.05988023952095809;0.0;0.0;0.2
2;0;0.4;0.0;0.0;0.10526315789473684;0.0;0.11976047904191618;0.0;0.0;0.2
3;0;0.0;0.0;0.0;0.15789473684210525;0.0;0.0;0.0;0.0;0.2
5;0;0.0;0.0;0.0;0.2631578947368421;0.0;0.0;0.0;0.0;0.2
2;0;0.0;0.0;0.0;0.10526315789473684;0.0;0.0;0.0;0.0;0.0
0;0;0.4;0.0;0.0;0.0;0.0;0.11976047904191618;0.0;0.0;0.4
3;0;0.0;0.0;0.0;0.15789473684210525;0.0;0.0;0.0;0.0;0.2
0;0;0.0;0.0;0.0;0.0;0.0;0.0;0.0;0.0;0.0
1;0;0.0;0.0;0.0;0.05263157894736842;0.0;0.0;0.0;0.0;0.0
1;0;0.2;0.0;0.0;0.05263157894736842;0.0;0.05988023952095809;0.0;0.0;0.0
3;0;0.2;0.0;0.0;0.15789473684210525;0.0;0.05988023952095809;0.0;0.0;0.0
1;0;0.2;0.0;0.0;0.05263157894736842;0.0;0.05988023952095809;0.0;0.0;0.4
0;0;0.0;0.0;0.0;0.0;0.0;0.0;0.0;0.0;0.2
0;0;0.2;0.0;0.0;0.0;0.0;0.05988023952095809;0.0;0.0;0.0
4;0;0.0;0.0;0.0;0.21052631578947367;0.0;0.0;0.0;0.0;0.0
0;0;0.2;0.0;0.0;0.0;0.0;0.05988023952095809;0.0;0.0;0.0
1;0;0.0;0.0;0.0;0.05263157894736842;0.0;0.0;0.0;0.0;0.0
0;0;0.4;0.0;0.0;0.0;0.0;0.11976047904191618;0.0;0.0;0.4
4;0;0.0;0.0;0.0;0.21052631578947367;0.0;0.0;0.0;0.0;0.0
2;0;0.2;0.0;0.0;0.10526315789473684;0.0;0.05988023952095809;0.0;0.0;0.2
1;0;0.0;0.0;0.0;0.05263157894736842;0.0;0.0;0.0;0.0;0.0
3;0;0.0;0.0;0.0;0.15789473684210525;0.0;0.0;0.0;0.0;0.0
1;0;0.0;0.0;0.0;0.05263157894736842;0.0;0.0;0.0;0.0;0.0
2;0;0.0;0.0;0.0;0.10526315789473684;0.0;0.0;0.0;0.0;0.2
1;0;0.2;0.0;0.0;0.05263157894736842;0.0;0.05988023952095809;0.0;0.0;0.2
0;0;0.0;0.0;0.0;0.0;0.0;0.0;0.0;0.0;0.0
3;0;0.0;0.0;0.0;0.15789473684210525;0.0;0.0;0.0;0.0;0.0
1;0;0.2;0.0;0.0;0.05263157894736842;0.0;0.05988023952095809;0.0;0.0;0.2
1;0;0.0;0.0;0.0;0.05263157894736842;0.0;0.0;0.0;0.0;0.2
0;0;0.0;0.0;0.0;0.0;0.0;0.0;0.0;0.0;0.0
4;0;0.0;0.0;0.0;0.21052631578947367;0.0;0.0;0.0;0.0;0.0
0;0;0.2;0.0;0.0;0.0;0.0;0.05988023952095809;0.0;0.0;0.0
2;0;0.2;0.0;0.0;0.10526315789473684;0.0;0.05988023952095809;0.0;0.0;0.2
1;0;0.2;0.0;0.0;0.05263157894736842;0.0;0.05988023952095809;0.0;0.0;0.0
2;0;0.2;0.0;0.0;0.10526315789473684;0.0;0.05988023952095809;0.0;0.0;0.0
6;0;0.0;0.0;0.0;0.3157894736842105;0.0;0.0;0.0;0.0;0.0
5;0;0.0;0.0;0.0;0.2631578947368421;0.0;0.0;0.0;0.0;0.0
4;0;0.0;0.0;0.0;0.21052631578947367;0.0;0.0;0.0;0.0;0.0
8;0;0.0;0.0;0.0;0.42105263157894735;0.0;0.0;0.0;0.0;0.0
1;0;0.0;0.0;0.0;0.05263157894736842;0.0;0.0;0.0;0.0;0.2
1;0;0.2;0.0;0.0;0.05263157894736842;0.0;0.05988023952095809;0.0;0.0;0.0
3;0;0.2;0.0;0.0;0.15789473684210525;0.0;0.05988023952095809;0.0;0.0;0.0
1;0;0.0;0.0;0.0;0.05263157894736842;0.0;0.0;0.0;0.0;0.0
3;0;0.0;0.0;0.0;0.15789473684210525;0.0;0.0;0.0;0.0;0.0
2;0;0.4;0.0;0.0;0.10526315789473684;0.0;0.11976047904191618;0.0;0.0;0.2
0;0;0.0;0.0;0.0;0.0;0.0;0.0;0.0;0.0;0.0
1;0;0.6;0.0;0.0;0.05263157894736842;0.0;0.17964071856287425;0.0;0.0;0.4
1;0;0.0;0.0;0.0;0.05263157894736842;0.0;0.0;0.0;0.0;0.0
3;0;0.0;0.0;0.0;0.15789473684210525;0.0;0.0;0.0;0.0;0.0
3;0;0.0;0.0;0.0;0.15789473684210525;0.0;0.0;0.0;0.0;0.2
2;1;0.0;4.143978385008743e-06;0.0016129032258064516;0.10526315789473684;0.5;0.0;0.5;0.5;0.0
0;0;0.0;0.0;0.0;0.0;0.0;0.0;0.0;0.0;0.0
0;0;0.2;0.0;0.0;0.0;0.0;0.05988023952095809;0.0;0.0;0.0
3;0;0.0;0.0;0.0;0.15789473684210525;0.0;0.0;0.0;0.0;0.0
2;0;0.0;0.0;0.0;0.10526315789473684;0.0;0.0;0.0;0.0;0.0
2;0;0.2;0.0;0.0;0.10526315789473684;0.0;0.05988023952095809;0.0;0.0;0.2
5;0;0.0;0.0;0.0;0.2631578947368421;0.0;0.0;0.0;0.0;0.0
2;0;0.0;0.0;0.0;0.10526315789473684;0.0;0.0;0.0;0.0;0.0
4;0;0.0;0.0;0.0;0.21052631578947367;0.0;0.0;0.0;0.0;0.0
0;0;0.2;0.0;0.0;0.0;0.0;0.05988023952095809;0.0;0.0;0.2
0;0;0.0;0.0;0.0;0.0;0.0;0.0;0.0;0.0;0.0
4;0;0.4;0.0;0.0;0.21052631578947367;0.0;0.11976047904191618;0.0;0.0;0.2
1;0;0.0;0.0;0.0;0.05263157894736842;0.0;0.0;0.0;0.0;0.0
1;0;0.2;0.0;0.0;0.05263157894736842;0.0;0.05988023952095809;0.0;0.0;0.0
0;0;0.0;0.0;0.0;0.0;0.0;0.0;0.0;0.0;0.2
3;0;0.4;0.0;0.0;0.15789473684210525;0.0;0.11976047904191618;0.0;0.0;0.2
2;0;0.2;0.0;0.0;0.10526315789473684;0.0;0.05988023952095809;0.0;0.0;0.0
1;0;0.0;0.0;0.0;0.05263157894736842;0.0;0.0;0.0;0.0;0.0
5;0;0.2;0.0;0.0;0.2631578947368421;0.0;0.05988023952095809;0.0;0.0;0.2
0;0;0.2;0.0;0.0;0.0;0.0;0.05988023952095809;0.0;0.0;0.2
0;0;0.2;0.0;0.0;0.0;0.0;0.05988023952095809;0.0;0.0;0.0
1;0;0.2;0.0;0.0;0.05263157894736842;0.0;0.05988023952095809;0.0;0.0;0.0
3;0;0.2;0.0;0.0;0.15789473684210525;0.0;0.05988023952095809;0.0;0.0;0.0
1;0;0.0;0.0;0.0;0.05263157894736842;0.0;0.0;0.0;0.0;0.0
5;0;0.0;0.0;0.0;0.2631578947368421;0.0;0.0;0.0;0.0;0.0
1;0;0.2;0.0;0.0;0.05263157894736842;0.0;0.05988023952095809;0.0;0.0;0.2
3;0;0.0;0.0;0.0;0.15789473684210525;0.0;0.0;0.0;0.0;0.0
2;0;0.0;0.0;0.0;0.10526315789473684;0.0;0.0;0.0;0.0;0.0
1;0;0.0;0.0;0.0;0.05263157894736842;0.0;0.0;0.0;0.0;0.0
0;0;0.0;0.0;0.0;0.0;0.0;0.0;0.0;0.0;0.2
0;0;0.0;0.0;0.0;0.0;0.0;0.0;0.0;0.0;0.0
9;0;0.0;0.0;0.0;0.47368421052631576;0.0;0.0;0.0;0.0;0.0
4;0;0.2;0.0;0.0;0.21052631578947367;0.0;0.05988023952095809;0.0;0.0;0.0
0;0;0.2;0.0;0.0;0.0;0.0;0.05988023952095809;0.0;0.0;0.0
1;0;0.0;0.0;0.0;0.05263157894736842;0.0;0.0;0.0;0.0;0.0
2;0;0.2;0.0;0.0;0.10526315789473684;0.0;0.05988023952095809;0.0;0.0;0.2
2;0;0.0;0.0;0.0;0.10526315789473684;0.0;0.0;0.0;0.0;0.0
2;0;0.0;0.0;0.0;0.10526315789473684;0.0;0.0;0.0;0.0;0.0
0;0;0.6;0.0;0.0;0.0;0.0;0.17964071856287425;0.0;0.0;0.4
2;0;0.2;0.0;0.0;0.10526315789473684;0.0;0.05988023952095809;0.0;0.0;0.2
4;0;0.0;0.0;0.0;0.21052631578947367;0.0;0.0;0.0;0.0;0.0
10;0;0.4;0.0;0.0;0.5263157894736842;0.0;0.11976047904191618;0.0;0.0;0.2
2;0;0.0;0.0;0.0;0.10526315789473684;0.0;0.0;0.0;0.0;0.0
4;0;0.0;0.0;0.0;0.21052631578947367;0.0;0.0;0.0;0.0;0.2
6;0;0.0;0.0;0.0;0.3157894736842105;0.0;0.0;0.0;0.0;0.0
4;0;0.0;0.0;0.0;0.21052631578947367;0.0;0.0;0.0;0.0;0.0
1;0;0.0;0.0;0.0;0.05263157894736842;0.0;0.0;0.0;0.0;0.2
2;0;0.2;0.0;0.0;0.10526315789473684;0.0;0.05988023952095809;0.0;0.0;0.0
0;0;0.2;0.0;0.0;0.0;0.0;0.05988023952095809;0.0;0.0;0.4
0;0;0.2;0.0;0.0;0.0;0.0;0.05988023952095809;0.0;0.0;0.2
1;0;0.2;0.0;0.0;0.05263157894736842;0.0;0.05988023952095809;0.0;0.0;0.2
0;0;0.0;0.0;0.0;0.0;0.0;0.0;0.0;0.0;0.0
0;0;0.0;0.0;0.0;0.0;0.0;0.0;0.0;0.0;0.0
4;0;0.0;0.0;0.0;0.21052631578947367;0.0;0.0;0.0;0.0;0.0
2;0;0.0;0.0;0.0;0.10526315789473684;0.0;0.0;0.0;0.0;0.0
2;0;0.0;0.0;0.0;0.10526315789473684;0.0;0.0;0.0;0.0;0.0
2;0;0.2;0.0;0.0;0.10526315789473684;0.0;0.05988023952095809;0.0;0.0;0.2
1;0;0.2;0.0;0.0;0.05263157894736842;0.0;0.05988023952095809;0.0;0.0;0.0
5;0;0.2;0.0;0.0;0.2631578947368421;0.0;0.05988023952095809;0.0;0.0;0.0
2;0;0.0;0.0;0.0;0.10526315789473684;0.0;0.0;0.0;0.0;0.0
1;0;0.0;0.0;0.0;0.05263157894736842;0.0;0.0;0.0;0.0;0.2
1;0;0.2;0.0;0.0;0.05263157894736842;0.0;0.05988023952095809;0.0;0.0;0.2
0;0;0.4;0.0;0.0;0.0;0.0;0.11976047904191618;0.0;0.0;0.2
3;0;0.0;0.0;0.0;0.15789473684210525;0.0;0.0;0.0;0.0;0.0
6;0;0.0;0.0;0.0;0.3157894736842105;0.0;0.0;0.0;0.0;0.0
0;0;0.2;0.0;0.0;0.0;0.0;0.05988023952095809;0.0;0.0;0.0
5;0;0.2;0.0;0.0;0.2631578947368421;0.0;0.05988023952095809;0.0;0.0;0.4
3;0;0.0;0.0;0.0;0.15789473684210525;0.0;0.0;0.0;0.0;0.0
0;0;0.4;0.0;0.0;0.0;0.0;0.11976047904191618;0.0;0.0;0.2
1;0;0.0;0.0;0.0;0.05263157894736842;0.0;0.0;0.0;0.0;0.2
4;0;0.2;0.0;0.0;0.21052631578947367;0.0;0.05988023952095809;0.0;0.0;0.4
4;0;0.0;0.0;0.0;0.21052631578947367;0.0;0.0;0.0;0.0;0.0
1;0;0.0;0.0;0.0;0.05263157894736842;0.0;0.0;0.0;0.0;0.2
3;0;0.0;0.0;0.0;0.15789473684210525;0.0;0.0;0.0;0.0;0.0
1;0;0.0;0.0;0.0;0.05263157894736842;0.0;0.0;0.0;0.0;0.2
2;0;0.2;0.0;0.0;0.10526315789473684;0.0;0.05988023952095809;0.0;0.0;0.2
2;0;0.0;0.0;0.0;0.10526315789473684;0.0;0.0;0.0;0.0;0.0
2;0;0.0;0.0;0.0;0.10526315789473684;0.0;0.0;0.0;0.0;0.0
4;0;0.2;0.0;0.0;0.21052631578947367;0.0;0.05988023952095809;0.0;0.0;0.2
3;0;0.4;0.0;0.0;0.15789473684210525;0.0;0.11976047904191618;0.0;0.0;0.2
3;0;0.2;0.0;0.0;0.15789473684210525;0.0;0.05988023952095809;0.0;0.0;0.4
1;0;0.0;0.0;0.0;0.05263157894736842;0.0;0.0;0.0;0.0;0.0
1;0;0.0;0.0;0.0;0.05263157894736842;0.0;0.0;0.0;0.0;0.0
0;0;0.2;0.0;0.0;0.0;0.0;0.05988023952095809;0.0;0.0;0.2
3;0;0.0;0.0;0.0;0.15789473684210525;0.0;0.0;0.0;0.0;0.0
2;0;0.0;0.0;0.0;0.10526315789473684;0.0;0.0;0.0;0.0;0.0
3;0;0.0;0.0;0.0;0.15789473684210525;0.0;0.0;0.0;0.0;0.2
0;0;0.2;0.0;0.0;0.0;0.0;0.05988023952095809;0.0;0.0;0.2
2;0;0.0;0.0;0.0;0.10526315789473684;0.0;0.0;0.0;0.0;0.2
1;0;0.2;0.0;0.0;0.05263157894736842;0.0;0.05988023952095809;0.0;0.0;0.0
3;0;0.2;0.0;0.0;0.15789473684210525;0.0;0.05988023952095809;0.0;0.0;0.2
0;0;0.0;0.0;0.0;0.0;0.0;0.0;0.0;0.0;0.2
1;0;0.0;0.0;0.0;0.05263157894736842;0.0;0.0;0.0;0.0;0.0
1;0;0.0;0.0;0.0;0.05263157894736842;0.0;0.0;0.0;0.0;0.0
2;0;0.0;0.0;0.0;0.10526315789473684;0.0;0.0;0.0;0.0;0.0
2;0;0.0;0.0;0.0;0.10526315789473684;0.0;0.0;0.0;0.0;0.0
1;0;0.2;0.0;0.0;0.05263157894736842;0.0;0.05988023952095809;0.0;0.0;0.2
1;0;0.0;0.0;0.0;0.05263157894736842;0.0;0.0;0.0;0.0;0.0
0;0;0.0;0.0;0.0;0.0;0.0;0.0;0.0;0.0;0.0
1;0;0.2;0.0;0.0;0.05263157894736842;0.0;0.05988023952095809;0.0;0.0;0.2
5;0;0.0;0.0;0.0;0.2631578947368421;0.0;0.0;0.0;0.0;0.2
2;0;0.0;0.0;0.0;0.10526315789473684;0.0;0.0;0.0;0.0;0.0
1;0;0.0;0.0;0.0;0.05263157894736842;0.0;0.0;0.0;0.0;0.2
0;0;0.0;0.0;0.0;0.0;0.0;0.0;0.0;0.0;0.0
0;0;0.4;0.0;0.0;0.0;0.0;0.11976047904191618;0.0;0.0;0.2
2;0;0.0;0.0;0.0;0.10526315789473684;0.0;0.0;0.0;0.0;0.0
3;0;0.0;0.0;0.0;0.15789473684210525;0.0;0.0;0.0;0.0;0.0
0;0;0.2;0.0;0.0;0.0;0.0;0.05988023952095809;0.0;0.0;0.0
2;0;0.0;0.0;0.0;0.10526315789473684;0.0;0.0;0.0;0.0;0.0
2;0;0.0;0.0;0.0;0.10526315789473684;0.0;0.0;0.0;0.0;0.0
3;1;0.0;4.143978385008743e-06;0.0016129032258064516;0.15789473684210525;0.5;0.0;0.5;0.5;0.0
2;0;0.0;0.0;0.0;0.10526315789473684;0.0;0.0;0.0;0.0;0.0
7;0;0.2;0.0;0.0;0.3684210526315789;0.0;0.05988023952095809;0.0;0.0;0.0
5;0;0.0;0.0;0.0;0.2631578947368421;0.0;0.0;0.0;0.0;0.0
2;0;0.0;0.0;0.0;0.10526315789473684;0.0;0.0;0.0;0.0;0.0
3;0;0.2;0.0;0.0;0.15789473684210525;0.0;0.05988023952095809;0.0;0.0;0.2
6;0;0.4;0.0;0.0;0.3157894736842105;0.0;0.11976047904191618;0.0;0.0;0.6
1;0;0.0;0.0;0.0;0.05263157894736842;0.0;0.0;0.0;0.0;0.2
1;0;0.0;0.0;0.0;0.05263157894736842;0.0;0.0;0.0;0.0;0.0
3;0;0.2;0.0;0.0;0.15789473684210525;0.0;0.05988023952095809;0.0;0.0;0.2
3;0;0.0;0.0;0.0;0.15789473684210525;0.0;0.0;0.0;0.0;0.0
0;0;0.0;0.0;0.0;0.0;0.0;0.0;0.0;0.0;0.0
1;0;0.0;0.0;0.0;0.05263157894736842;0.0;0.0;0.0;0.0;0.0
3;0;0.0;0.0;0.0;0.15789473684210525;0.0;0.0;0.0;0.0;0.0
3;0;0.0;0.0;0.0;0.15789473684210525;0.0;0.0;0.0;0.0;0.0
2;0;0.0;0.0;0.0;0.10526315789473684;0.0;0.0;0.0;0.0;0.0
1;0;0.0;0.0;0.0;0.05263157894736842;0.0;0.0;0.0;0.0;0.0
4;0;0.2;0.0;0.0;0.21052631578947367;0.0;0.05988023952095809;0.0;0.0;0.0
0;0;0.2;0.0;0.0;0.0;0.0;0.05988023952095809;0.0;0.0;0.0
0;0;0.2;0.0;0.0;0.0;0.0;0.05988023952095809;0.0;0.0;0.2
2;1;0.2;4.143978385008743e-06;0.0016129032258064516;0.10526315789473684;0.5;0.05988023952095809;0.5;0.5;0.2
0;0;0.2;0.0;0.0;0.0;0.0;0.05988023952095809;0.0;0.0;0.0
4;0;0.0;0.0;0.0;0.21052631578947367;0.0;0.0;0.0;0.0;0.0
1;0;0.0;0.0;0.0;0.05263157894736842;0.0;0.0;0.0;0.0;0.0
3;0;0.0;0.0;0.0;0.15789473684210525;0.0;0.0;0.0;0.0;0.2
3;0;0.0;0.0;0.0;0.15789473684210525;0.0;0.0;0.0;0.0;0.2
1;0;0.0;0.0;0.0;0.05263157894736842;0.0;0.0;0.0;0.0;0.2
0;0;0.6;0.0;0.0;0.0;0.0;0.17964071856287425;0.0;0.0;0.6
2;0;0.0;0.0;0.0;0.10526315789473684;0.0;0.0;0.0;0.0;0.0
9;0;0.0;0.0;0.0;0.47368421052631576;0.0;0.0;0.0;0.0;0.0
0;0;0.0;0.0;0.0;0.0;0.0;0.0;0.0;0.0;0.2
4;0;0.0;0.0;0.0;0.21052631578947367;0.0;0.0;0.0;0.0;0.0
0;0;0.2;0.0;0.0;0.0;0.0;0.05988023952095809;0.0;0.0;0.2
6;0;0.0;0.0;0.0;0.3157894736842105;0.0;0.0;0.0;0.0;0.0
3;0;0.0;0.0;0.0;0.15789473684210525;0.0;0.0;0.0;0.0;0.2
1;0;0.0;0.0;0.0;0.05263157894736842;0.0;0.0;0.0;0.0;0.0
3;0;0.0;0.0;0.0;0.15789473684210525;0.0;0.0;0.0;0.0;0.2
0;0;0.0;0.0;0.0;0.0;0.0;0.0;0.0;0.0;0.0
0;0;0.0;0.0;0.0;0.0;0.0;0.0;0.0;0.0;0.0
5;0;0.0;0.0;0.0;0.2631578947368421;0.0;0.0;0.0;0.0;1.18
14;0;0.2;0.0;0.0;0.7368421052631579;0.0;0.05988023952095809;0.0;0.0;0.0
4;0;0.0;0.0;0.0;0.21052631578947367;0.0;0.0;0.0;0.0;0.0
3;0;0.2;0.0;0.0;0.15789473684210525;0.0;0.05988023952095809;0.0;0.0;0.4
0;0;0.2;0.0;0.0;0.0;0.0;0.05988023952095809;0.0;0.0;0.2
0;0;0.2;0.0;0.0;0.0;0.0;0.05988023952095809;0.0;0.0;1.97
3;0;0.4;0.0;0.0;0.15789473684210525;0.0;0.11976047904191618;0.0;0.0;0.4
1;0;0.2;0.0;0.0;0.05263157894736842;0.0;0.05988023952095809;0.0;0.0;0.2
1;0;0.2;0.0;0.0;0.05263157894736842;0.0;0.05988023952095809;0.0;0.0;0.0
6;0;0.0;0.0;0.0;0.3157894736842105;0.0;0.0;0.0;0.0;0.0
3;0;0.0;0.0;0.0;0.15789473684210525;0.0;0.0;0.0;0.0;0.0
4;1;0.98;4.143978385008743e-06;0.0016129032258064516;0.21052631578947367;0.5;0.2934131736526946;0.5;0.5;0.79
1;0;0.0;0.0;0.0;0.05263157894736842;0.0;0.0;0.0;0.0;0.2
3;0;0.0;0.0;0.0;0.15789473684210525;0.0;0.0;0.0;0.0;0.0
0;0;0.2;0.0;0.0;0.0;0.0;0.05988023952095809;0.0;0.0;0.2
4;0;0.0;0.0;0.0;0.21052631578947367;0.0;0.0;0.0;0.0;0.0
0;0;0.0;0.0;0.0;0.0;0.0;0.0;0.0;0.0;0.0
3;0;0.0;0.0;0.0;0.15789473684210525;0.0;0.0;0.0;0.0;0.0
2;0;0.0;0.0;0.0;0.10526315789473684;0.0;0.0;0.0;0.0;0.0
2;0;0.2;0.0;0.0;0.10526315789473684;0.0;0.05988023952095809;0.0;0.0;0.2
1;0;0.0;0.0;0.0;0.05263157894736842;0.0;0.0;0.0;0.0;0.0
0;0;0.2;0.0;0.0;0.0;0.0;0.05988023952095809;0.0;0.0;0.4
1;0;0.2;0.0;0.0;0.05263157894736842;0.0;0.05988023952095809;0.0;0.0;0.0
0;0;0.0;0.0;0.0;0.0;0.0;0.0;0.0;0.0;0.0
1;0;0.0;0.0;0.0;0.05263157894736842;0.0;0.0;0.0;0.0;0.0
2;0;0.0;0.0;0.0;0.10526315789473684;0.0;0.0;0.0;0.0;0.0
7;0;0.0;0.0;0.0;0.3684210526315789;0.0;0.0;0.0;0.0;0.0
2;0;0.0;0.0;0.0;0.10526315789473684;0.0;0.0;0.0;0.0;0.0
1;0;0.0;0.0;0.0;0.05263157894736842;0.0;0.0;0.0;0.0;0.0
4;0;0.0;0.0;0.0;0.21052631578947367;0.0;0.0;0.0;0.0;0.0
3;0;0.0;0.0;0.0;0.15789473684210525;0.0;0.0;0.0;0.0;0.0
0;0;0.0;0.0;0.0;0.0;0.0;0.0;0.0;0.0;0.0
11;0;0.0;0.0;0.0;0.5789473684210527;0.0;0.0;0.0;0.0;0.0
5;0;0.2;0.0;0.0;0.2631578947368421;0.0;0.05988023952095809;0.0;0.0;0.2
2;0;0.0;0.0;0.0;0.10526315789473684;0.0;0.0;0.0;0.0;0.0
2;0;0.0;0.0;0.0;0.10526315789473684;0.0;0.0;0.0;0.0;0.0
5;0;0.0;0.0;0.0;0.2631578947368421;0.0;0.0;0.0;0.0;0.0
4;0;0.0;0.0;0.0;0.21052631578947367;0.0;0.0;0.0;0.0;0.0
3;0;0.0;0.0;0.0;0.15789473684210525;0.0;0.0;0.0;0.0;0.0
0;0;0.2;0.0;0.0;0.0;0.0;0.05988023952095809;0.0;0.0;0.0
3;0;0.2;0.0;0.0;0.15789473684210525;0.0;0.05988023952095809;0.0;0.0;0.2
4;0;0.4;0.0;0.0;0.21052631578947367;0.0;0.11976047904191618;0.0;0.0;0.2
0;0;0.0;0.0;0.0;0.0;0.0;0.0;0.0;0.0;0.0
2;0;0.2;0.0;0.0;0.10526315789473684;0.0;0.05988023952095809;0.0;0.0;0.2
2;0;0.2;0.0;0.0;0.10526315789473684;0.0;0.05988023952095809;0.0;0.0;0.0
2;0;0.2;0.0;0.0;0.10526315789473684;0.0;0.05988023952095809;0.0;0.0;0.0
5;0;0.0;0.0;0.0;0.2631578947368421;0.0;0.0;0.0;0.0;0.0
6;0;0.0;0.0;0.0;0.3157894736842105;0.0;0.0;0.0;0.0;0.0
1;0;0.0;0.0;0.0;0.05263157894736842;0.0;0.0;0.0;0.0;0.2
0;0;0.2;0.0;0.0;0.0;0.0;0.05988023952095809;0.0;0.0;0.2
2;0;0.2;0.0;0.0;0.10526315789473684;0.0;0.05988023952095809;0.0;0.0;0.2
0;0;0.2;0.0;0.0;0.0;0.0;0.05988023952095809;0.0;0.0;0.2
1;0;0.2;0.0;0.0;0.05263157894736842;0.0;0.05988023952095809;0.0;0.0;0.0
0;0;0.2;0.0;0.0;0.0;0.0;0.05988023952095809;0.0;0.0;0.0
1;0;0.2;0.0;0.0;0.05263157894736842;0.0;0.05988023952095809;0.0;0.0;0.2
1;0;0.2;0.0;0.0;0.05263157894736842;0.0;0.05988023952095809;0.0;0.0;0.0
2;0;0.0;0.0;0.0;0.10526315789473684;0.0;0.0;0.0;0.0;0.0
0;0;0.2;0.0;0.0;0.0;0.0;0.05988023952095809;0.0;0.0;0.4
4;0;0.0;0.0;0.0;0.21052631578947367;0.0;0.0;0.0;0.0;0.0
1;0;0.2;0.0;0.0;0.05263157894736842;0.0;0.05988023952095809;0.0;0.0;0.2
4;0;0.0;0.0;0.0;0.21052631578947367;0.0;0.0;0.0;0.0;0.0
3;0;0.0;0.0;0.0;0.15789473684210525;0.0;0.0;0.0;0.0;0.0
4;0;0.0;0.0;0.0;0.21052631578947367;0.0;0.0;0.0;0.0;0.0
4;0;0.0;0.0;0.0;0.21052631578947367;0.0;0.0;0.0;0.0;0.2
1;0;0.0;0.0;0.0;0.05263157894736842;0.0;0.0;0.0;0.0;0.0
1;0;0.0;0.0;0.0;0.05263157894736842;0.0;0.0;0.0;0.0;0.0
0;0;0.0;0.0;0.0;0.0;0.0;0.0;0.0;0.0;0.0
6;0;0.2;0.0;0.0;0.3157894736842105;0.0;0.05988023952095809;0.0;0.0;0.2
1;0;0.0;0.0;0.0;0.05263157894736842;0.0;0.0;0.0;0.0;0.2
4;0;0.0;0.0;0.0;0.21052631578947367;0.0;0.0;0.0;0.0;0.0
4;0;0.0;0.0;0.0;0.21052631578947367;0.0;0.0;0.0;0.0;0.0
1;0;0.2;0.0;0.0;0.05263157894736842;0.0;0.05988023952095809;0.0;0.0;0.0
3;0;0.0;0.0;0.0;0.15789473684210525;0.0;0.0;0.0;0.0;0.0
4;0;0.2;0.0;0.0;0.21052631578947367;0.0;0.05988023952095809;0.0;0.0;0.0
0;0;0.0;0.0;0.0;0.0;0.0;0.0;0.0;0.0;0.2
3;1;0.0;4.143978385008743e-06;0.0016129032258064516;0.15789473684210525;0.5;0.0;0.5;0.5;0.2
1;0;0.2;0.0;0.0;0.05263157894736842;0.0;0.05988023952095809;0.0;0.0;0.2
2;0;0.2;0.0;0.0;0.10526315789473684;0.0;0.05988023952095809;0.0;0.0;0.0
1;0;0.0;0.0;0.0;0.05263157894736842;0.0;0.0;0.0;0.0;0.0
5;0;0.2;0.0;0.0;0.2631578947368421;0.0;0.05988023952095809;0.0;0.0;0.0
0;0;0.2;0.0;0.0;0.0;0.0;0.05988023952095809;0.0;0.0;0.2
5;0;0.2;0.0;0.0;0.2631578947368421;0.0;0.05988023952095809;0.0;0.0;0.2
2;0;0.0;0.0;0.0;0.10526315789473684;0.0;0.0;0.0;0.0;0.2
0;0;0.2;0.0;0.0;0.0;0.0;0.05988023952095809;0.0;0.0;0.2
3;0;0.0;0.0;0.0;0.15789473684210525;0.0;0.0;0.0;0.0;0.0
0;0;0.0;0.0;0.0;0.0;0.0;0.0;0.0;0.0;0.0
2;0;0.0;0.0;0.0;0.10526315789473684;0.0;0.0;0.0;0.0;0.2
2;0;0.0;0.0;0.0;0.10526315789473684;0.0;0.0;0.0;0.0;0.0
5;0;0.2;0.0;0.0;0.2631578947368421;0.0;0.05988023952095809;0.0;0.0;0.4
1;0;0.0;0.0;0.0;0.05263157894736842;0.0;0.0;0.0;0.0;0.0
0;0;0.2;0.0;0.0;0.0;0.0;0.05988023952095809;0.0;0.0;0.0
3;0;0.2;0.0;0.0;0.15789473684210525;0.0;0.05988023952095809;0.0;0.0;0.0
3;0;0.0;0.0;0.0;0.15789473684210525;0.0;0.0;0.0;0.0;0.0
1;0;0.2;0.0;0.0;0.05263157894736842;0.0;0.05988023952095809;0.0;0.0;0.0
2;0;0.0;0.0;0.0;0.10526315789473684;0.0;0.0;0.0;0.0;0.0
0;0;0.0;0.0;0.0;0.0;0.0;0.0;0.0;0.0;0.0
2;0;0.4;0.0;0.0;0.10526315789473684;0.0;0.11976047904191618;0.0;0.0;0.2
1;0;0.2;0.0;0.0;0.05263157894736842;0.0;0.05988023952095809;0.0;0.0;0.2
3;0;0.0;0.0;0.0;0.15789473684210525;0.0;0.0;0.0;0.0;0.0
0;0;0.0;0.0;0.0;0.0;0.0;0.0;0.0;0.0;0.0
4;0;0.0;0.0;0.0;0.21052631578947367;0.0;0.0;0.0;0.0;0.0
1;0;0.0;0.0;0.0;0.05263157894736842;0.0;0.0;0.0;0.0;0.0
6;0;0.0;0.0;0.0;0.3157894736842105;0.0;0.0;0.0;0.0;0.0
0;0;0.0;0.0;0.0;0.0;0.0;0.0;0.0;0.0;0.2
0;0;0.2;0.0;0.0;0.0;0.0;0.05988023952095809;0.0;0.0;0.2
5;0;0.0;0.0;0.0;0.2631578947368421;0.0;0.0;0.0;0.0;0.0
2;0;0.2;0.0;0.0;0.10526315789473684;0.0;0.05988023952095809;0.0;0.0;0.2
2;0;0.2;0.0;0.0;0.10526315789473684;0.0;0.05988023952095809;0.0;0.0;0.0
1;0;0.0;0.0;0.0;0.05263157894736842;0.0;0.0;0.0;0.0;0.0
0;0;0.0;0.0;0.0;0.0;0.0;0.0;0.0;0.0;0.0
5;0;0.2;0.0;0.0;0.2631578947368421;0.0;0.05988023952095809;0.0;0.0;0.0
6;0;0.0;0.0;0.0;0.3157894736842105;0.0;0.0;0.0;0.0;0.0
0;0;0.0;0.0;0.0;0.0;0.0;0.0;0.0;0.0;0.0
4;0;0.2;0.0;0.0;0.21052631578947367;0.0;0.05988023952095809;0.0;0.0;0.0
0;0;0.2;0.0;0.0;0.0;0.0;0.05988023952095809;0.0;0.0;0.2
3;0;0.2;0.0;0.0;0.15789473684210525;0.0;0.05988023952095809;0.0;0.0;0.0
2;0;0.0;0.0;0.0;0.10526315789473684;0.0;0.0;0.0;0.0;0.0
3;0;0.0;0.0;0.0;0.15789473684210525;0.0;0.0;0.0;0.0;0.0
2;0;0.0;0.0;0.0;0.10526315789473684;0.0;0.0;0.0;0.0;0.0
5;0;0.0;0.0;0.0;0.2631578947368421;0.0;0.0;0.0;0.0;0.0
7;0;0.2;0.0;0.0;0.3684210526315789;0.0;0.05988023952095809;0.0;0.0;0.0
0;0;0.0;0.0;0.0;0.0;0.0;0.0;0.0;0.0;0.0
1;0;0.2;0.0;0.0;0.05263157894736842;0.0;0.05988023952095809;0.0;0.0;0.0
0;0;0.0;0.0;0.0;0.0;0.0;0.0;0.0;0.0;0.0
5;0;0.0;0.0;0.0;0.2631578947368421;0.0;0.0;0.0;0.0;0.0
1;0;0.0;0.0;0.0;0.05263157894736842;0.0;0.0;0.0;0.0;0.0
7;0;0.2;0.0;0.0;0.3684210526315789;0.0;0.05988023952095809;0.0;0.0;0.2
0;0;0.2;0.0;0.0;0.0;0.0;0.05988023952095809;0.0;0.0;0.4
2;0;0.0;0.0;0.0;0.10526315789473684;0.0;0.0;0.0;0.0;0.2
0;0;0.0;0.0;0.0;0.0;0.0;0.0;0.0;0.0;0.0
0;0;0.0;0.0;0.0;0.0;0.0;0.0;0.0;0.0;0.2
0;0;0.0;0.0;0.0;0.0;0.0;0.0;0.0;0.0;0.2
1;0;0.2;0.0;0.0;0.05263157894736842;0.0;0.05988023952095809;0.0;0.0;0.2
2;0;0.0;0.0;0.0;0.10526315789473684;0.0;0.0;0.0;0.0;0.0
3;0;0.0;0.0;0.0;0.15789473684210525;0.0;0.0;0.0;0.0;0.0
2;0;0.0;0.0;0.0;0.10526315789473684;0.0;0.0;0.0;0.0;0.0
0;0;0.0;0.0;0.0;0.0;0.0;0.0;0.0;0.0;0.0
4;0;0.0;0.0;0.0;0.21052631578947367;0.0;0.0;0.0;0.0;0.0
0;0;0.2;0.0;0.0;0.0;0.0;0.05988023952095809;0.0;0.0;0.2
1;0;0.0;0.0;0.0;0.05263157894736842;0.0;0.0;0.0;0.0;0.0
3;0;0.2;0.0;0.0;0.15789473684210525;0.0;0.05988023952095809;0.0;0.0;0.0
3;0;0.2;0.0;0.0;0.15789473684210525;0.0;0.05988023952095809;0.0;0.0;0.2
2;0;0.0;0.0;0.0;0.10526315789473684;0.0;0.0;0.0;0.0;0.0
1;0;0.0;0.0;0.0;0.05263157894736842;0.0;0.0;0.0;0.0;0.0
1;0;0.2;0.0;0.0;0.05263157894736842;0.0;0.05988023952095809;0.0;0.0;0.0
1;0;0.2;0.0;0.0;0.05263157894736842;0.0;0.05988023952095809;0.0;0.0;0.0
0;0;0.2;0.0;0.0;0.0;0.0;0.05988023952095809;0.0;0.0;0.2
3;0;0.0;0.0;0.0;0.15789473684210525;0.0;0.0;0.0;0.0;0.0
2;0;0.0;0.0;0.0;0.10526315789473684;0.0;0.0;0.0;0.0;0.0
1;1;1.77;4.143978385008743e-06;0.0016129032258064516;0.05263157894736842;0.5;0.5299401197604791;0.5;0.5;0.98
1;0;0.2;0.0;0.0;0.05263157894736842;0.0;0.05988023952095809;0.0;0.0;0.0
2;0;0.2;0.0;0.0;0.10526315789473684;0.0;0.05988023952095809;0.0;0.0;0.0
3;0;0.0;0.0;0.0;0.15789473684210525;0.0;0.0;0.0;0.0;0.0
1;0;0.4;0.0;0.0;0.05263157894736842;0.0;0.11976047904191618;0.0;0.0;0.6
2;0;0.0;0.0;0.0;0.10526315789473684;0.0;0.0;0.0;0.0;0.0
0;0;0.0;0.0;0.0;0.0;0.0;0.0;0.0;0.0;0.0
7;0;0.0;0.0;0.0;0.3684210526315789;0.0;0.0;0.0;0.0;0.0
0;0;0.0;0.0;0.0;0.0;0.0;0.0;0.0;0.0;0.0
2;0;0.0;0.0;0.0;0.10526315789473684;0.0;0.0;0.0;0.0;0.0
1;0;0.0;0.0;0.0;0.05263157894736842;0.0;0.0;0.0;0.0;0.0
2;0;0.0;0.0;0.0;0.10526315789473684;0.0;0.0;0.0;0.0;0.0
5;0;0.2;0.0;0.0;0.2631578947368421;0.0;0.05988023952095809;0.0;0.0;0.2
0;0;0.0;0.0;0.0;0.0;0.0;0.0;0.0;0.0;0.0
1;0;0.0;0.0;0.0;0.05263157894736842;0.0;0.0;0.0;0.0;0.2
0;0;0.0;0.0;0.0;0.0;0.0;0.0;0.0;0.0;0.0
3;0;0.0;0.0;0.0;0.15789473684210525;0.0;0.0;0.0;0.0;0.0
2;0;0.0;0.0;0.0;0.10526315789473684;0.0;0.0;0.0;0.0;0.0
0;0;0.0;0.0;0.0;0.0;0.0;0.0;0.0;0.0;0.2
1;0;0.0;0.0;0.0;0.05263157894736842;0.0;0.0;0.0;0.0;0.2
0;0;0.2;0.0;0.0;0.0;0.0;0.05988023952095809;0.0;0.0;0.0
1;0;0.0;0.0;0.0;0.05263157894736842;0.0;0.0;0.0;0.0;0.0
1;0;0.4;0.0;0.0;0.05263157894736842;0.0;0.11976047904191618;0.0;0.0;0.2
0;0;0.0;0.0;0.0;0.0;0.0;0.0;0.0;0.0;0.0
0;0;0.0;0.0;0.0;0.0;0.0;0.0;0.0;0.0;0.0
2;0;0.0;0.0;0.0;0.10526315789473684;0.0;0.0;0.0;0.0;0.0
4;0;0.0;0.0;0.0;0.21052631578947367;0.0;0.0;0.0;0.0;0.0
1;0;0.0;0.0;0.0;0.05263157894736842;0.0;0.0;0.0;0.0;0.0
2;0;0.2;0.0;0.0;0.10526315789473684;0.0;0.05988023952095809;0.0;0.0;0.0
1;0;0.4;0.0;0.0;0.05263157894736842;0.0;0.11976047904191618;0.0;0.0;0.2
1;0;0.0;0.0;0.0;0.05263157894736842;0.0;0.0;0.0;0.0;0.0
1;0;0.0;0.0;0.0;0.05263157894736842;0.0;0.0;0.0;0.0;0.0
3;0;0.2;0.0;0.0;0.15789473684210525;0.0;0.05988023952095809;0.0;0.0;0.2
5;0;0.4;0.0;0.0;0.2631578947368421;0.0;0.11976047904191618;0.0;0.0;0.4
3;0;0.0;0.0;0.0;0.15789473684210525;0.0;0.0;0.0;0.0;0.0
5;0;0.0;0.0;0.0;0.2631578947368421;0.0;0.0;0.0;0.0;0.0
3;0;0.0;0.0;0.0;0.15789473684210525;0.0;0.0;0.0;0.0;0.2
3;1;0.4;4.143978385008743e-06;0.0016129032258064516;0.15789473684210525;0.5;0.11976047904191618;0.5;0.5;0.4
1;0;0.0;0.0;0.0;0.05263157894736842;0.0;0.0;0.0;0.0;0.0
1;0;0.0;0.0;0.0;0.05263157894736842;0.0;0.0;0.0;0.0;0.0
2;0;0.0;0.0;0.0;0.10526315789473684;0.0;0.0;0.0;0.0;0.0
1;0;0.2;0.0;0.0;0.05263157894736842;0.0;0.05988023952095809;0.0;0.0;0.2
1;0;0.0;0.0;0.0;0.05263157894736842;0.0;0.0;0.0;0.0;0.2
2;0;0.2;0.0;0.0;0.10526315789473684;0.0;0.05988023952095809;0.0;0.0;0.4
1;0;0.2;0.0;0.0;0.05263157894736842;0.0;0.05988023952095809;0.0;0.0;0.2
0;0;0.0;0.0;0.0;0.0;0.0;0.0;0.0;0.0;0.0
0;0;0.4;0.0;0.0;0.0;0.0;0.11976047904191618;0.0;0.0;0.6
4;0;0.0;0.0;0.0;0.21052631578947367;0.0;0.0;0.0;0.0;0.0
3;0;0.6;0.0;0.0;0.15789473684210525;0.0;0.17964071856287425;0.0;0.0;0.4
1;0;0.0;0.0;0.0;0.05263157894736842;0.0;0.0;0.0;0.0;0.0
0;0;0.2;0.0;0.0;0.0;0.0;0.05988023952095809;0.0;0.0;0.0
0;0;0.2;0.0;0.0;0.0;0.0;0.05988023952095809;0.0;0.0;0.2
4;0;0.0;0.0;0.0;0.21052631578947367;0.0;0.0;0.0;0.0;0.0
1;0;0.0;0.0;0.0;0.05263157894736842;0.0;0.0;0.0;0.0;0.0
0;0;0.2;0.0;0.0;0.0;0.0;0.05988023952095809;0.0;0.0;0.0
2;0;0.0;0.0;0.0;0.10526315789473684;0.0;0.0;0.0;0.0;0.0
0;0;0.0;0.0;0.0;0.0;0.0;0.0;0.0;0.0;0.0
3;0;0.0;0.0;0.0;0.15789473684210525;0.0;0.0;0.0;0.0;0.0
0;0;0.0;0.0;0.0;0.0;0.0;0.0;0.0;0.0;0.2
0;0;0.0;0.0;0.0;0.0;0.0;0.0;0.0;0.0;0.0
0;0;0.0;0.0;0.0;0.0;0.0;0.0;0.0;0.0;0.0
1;0;0.2;0.0;0.0;0.05263157894736842;0.0;0.05988023952095809;0.0;0.0;0.0
1;0;0.0;0.0;0.0;0.05263157894736842;0.0;0.0;0.0;0.0;0.0
1;0;0.0;0.0;0.0;0.05263157894736842;0.0;0.0;0.0;0.0;0.0
1;0;0.0;0.0;0.0;0.05263157894736842;0.0;0.0;0.0;0.0;0.0
0;0;0.2;0.0;0.0;0.0;0.0;0.05988023952095809;0.0;0.0;0.0
2;0;0.0;0.0;0.0;0.10526315789473684;0.0;0.0;0.0;0.0;0.0
3;0;0.0;0.0;0.0;0.15789473684210525;0.0;0.0;0.0;0.0;0.0
2;0;0.0;0.0;0.0;0.10526315789473684;0.0;0.0;0.0;0.0;0.0
0;0;0.0;0.0;0.0;0.0;0.0;0.0;0.0;0.0;0.2
4;0;0.0;0.0;0.0;0.21052631578947367;0.0;0.0;0.0;0.0;0.0
0;0;0.0;0.0;0.0;0.0;0.0;0.0;0.0;0.0;0.0
3;0;0.2;0.0;0.0;0.15789473684210525;0.0;0.05988023952095809;0.0;0.0;0.0
0;0;0.0;0.0;0.0;0.0;0.0;0.0;0.0;0.0;0.0
2;0;0.4;0.0;0.0;0.10526315789473684;0.0;0.11976047904191618;0.0;0.0;0.2
1;0;0.0;0.0;0.0;0.05263157894736842;0.0;0.0;0.0;0.0;0.0
3;0;0.0;0.0;0.0;0.15789473684210525;0.0;0.0;0.0;0.0;0.0
0;0;0.0;0.0;0.0;0.0;0.0;0.0;0.0;0.0;0.0
1;0;0.0;0.0;0.0;0.05263157894736842;0.0;0.0;0.0;0.0;0.0
3;0;0.4;0.0;0.0;0.15789473684210525;0.0;0.11976047904191618;0.0;0.0;0.2
1;0;0.2;0.0;0.0;0.05263157894736842;0.0;0.05988023952095809;0.0;0.0;0.2
2;0;0.0;0.0;0.0;0.10526315789473684;0.0;0.0;0.0;0.0;0.2
4;0;0.0;0.0;0.0;0.21052631578947367;0.0;0.0;0.0;0.0;0.0
6;0;0.2;0.0;0.0;0.3157894736842105;0.0;0.05988023952095809;0.0;0.0;0.2
4;1;0.6;4.143978385008743e-06;0.0016129032258064516;0.21052631578947367;0.5;0.17964071856287425;0.5;0.5;0.79
0;0;0.0;0.0;0.0;0.0;0.0;0.0;0.0;0.0;0.0
10;0;0.2;0.0;0.0;0.5263157894736842;0.0;0.05988023952095809;0.0;0.0;0.2
2;0;0.2;0.0;0.0;0.10526315789473684;0.0;0.05988023952095809;0.0;0.0;0.4
0;0;0.0;0.0;0.0;0.0;0.0;0.0;0.0;0.0;0.0
1;0;0.0;0.0;0.0;0.05263157894736842;0.0;0.0;0.0;0.0;0.2
4;0;0.2;0.0;0.0;0.21052631578947367;0.0;0.05988023952095809;0.0;0.0;0.4
2;0;0.2;0.0;0.0;0.10526315789473684;0.0;0.05988023952095809;0.0;0.0;0.0
3;0;0.0;0.0;0.0;0.15789473684210525;0.0;0.0;0.0;0.0;0.0
0;0;0.0;0.0;0.0;0.0;0.0;0.0;0.0;0.0;0.0
2;0;0.0;0.0;0.0;0.10526315789473684;0.0;0.0;0.0;0.0;0.2
1;0;0.2;0.0;0.0;0.05263157894736842;0.0;0.05988023952095809;0.0;0.0;0.0
6;0;0.0;0.0;0.0;0.3157894736842105;0.0;0.0;0.0;0.0;0.0
0;0;0.4;0.0;0.0;0.0;0.0;0.11976047904191618;0.0;0.0;0.2
4;0;0.0;0.0;0.0;0.21052631578947367;0.0;0.0;0.0;0.0;0.0
1;0;0.2;0.0;0.0;0.05263157894736842;0.0;0.05988023952095809;0.0;0.0;0.0
0;0;0.0;0.0;0.0;0.0;0.0;0.0;0.0;0.0;0.0
4;0;0.0;0.0;0.0;0.21052631578947367;0.0;0.0;0.0;0.0;0.0
0;0;0.0;0.0;0.0;0.0;0.0;0.0;0.0;0.0;0.0
0;0;0.2;0.0;0.0;0.0;0.0;0.05988023952095809;0.0;0.0;0.2
4;0;0.2;0.0;0.0;0.21052631578947367;0.0;0.05988023952095809;0.0;0.0;0.2
7;0;0.4;0.0;0.0;0.3684210526315789;0.0;0.11976047904191618;0.0;0.0;0.2
4;0;0.0;0.0;0.0;0.21052631578947367;0.0;0.0;0.0;0.0;0.0
3;0;0.0;0.0;0.0;0.15789473684210525;0.0;0.0;0.0;0.0;0.2
2;0;0.0;0.0;0.0;0.10526315789473684;0.0;0.0;0.0;0.0;0.2
6;0;0.2;0.0;0.0;0.3157894736842105;0.0;0.05988023952095809;0.0;0.0;0.0
1;0;0.0;0.0;0.0;0.05263157894736842;0.0;0.0;0.0;0.0;0.2
4;0;0.0;0.0;0.0;0.21052631578947367;0.0;0.0;0.0;0.0;0.0
0;0;0.0;0.0;0.0;0.0;0.0;0.0;0.0;0.0;0.0
5;0;0.0;0.0;0.0;0.2631578947368421;0.0;0.0;0.0;0.0;0.0
2;0;0.2;0.0;0.0;0.10526315789473684;0.0;0.05988023952095809;0.0;0.0;0.0
3;0;0.0;0.0;0.0;0.15789473684210525;0.0;0.0;0.0;0.0;0.0
5;0;0.4;0.0;0.0;0.2631578947368421;0.0;0.11976047904191618;0.0;0.0;0.6
3;0;0.0;0.0;0.0;0.15789473684210525;0.0;0.0;0.0;0.0;0.0
4;0;0.2;0.0;0.0;0.21052631578947367;0.0;0.05988023952095809;0.0;0.0;0.2
2;0;0.0;0.0;0.0;0.10526315789473684;0.0;0.0;0.0;0.0;0.0
2;0;0.2;0.0;0.0;0.10526315789473684;0.0;0.05988023952095809;0.0;0.0;0.2
2;0;0.0;0.0;0.0;0.10526315789473684;0.0;0.0;0.0;0.0;0.0
3;0;0.2;0.0;0.0;0.15789473684210525;0.0;0.05988023952095809;0.0;0.0;0.2
2;0;0.0;0.0;0.0;0.10526315789473684;0.0;0.0;0.0;0.0;0.0
0;0;0.0;0.0;0.0;0.0;0.0;0.0;0.0;0.0;0.2
2;0;0.0;0.0;0.0;0.10526315789473684;0.0;0.0;0.0;0.0;0.0
0;0;0.0;0.0;0.0;0.0;0.0;0.0;0.0;0.0;0.0
9;0;0.0;0.0;0.0;0.47368421052631576;0.0;0.0;0.0;0.0;0.2
0;0;0.0;0.0;0.0;0.0;0.0;0.0;0.0;0.0;0.0
4;0;0.0;0.0;0.0;0.21052631578947367;0.0;0.0;0.0;0.0;0.0
3;0;0.0;0.0;0.0;0.15789473684210525;0.0;0.0;0.0;0.0;0.0
4;0;0.2;0.0;0.0;0.21052631578947367;0.0;0.05988023952095809;0.0;0.0;0.0
4;0;0.0;0.0;0.0;0.21052631578947367;0.0;0.0;0.0;0.0;0.0
4;0;0.0;0.0;0.0;0.21052631578947367;0.0;0.0;0.0;0.0;0.2
5;0;0.2;0.0;0.0;0.2631578947368421;0.0;0.05988023952095809;0.0;0.0;0.2
0;0;0.2;0.0;0.0;0.0;0.0;0.05988023952095809;0.0;0.0;0.4
0;0;0.2;0.0;0.0;0.0;0.0;0.05988023952095809;0.0;0.0;0.2
0;0;1.77;0.0;0.0;0.0;0.0;0.5299401197604791;0.0;0.0;0.79
2;0;0.2;0.0;0.0;0.10526315789473684;0.0;0.05988023952095809;0.0;0.0;0.2
3;0;0.0;0.0;0.0;0.15789473684210525;0.0;0.0;0.0;0.0;0.0
3;0;0.0;0.0;0.0;0.15789473684210525;0.0;0.0;0.0;0.0;0.0
3;0;0.0;0.0;0.0;0.15789473684210525;0.0;0.0;0.0;0.0;0.2
2;0;0.0;0.0;0.0;0.10526315789473684;0.0;0.0;0.0;0.0;0.0
