tweets;related;rainfall (mm/30min);precision;recall;Normalized tweets;Normalized related;Normalized rainfall (mm/30min);Normalized precision;Normalized recall;Next batch rainfall (mm/30min)
3;0;0.0;0.0;0.0;0.05357142857142857;0.0;0.0;0.0;0.0;0.0
12;0;0.0;0.0;0.0;0.21428571428571427;0.0;0.0;0.0;0.0;0.0
13;0;0.0;0.0;0.0;0.23214285714285715;0.0;0.0;0.0;0.0;0.0
12;0;0.0;0.0;0.0;0.21428571428571427;0.0;0.0;0.0;0.0;0.0
0;0;0.0;0.0;0.0;0.0;0.0;0.0;0.0;0.0;0.0
6;0;0.0;0.0;0.0;0.10714285714285714;0.0;0.0;0.0;0.0;0.0
4;0;0.0;0.0;0.0;0.07142857142857142;0.0;0.0;0.0;0.0;0.0
7;0;0.0;0.0;0.0;0.125;0.0;0.0;0.0;0.0;0.0
6;0;0.0;0.0;0.0;0.10714285714285714;0.0;0.0;0.0;0.0;0.0
7;0;0.0;0.0;0.0;0.125;0.0;0.0;0.0;0.0;0.0
3;0;0.0;0.0;0.0;0.05357142857142857;0.0;0.0;0.0;0.0;0.0
12;0;0.0;0.0;0.0;0.21428571428571427;0.0;0.0;0.0;0.0;0.0
8;0;0.0;0.0;0.0;0.14285714285714285;0.0;0.0;0.0;0.0;0.0
3;0;0.0;0.0;0.0;0.05357142857142857;0.0;0.0;0.0;0.0;0.0
2;0;0.0;0.0;0.0;0.03571428571428571;0.0;0.0;0.0;0.0;0.0
3;0;0.0;0.0;0.0;0.05357142857142857;0.0;0.0;0.0;0.0;0.0
0;0;0.2;0.0;0.0;0.0;0.0;0.007399186089530152;0.0;0.0;0.0
2;0;0.0;0.0;0.0;0.03571428571428571;0.0;0.0;0.0;0.0;0.0
3;0;0.0;0.0;0.0;0.05357142857142857;0.0;0.0;0.0;0.0;0.0
0;0;0.2;0.0;0.0;0.0;0.0;0.007399186089530152;0.0;0.0;0.0
2;0;0.0;0.0;0.0;0.03571428571428571;0.0;0.0;0.0;0.0;0.0
1;0;0.0;0.0;0.0;0.017857142857142856;0.0;0.0;0.0;0.0;0.0
1;0;0.0;0.0;0.0;0.017857142857142856;0.0;0.0;0.0;0.0;0.0
1;0;0.0;0.0;0.0;0.017857142857142856;0.0;0.0;0.0;0.0;0.0
2;0;0.0;0.0;0.0;0.03571428571428571;0.0;0.0;0.0;0.0;0.0
21;0;0.0;0.0;0.0;0.375;0.0;0.0;0.0;0.0;0.0
21;0;0.0;0.0;0.0;0.375;0.0;0.0;0.0;0.0;0.0
22;0;0.0;0.0;0.0;0.39285714285714285;0.0;0.0;0.0;0.0;0.0
0;0;0.0;0.0;0.0;0.0;0.0;0.0;0.0;0.0;0.0
18;0;0.0;0.0;0.0;0.32142857142857145;0.0;0.0;0.0;0.0;0.0
1;0;0.0;0.0;0.0;0.017857142857142856;0.0;0.0;0.0;0.0;0.0
2;0;0.0;0.0;0.0;0.03571428571428571;0.0;0.0;0.0;0.0;0.0
5;0;4.13;0.0;0.0;0.08928571428571429;0.0;0.15279319274879763;0.0;0.0;1.77
6;0;0.0;0.0;0.0;0.10714285714285714;0.0;0.0;0.0;0.0;0.0
2;0;0.0;0.0;0.0;0.03571428571428571;0.0;0.0;0.0;0.0;0.0
2;0;0.0;0.0;0.0;0.03571428571428571;0.0;0.0;0.0;0.0;0.0
2;0;0.0;0.0;0.0;0.03571428571428571;0.0;0.0;0.0;0.0;0.0
5;1;0.0;4.143978385008743e-06;0.0016129032258064516;0.08928571428571429;0.5;0.0;0.5;0.5;0.0
10;0;0.0;0.0;0.0;0.17857142857142858;0.0;0.0;0.0;0.0;0.0
0;0;0.4;0.0;0.0;0.0;0.0;0.014798372179060304;0.0;0.0;0.0
10;0;0.0;0.0;0.0;0.17857142857142858;0.0;0.0;0.0;0.0;0.0
1;0;0.0;0.0;0.0;0.017857142857142856;0.0;0.0;0.0;0.0;0.4
11;0;0.0;0.0;0.0;0.19642857142857142;0.0;0.0;0.0;0.0;0.0
9;0;0.0;0.0;0.0;0.16071428571428573;0.0;0.0;0.0;0.0;0.0
6;0;0.2;0.0;0.0;0.10714285714285714;0.0;0.007399186089530152;0.0;0.0;0.59
0;0;0.0;0.0;0.0;0.0;0.0;0.0;0.0;0.0;0.0
1;0;0.4;0.0;0.0;0.017857142857142856;0.0;0.014798372179060304;0.0;0.0;1.37
9;0;1.18;0.0;0.0;0.16071428571428573;0.0;0.04365519792822789;0.0;0.0;0.0
6;0;0.0;0.0;0.0;0.10714285714285714;0.0;0.0;0.0;0.0;0.0
2;0;0.0;0.0;0.0;0.03571428571428571;0.0;0.0;0.0;0.0;0.0
5;0;0.0;0.0;0.0;0.08928571428571429;0.0;0.0;0.0;0.0;0.0
0;0;0.0;0.0;0.0;0.0;0.0;0.0;0.0;0.0;0.0
8;0;0.0;0.0;0.0;0.14285714285714285;0.0;0.0;0.0;0.0;0.0
6;0;1.38;0.0;0.0;0.10714285714285714;0.0;0.05105438401775804;0.0;0.0;0.39
3;0;1.77;0.0;0.0;0.05357142857142857;0.0;0.06548279689234184;0.0;0.0;2.35
14;0;0.0;0.0;0.0;0.25;0.0;0.0;0.0;0.0;0.0
14;0;0.0;0.0;0.0;0.25;0.0;0.0;0.0;0.0;0.0
4;0;4.92;0.0;0.0;0.07142857142857142;0.0;0.18201997780244172;0.0;0.0;0.0
5;0;0.0;0.0;0.0;0.08928571428571429;0.0;0.0;0.0;0.0;0.0
1;0;0.0;0.0;0.0;0.017857142857142856;0.0;0.0;0.0;0.0;0.2
5;0;0.0;0.0;0.0;0.08928571428571429;0.0;0.0;0.0;0.0;0.0
0;0;0.0;0.0;0.0;0.0;0.0;0.0;0.0;0.0;0.0
7;0;0.0;0.0;0.0;0.125;0.0;0.0;0.0;0.0;0.0
3;0;0.0;0.0;0.0;0.05357142857142857;0.0;0.0;0.0;0.0;0.0
11;0;0.0;0.0;0.0;0.19642857142857142;0.0;0.0;0.0;0.0;0.0
5;0;0.0;0.0;0.0;0.08928571428571429;0.0;0.0;0.0;0.0;0.0
0;0;9.64;0.0;0.0;0.0;0.0;0.35664076951535334;0.0;0.0;3.54
5;0;0.0;0.0;0.0;0.08928571428571429;0.0;0.0;0.0;0.0;0.4
0;0;0.0;0.0;0.0;0.0;0.0;0.0;0.0;0.0;0.0
0;0;0.0;0.0;0.0;0.0;0.0;0.0;0.0;0.0;0.0
0;0;0.0;0.0;0.0;0.0;0.0;0.0;0.0;0.0;0.0
5;0;0.0;0.0;0.0;0.08928571428571429;0.0;0.0;0.0;0.0;0.0
5;0;0.0;0.0;0.0;0.08928571428571429;0.0;0.0;0.0;0.0;0.0
9;0;0.0;0.0;0.0;0.16071428571428573;0.0;0.0;0.0;0.0;0.0
2;0;0.0;0.0;0.0;0.03571428571428571;0.0;0.0;0.0;0.0;0.0
3;0;0.0;0.0;0.0;0.05357142857142857;0.0;0.0;0.0;0.0;0.0
0;0;0.4;0.0;0.0;0.0;0.0;0.014798372179060304;0.0;0.0;0.0
21;0;0.0;0.0;0.0;0.375;0.0;0.0;0.0;0.0;0.0
10;0;0.0;0.0;0.0;0.17857142857142858;0.0;0.0;0.0;0.0;0.0
1;0;0.0;0.0;0.0;0.017857142857142856;0.0;0.0;0.0;0.0;0.0
0;0;0.0;0.0;0.0;0.0;0.0;0.0;0.0;0.0;0.0
8;0;0.0;0.0;0.0;0.14285714285714285;0.0;0.0;0.0;0.0;0.0
2;0;0.0;0.0;0.0;0.03571428571428571;0.0;0.0;0.0;0.0;0.0
0;0;0.0;0.0;0.0;0.0;0.0;0.0;0.0;0.0;0.0
12;0;0.0;0.0;0.0;0.21428571428571427;0.0;0.0;0.0;0.0;0.0
10;0;0.0;0.0;0.0;0.17857142857142858;0.0;0.0;0.0;0.0;0.0
10;0;0.0;0.0;0.0;0.17857142857142858;0.0;0.0;0.0;0.0;0.0
1;0;0.0;0.0;0.0;0.017857142857142856;0.0;0.0;0.0;0.0;0.0
0;0;0.0;0.0;0.0;0.0;0.0;0.0;0.0;0.0;0.0
3;0;0.0;0.0;0.0;0.05357142857142857;0.0;0.0;0.0;0.0;0.0
18;1;0.0;4.143978385008743e-06;0.0016129032258064516;0.32142857142857145;0.5;0.0;0.5;0.5;0.2
4;0;0.2;0.0;0.0;0.07142857142857142;0.0;0.007399186089530152;0.0;0.0;0.0
17;1;0.0;4.143978385008743e-06;0.0016129032258064516;0.30357142857142855;0.5;0.0;0.5;0.5;0.2
6;0;0.0;0.0;0.0;0.10714285714285714;0.0;0.0;0.0;0.0;0.0
4;0;0.0;0.0;0.0;0.07142857142857142;0.0;0.0;0.0;0.0;0.0
6;0;0.0;0.0;0.0;0.10714285714285714;0.0;0.0;0.0;0.0;0.0
3;0;0.0;0.0;0.0;0.05357142857142857;0.0;0.0;0.0;0.0;0.0
0;0;0.0;0.0;0.0;0.0;0.0;0.0;0.0;0.0;0.0
13;0;0.0;0.0;0.0;0.23214285714285715;0.0;0.0;0.0;0.0;0.0
10;0;0.0;0.0;0.0;0.17857142857142858;0.0;0.0;0.0;0.0;0.0
1;0;0.0;0.0;0.0;0.017857142857142856;0.0;0.0;0.0;0.0;0.0
9;0;0.0;0.0;0.0;0.16071428571428573;0.0;0.0;0.0;0.0;0.0
6;0;0.0;0.0;0.0;0.10714285714285714;0.0;0.0;0.0;0.0;0.0
7;0;0.0;0.0;0.0;0.125;0.0;0.0;0.0;0.0;0.0
1;0;0.0;0.0;0.0;0.017857142857142856;0.0;0.0;0.0;0.0;0.0
5;0;0.0;0.0;0.0;0.08928571428571429;0.0;0.0;0.0;0.0;0.0
7;0;0.0;0.0;0.0;0.125;0.0;0.0;0.0;0.0;0.0
0;0;0.0;0.0;0.0;0.0;0.0;0.0;0.0;0.0;0.0
7;0;0.0;0.0;0.0;0.125;0.0;0.0;0.0;0.0;0.0
4;0;0.0;0.0;0.0;0.07142857142857142;0.0;0.0;0.0;0.0;0.0
14;0;0.0;0.0;0.0;0.25;0.0;0.0;0.0;0.0;0.0
7;0;0.0;0.0;0.0;0.125;0.0;0.0;0.0;0.0;0.0
3;0;0.0;0.0;0.0;0.05357142857142857;0.0;0.0;0.0;0.0;0.0
19;0;0.0;0.0;0.0;0.3392857142857143;0.0;0.0;0.0;0.0;0.0
0;0;0.0;0.0;0.0;0.0;0.0;0.0;0.0;0.0;0.0
0;0;0.0;0.0;0.0;0.0;0.0;0.0;0.0;0.0;0.0
4;0;0.0;0.0;0.0;0.07142857142857142;0.0;0.0;0.0;0.0;0.0
0;0;2.35;0.0;0.0;0.0;0.0;0.08694043655197928;0.0;0.0;1.19
2;0;0.0;0.0;0.0;0.03571428571428571;0.0;0.0;0.0;0.0;0.0
27;0;0.0;0.0;0.0;0.48214285714285715;0.0;0.0;0.0;0.0;0.0
8;0;0.0;0.0;0.0;0.14285714285714285;0.0;0.0;0.0;0.0;0.0
2;0;0.0;0.0;0.0;0.03571428571428571;0.0;0.0;0.0;0.0;0.0
2;0;0.0;0.0;0.0;0.03571428571428571;0.0;0.0;0.0;0.0;0.0
3;0;0.0;0.0;0.0;0.05357142857142857;0.0;0.0;0.0;0.0;0.0
3;0;0.0;0.0;0.0;0.05357142857142857;0.0;0.0;0.0;0.0;0.0
4;0;0.0;0.0;0.0;0.07142857142857142;0.0;0.0;0.0;0.0;0.0
13;0;0.0;0.0;0.0;0.23214285714285715;0.0;0.0;0.0;0.0;0.0
15;0;0.0;0.0;0.0;0.26785714285714285;0.0;0.0;0.0;0.0;0.0
4;0;0.0;0.0;0.0;0.07142857142857142;0.0;0.0;0.0;0.0;0.0
3;0;0.0;0.0;0.0;0.05357142857142857;0.0;0.0;0.0;0.0;0.0
3;0;0.0;0.0;0.0;0.05357142857142857;0.0;0.0;0.0;0.0;0.0
0;0;0.0;0.0;0.0;0.0;0.0;0.0;0.0;0.0;0.0
2;0;0.0;0.0;0.0;0.03571428571428571;0.0;0.0;0.0;0.0;0.0
0;0;0.0;0.0;0.0;0.0;0.0;0.0;0.0;0.0;0.0
7;0;0.0;0.0;0.0;0.125;0.0;0.0;0.0;0.0;0.0
0;0;0.0;0.0;0.0;0.0;0.0;0.0;0.0;0.0;0.0
0;0;0.0;0.0;0.0;0.0;0.0;0.0;0.0;0.0;0.0
4;0;0.0;0.0;0.0;0.07142857142857142;0.0;0.0;0.0;0.0;0.0
2;0;0.0;0.0;0.0;0.03571428571428571;0.0;0.0;0.0;0.0;0.0
2;0;0.0;0.0;0.0;0.03571428571428571;0.0;0.0;0.0;0.0;0.0
7;0;0.0;0.0;0.0;0.125;0.0;0.0;0.0;0.0;0.0
0;0;0.0;0.0;0.0;0.0;0.0;0.0;0.0;0.0;0.0
11;0;0.0;0.0;0.0;0.19642857142857142;0.0;0.0;0.0;0.0;0.0
8;0;0.0;0.0;0.0;0.14285714285714285;0.0;0.0;0.0;0.0;0.0
8;0;0.0;0.0;0.0;0.14285714285714285;0.0;0.0;0.0;0.0;0.0
1;0;0.0;0.0;0.0;0.017857142857142856;0.0;0.0;0.0;0.0;0.0
7;0;0.0;0.0;0.0;0.125;0.0;0.0;0.0;0.0;0.0
0;0;0.99;0.0;0.0;0.0;0.0;0.03662597114317425;0.0;0.0;0.4
2;0;0.0;0.0;0.0;0.03571428571428571;0.0;0.0;0.0;0.0;0.0
7;0;0.0;0.0;0.0;0.125;0.0;0.0;0.0;0.0;0.0
23;0;0.0;0.0;0.0;0.4107142857142857;0.0;0.0;0.0;0.0;0.0
7;0;0.0;0.0;0.0;0.125;0.0;0.0;0.0;0.0;0.0
21;0;0.0;0.0;0.0;0.375;0.0;0.0;0.0;0.0;0.0
12;0;0.0;0.0;0.0;0.21428571428571427;0.0;0.0;0.0;0.0;0.0
1;0;0.0;0.0;0.0;0.017857142857142856;0.0;0.0;0.0;0.0;0.0
31;0;0.0;0.0;0.0;0.5535714285714286;0.0;0.0;0.0;0.0;0.0
1;0;0.0;0.0;0.0;0.017857142857142856;0.0;0.0;0.0;0.0;0.0
0;0;0.0;0.0;0.0;0.0;0.0;0.0;0.0;0.0;0.0
6;0;0.0;0.0;0.0;0.10714285714285714;0.0;0.0;0.0;0.0;0.0
9;0;0.0;0.0;0.0;0.16071428571428573;0.0;0.0;0.0;0.0;0.0
3;0;0.0;0.0;0.0;0.05357142857142857;0.0;0.0;0.0;0.0;0.0
3;0;0.0;0.0;0.0;0.05357142857142857;0.0;0.0;0.0;0.0;0.0
2;0;0.0;0.0;0.0;0.03571428571428571;0.0;0.0;0.0;0.0;0.0
0;0;0.0;0.0;0.0;0.0;0.0;0.0;0.0;0.0;0.0
5;0;0.0;0.0;0.0;0.08928571428571429;0.0;0.0;0.0;0.0;0.0
3;0;0.0;0.0;0.0;0.05357142857142857;0.0;0.0;0.0;0.0;0.0
34;0;0.0;0.0;0.0;0.6071428571428571;0.0;0.0;0.0;0.0;0.0
18;0;0.0;0.0;0.0;0.32142857142857145;0.0;0.0;0.0;0.0;0.0
7;0;0.0;0.0;0.0;0.125;0.0;0.0;0.0;0.0;0.0
5;0;0.0;0.0;0.0;0.08928571428571429;0.0;0.0;0.0;0.0;0.0
6;0;0.0;0.0;0.0;0.10714285714285714;0.0;0.0;0.0;0.0;0.0
11;0;0.0;0.0;0.0;0.19642857142857142;0.0;0.0;0.0;0.0;0.0
6;0;0.0;0.0;0.0;0.10714285714285714;0.0;0.0;0.0;0.0;0.0
1;0;0.0;0.0;0.0;0.017857142857142856;0.0;0.0;0.0;0.0;0.0
7;0;0.0;0.0;0.0;0.125;0.0;0.0;0.0;0.0;0.2
1;0;0.0;0.0;0.0;0.017857142857142856;0.0;0.0;0.0;0.0;0.0
3;0;0.0;0.0;0.0;0.05357142857142857;0.0;0.0;0.0;0.0;0.0
0;0;2.95;0.0;0.0;0.0;0.0;0.10913799482056974;0.0;0.0;2.56
8;0;0.0;0.0;0.0;0.14285714285714285;0.0;0.0;0.0;0.0;0.0
7;0;0.0;0.0;0.0;0.125;0.0;0.0;0.0;0.0;0.0
0;0;0.0;0.0;0.0;0.0;0.0;0.0;0.0;0.0;0.0
4;0;0.0;0.0;0.0;0.07142857142857142;0.0;0.0;0.0;0.0;0.0
3;0;0.0;0.0;0.0;0.05357142857142857;0.0;0.0;0.0;0.0;0.0
4;0;0.0;0.0;0.0;0.07142857142857142;0.0;0.0;0.0;0.0;0.0
17;0;0.0;0.0;0.0;0.30357142857142855;0.0;0.0;0.0;0.0;0.0
6;0;0.0;0.0;0.0;0.10714285714285714;0.0;0.0;0.0;0.0;0.0
16;0;0.0;0.0;0.0;0.2857142857142857;0.0;0.0;0.0;0.0;0.0
6;0;0.2;0.0;0.0;0.10714285714285714;0.0;0.007399186089530152;0.0;0.0;0.2
16;0;0.0;0.0;0.0;0.2857142857142857;0.0;0.0;0.0;0.0;0.0
6;0;0.79;0.0;0.0;0.10714285714285714;0.0;0.029226785053644098;0.0;0.0;4.13
0;0;0.0;0.0;0.0;0.0;0.0;0.0;0.0;0.0;0.0
6;0;0.0;0.0;0.0;0.10714285714285714;0.0;0.0;0.0;0.0;0.0
3;0;0.0;0.0;0.0;0.05357142857142857;0.0;0.0;0.0;0.0;0.0
9;0;0.0;0.0;0.0;0.16071428571428573;0.0;0.0;0.0;0.0;0.0
32;0;0.0;0.0;0.0;0.5714285714285714;0.0;0.0;0.0;0.0;0.0
4;0;0.0;0.0;0.0;0.07142857142857142;0.0;0.0;0.0;0.0;0.0
5;0;0.0;0.0;0.0;0.08928571428571429;0.0;0.0;0.0;0.0;0.0
4;0;0.2;0.0;0.0;0.07142857142857142;0.0;0.007399186089530152;0.0;0.0;0.2
16;0;0.39;0.0;0.0;0.2857142857142857;0.0;0.014428412874583796;0.0;0.0;0.2
1;0;0.0;0.0;0.0;0.017857142857142856;0.0;0.0;0.0;0.0;0.0
7;0;0.0;0.0;0.0;0.125;0.0;0.0;0.0;0.0;0.0
6;0;0.0;0.0;0.0;0.10714285714285714;0.0;0.0;0.0;0.0;0.0
0;0;0.0;0.0;0.0;0.0;0.0;0.0;0.0;0.0;0.0
7;0;0.0;0.0;0.0;0.125;0.0;0.0;0.0;0.0;0.0
4;0;0.0;0.0;0.0;0.07142857142857142;0.0;0.0;0.0;0.0;0.0
0;0;0.0;0.0;0.0;0.0;0.0;0.0;0.0;0.0;0.0
8;0;0.0;0.0;0.0;0.14285714285714285;0.0;0.0;0.0;0.0;0.0
3;0;0.0;0.0;0.0;0.05357142857142857;0.0;0.0;0.0;0.0;0.0
6;0;0.0;0.0;0.0;0.10714285714285714;0.0;0.0;0.0;0.0;0.0
4;0;0.0;0.0;0.0;0.07142857142857142;0.0;0.0;0.0;0.0;0.0
9;0;0.2;0.0;0.0;0.16071428571428573;0.0;0.007399186089530152;0.0;0.0;1.18
3;0;0.0;0.0;0.0;0.05357142857142857;0.0;0.0;0.0;0.0;0.0
3;0;0.0;0.0;0.0;0.05357142857142857;0.0;0.0;0.0;0.0;0.0
3;0;0.0;0.0;0.0;0.05357142857142857;0.0;0.0;0.0;0.0;0.0
4;0;0.0;0.0;0.0;0.07142857142857142;0.0;0.0;0.0;0.0;0.0
1;0;0.0;0.0;0.0;0.017857142857142856;0.0;0.0;0.0;0.0;0.0
4;0;0.0;0.0;0.0;0.07142857142857142;0.0;0.0;0.0;0.0;0.0
13;0;0.0;0.0;0.0;0.23214285714285715;0.0;0.0;0.0;0.0;0.0
0;0;0.0;0.0;0.0;0.0;0.0;0.0;0.0;0.0;0.0
0;0;0.0;0.0;0.0;0.0;0.0;0.0;0.0;0.0;0.0
13;0;0.0;0.0;0.0;0.23214285714285715;0.0;0.0;0.0;0.0;0.0
0;0;0.0;0.0;0.0;0.0;0.0;0.0;0.0;0.0;0.0
17;2;0.0;8.287956770017487e-06;0.0032258064516129032;0.30357142857142855;1.0;0.0;1.0;1.0;3.14
5;0;0.0;0.0;0.0;0.08928571428571429;0.0;0.0;0.0;0.0;0.0
8;0;0.0;0.0;0.0;0.14285714285714285;0.0;0.0;0.0;0.0;0.0
3;0;0.0;0.0;0.0;0.05357142857142857;0.0;0.0;0.0;0.0;0.0
8;0;0.0;0.0;0.0;0.14285714285714285;0.0;0.0;0.0;0.0;0.0
1;0;0.0;0.0;0.0;0.017857142857142856;0.0;0.0;0.0;0.0;0.0
14;0;0.79;0.0;0.0;0.25;0.0;0.029226785053644098;0.0;0.0;1.77
6;0;0.0;0.0;0.0;0.10714285714285714;0.0;0.0;0.0;0.0;0.0
1;0;0.0;0.0;0.0;0.017857142857142856;0.0;0.0;0.0;0.0;0.0
8;0;0.2;0.0;0.0;0.14285714285714285;0.0;0.007399186089530152;0.0;0.0;1.37
16;0;0.0;0.0;0.0;0.2857142857142857;0.0;0.0;0.0;0.0;0.0
1;0;0.0;0.0;0.0;0.017857142857142856;0.0;0.0;0.0;0.0;0.0
0;0;0.0;0.0;0.0;0.0;0.0;0.0;0.0;0.0;0.0
7;0;0.0;0.0;0.0;0.125;0.0;0.0;0.0;0.0;0.0
0;0;0.2;0.0;0.0;0.0;0.0;0.007399186089530152;0.0;0.0;0.0
3;0;0.0;0.0;0.0;0.05357142857142857;0.0;0.0;0.0;0.0;0.0
0;0;0.0;0.0;0.0;0.0;0.0;0.0;0.0;0.0;0.0
0;0;0.0;0.0;0.0;0.0;0.0;0.0;0.0;0.0;0.0
14;0;0.0;0.0;0.0;0.25;0.0;0.0;0.0;0.0;0.0
7;0;0.0;0.0;0.0;0.125;0.0;0.0;0.0;0.0;0.0
10;0;0.0;0.0;0.0;0.17857142857142858;0.0;0.0;0.0;0.0;0.0
11;0;0.0;0.0;0.0;0.19642857142857142;0.0;0.0;0.0;0.0;0.0
0;0;0.0;0.0;0.0;0.0;0.0;0.0;0.0;0.0;0.0
4;0;0.0;0.0;0.0;0.07142857142857142;0.0;0.0;0.0;0.0;0.0
14;0;0.0;0.0;0.0;0.25;0.0;0.0;0.0;0.0;0.0
3;0;0.0;0.0;0.0;0.05357142857142857;0.0;0.0;0.0;0.0;0.0
4;0;0.0;0.0;0.0;0.07142857142857142;0.0;0.0;0.0;0.0;0.0
9;0;0.0;0.0;0.0;0.16071428571428573;0.0;0.0;0.0;0.0;0.0
21;0;0.4;0.0;0.0;0.375;0.0;0.014798372179060304;0.0;0.0;0.2
15;0;0.0;0.0;0.0;0.26785714285714285;0.0;0.0;0.0;0.0;0.0
0;0;0.0;0.0;0.0;0.0;0.0;0.0;0.0;0.0;0.0
0;0;0.79;0.0;0.0;0.0;0.0;0.029226785053644098;0.0;0.0;0.59
6;0;0.0;0.0;0.0;0.10714285714285714;0.0;0.0;0.0;0.0;0.0
5;0;0.0;0.0;0.0;0.08928571428571429;0.0;0.0;0.0;0.0;0.0
10;0;0.0;0.0;0.0;0.17857142857142858;0.0;0.0;0.0;0.0;0.0
15;0;0.0;0.0;0.0;0.26785714285714285;0.0;0.0;0.0;0.0;0.0
4;0;0.0;0.0;0.0;0.07142857142857142;0.0;0.0;0.0;0.0;0.0
0;0;8.87;0.0;0.0;0.0;0.0;0.32815390307066217;0.0;0.0;0.99
0;0;0.0;0.0;0.0;0.0;0.0;0.0;0.0;0.0;0.0
2;0;0.0;0.0;0.0;0.03571428571428571;0.0;0.0;0.0;0.0;0.0
4;0;0.0;0.0;0.0;0.07142857142857142;0.0;0.0;0.0;0.0;0.0
1;0;0.0;0.0;0.0;0.017857142857142856;0.0;0.0;0.0;0.0;4.92
0;0;0.0;0.0;0.0;0.0;0.0;0.0;0.0;0.0;0.0
4;0;0.0;0.0;0.0;0.07142857142857142;0.0;0.0;0.0;0.0;0.0
3;0;0.0;0.0;0.0;0.05357142857142857;0.0;0.0;0.0;0.0;0.0
3;0;0.0;0.0;0.0;0.05357142857142857;0.0;0.0;0.0;0.0;0.0
3;0;0.0;0.0;0.0;0.05357142857142857;0.0;0.0;0.0;0.0;0.0
17;0;0.0;0.0;0.0;0.30357142857142855;0.0;0.0;0.0;0.0;0.0
0;0;0.0;0.0;0.0;0.0;0.0;0.0;0.0;0.0;0.0
3;0;0.0;0.0;0.0;0.05357142857142857;0.0;0.0;0.0;0.0;1.18
8;0;0.4;0.0;0.0;0.14285714285714285;0.0;0.014798372179060304;0.0;0.0;0.0
2;0;0.0;0.0;0.0;0.03571428571428571;0.0;0.0;0.0;0.0;0.0
2;0;0.0;0.0;0.0;0.03571428571428571;0.0;0.0;0.0;0.0;0.0
5;0;0.0;0.0;0.0;0.08928571428571429;0.0;0.0;0.0;0.0;0.0
1;0;0.0;0.0;0.0;0.017857142857142856;0.0;0.0;0.0;0.0;0.0
0;0;0.0;0.0;0.0;0.0;0.0;0.0;0.0;0.0;0.0
6;0;0.0;0.0;0.0;0.10714285714285714;0.0;0.0;0.0;0.0;0.0
0;0;0.0;0.0;0.0;0.0;0.0;0.0;0.0;0.0;0.0
17;0;3.14;0.0;0.0;0.30357142857142855;0.0;0.11616722160562339;0.0;0.0;1.17
2;0;0.0;0.0;0.0;0.03571428571428571;0.0;0.0;0.0;0.0;0.0
0;0;0.0;0.0;0.0;0.0;0.0;0.0;0.0;0.0;0.0
13;0;0.0;0.0;0.0;0.23214285714285715;0.0;0.0;0.0;0.0;0.0
0;0;0.2;0.0;0.0;0.0;0.0;0.007399186089530152;0.0;0.0;0.39
0;0;2.16;0.0;0.0;0.0;0.0;0.07991120976692564;0.0;0.0;1.38
2;0;0.0;0.0;0.0;0.03571428571428571;0.0;0.0;0.0;0.0;0.0
0;0;0.0;0.0;0.0;0.0;0.0;0.0;0.0;0.0;0.0
5;0;0.0;0.0;0.0;0.08928571428571429;0.0;0.0;0.0;0.0;0.0
11;0;0.0;0.0;0.0;0.19642857142857142;0.0;0.0;0.0;0.0;0.0
2;0;0.0;0.0;0.0;0.03571428571428571;0.0;0.0;0.0;0.0;0.0
12;0;0.4;0.0;0.0;0.21428571428571427;0.0;0.014798372179060304;0.0;0.0;0.2
5;0;0.0;0.0;0.0;0.08928571428571429;0.0;0.0;0.0;0.0;0.0
7;0;0.0;0.0;0.0;0.125;0.0;0.0;0.0;0.0;0.0
0;0;0.0;0.0;0.0;0.0;0.0;0.0;0.0;0.0;0.0
14;0;0.0;0.0;0.0;0.25;0.0;0.0;0.0;0.0;0.0
7;0;0.0;0.0;0.0;0.125;0.0;0.0;0.0;0.0;0.0
22;0;0.0;0.0;0.0;0.39285714285714285;0.0;0.0;0.0;0.0;0.0
9;0;0.0;0.0;0.0;0.16071428571428573;0.0;0.0;0.0;0.0;0.0
3;0;0.0;0.0;0.0;0.05357142857142857;0.0;0.0;0.0;0.0;0.0
0;0;0.4;0.0;0.0;0.0;0.0;0.014798372179060304;0.0;0.0;2.16
8;0;0.0;0.0;0.0;0.14285714285714285;0.0;0.0;0.0;0.0;0.0
6;0;0.2;0.0;0.0;0.10714285714285714;0.0;0.007399186089530152;0.0;0.0;0.0
14;0;0.0;0.0;0.0;0.25;0.0;0.0;0.0;0.0;0.0
5;0;0.0;0.0;0.0;0.08928571428571429;0.0;0.0;0.0;0.0;0.0
0;0;0.0;0.0;0.0;0.0;0.0;0.0;0.0;0.0;0.0
22;0;0.0;0.0;0.0;0.39285714285714285;0.0;0.0;0.0;0.0;0.0
1;0;0.0;0.0;0.0;0.017857142857142856;0.0;0.0;0.0;0.0;0.0
3;0;0.0;0.0;0.0;0.05357142857142857;0.0;0.0;0.0;0.0;0.0
13;0;0.0;0.0;0.0;0.23214285714285715;0.0;0.0;0.0;0.0;0.0
17;0;0.0;0.0;0.0;0.30357142857142855;0.0;0.0;0.0;0.0;0.0
20;0;0.0;0.0;0.0;0.35714285714285715;0.0;0.0;0.0;0.0;0.0
0;0;0.79;0.0;0.0;0.0;0.0;0.029226785053644098;0.0;0.0;0.4
2;1;0.0;4.143978385008743e-06;0.0016129032258064516;0.03571428571428571;0.5;0.0;0.5;0.5;0.0
8;0;0.0;0.0;0.0;0.14285714285714285;0.0;0.0;0.0;0.0;0.0
1;0;0.0;0.0;0.0;0.017857142857142856;0.0;0.0;0.0;0.0;0.0
2;0;0.0;0.0;0.0;0.03571428571428571;0.0;0.0;0.0;0.0;0.0
5;0;0.0;0.0;0.0;0.08928571428571429;0.0;0.0;0.0;0.0;0.0
28;0;0.0;0.0;0.0;0.5;0.0;0.0;0.0;0.0;0.0
6;0;0.0;0.0;0.0;0.10714285714285714;0.0;0.0;0.0;0.0;0.0
5;0;0.0;0.0;0.0;0.08928571428571429;0.0;0.0;0.0;0.0;0.0
11;0;0.0;0.0;0.0;0.19642857142857142;0.0;0.0;0.0;0.0;3.35
5;0;0.0;0.0;0.0;0.08928571428571429;0.0;0.0;0.0;0.0;0.0
9;0;0.0;0.0;0.0;0.16071428571428573;0.0;0.0;0.0;0.0;0.0
6;0;0.0;0.0;0.0;0.10714285714285714;0.0;0.0;0.0;0.0;0.0
5;0;0.0;0.0;0.0;0.08928571428571429;0.0;0.0;0.0;0.0;0.0
3;0;0.0;0.0;0.0;0.05357142857142857;0.0;0.0;0.0;0.0;0.0
6;0;0.0;0.0;0.0;0.10714285714285714;0.0;0.0;0.0;0.0;0.0
7;0;0.0;0.0;0.0;0.125;0.0;0.0;0.0;0.0;0.0
0;0;0.0;0.0;0.0;0.0;0.0;0.0;0.0;0.0;0.0
10;0;0.0;0.0;0.0;0.17857142857142858;0.0;0.0;0.0;0.0;0.0
0;0;0.0;0.0;0.0;0.0;0.0;0.0;0.0;0.0;0.0
3;0;0.0;0.0;0.0;0.05357142857142857;0.0;0.0;0.0;0.0;0.0
3;0;0.0;0.0;0.0;0.05357142857142857;0.0;0.0;0.0;0.0;0.0
8;0;0.0;0.0;0.0;0.14285714285714285;0.0;0.0;0.0;0.0;0.0
11;0;0.6;0.0;0.0;0.19642857142857142;0.0;0.022197558268590455;0.0;0.0;0.4
12;0;0.0;0.0;0.0;0.21428571428571427;0.0;0.0;0.0;0.0;0.0
28;0;0.2;0.0;0.0;0.5;0.0;0.007399186089530152;0.0;0.0;14.76
2;0;0.0;0.0;0.0;0.03571428571428571;0.0;0.0;0.0;0.0;0.0
1;0;0.0;0.0;0.0;0.017857142857142856;0.0;0.0;0.0;0.0;0.0
3;0;0.0;0.0;0.0;0.05357142857142857;0.0;0.0;0.0;0.0;0.0
9;0;0.0;0.0;0.0;0.16071428571428573;0.0;0.0;0.0;0.0;0.0
1;0;0.0;0.0;0.0;0.017857142857142856;0.0;0.0;0.0;0.0;0.0
3;0;0.6;0.0;0.0;0.05357142857142857;0.0;0.022197558268590455;0.0;0.0;0.4
1;0;0.0;0.0;0.0;0.017857142857142856;0.0;0.0;0.0;0.0;0.0
10;0;0.2;0.0;0.0;0.17857142857142858;0.0;0.007399186089530152;0.0;0.0;0.79
0;0;0.0;0.0;0.0;0.0;0.0;0.0;0.0;0.0;0.0
3;0;0.0;0.0;0.0;0.05357142857142857;0.0;0.0;0.0;0.0;0.0
1;0;0.0;0.0;0.0;0.017857142857142856;0.0;0.0;0.0;0.0;0.0
13;0;0.0;0.0;0.0;0.23214285714285715;0.0;0.0;0.0;0.0;0.0
2;0;0.0;0.0;0.0;0.03571428571428571;0.0;0.0;0.0;0.0;0.0
14;0;0.0;0.0;0.0;0.25;0.0;0.0;0.0;0.0;0.0
8;0;0.0;0.0;0.0;0.14285714285714285;0.0;0.0;0.0;0.0;0.0
0;0;0.0;0.0;0.0;0.0;0.0;0.0;0.0;0.0;0.0
15;0;0.0;0.0;0.0;0.26785714285714285;0.0;0.0;0.0;0.0;0.0
5;0;0.0;0.0;0.0;0.08928571428571429;0.0;0.0;0.0;0.0;0.0
13;0;0.0;0.0;0.0;0.23214285714285715;0.0;0.0;0.0;0.0;0.0
3;0;0.0;0.0;0.0;0.05357142857142857;0.0;0.0;0.0;0.0;0.0
18;0;0.0;0.0;0.0;0.32142857142857145;0.0;0.0;0.0;0.0;0.0
3;0;0.0;0.0;0.0;0.05357142857142857;0.0;0.0;0.0;0.0;0.0
0;0;0.0;0.0;0.0;0.0;0.0;0.0;0.0;0.0;0.0
3;0;0.0;0.0;0.0;0.05357142857142857;0.0;0.0;0.0;0.0;0.0
25;0;0.0;0.0;0.0;0.44642857142857145;0.0;0.0;0.0;0.0;0.0
17;0;0.0;0.0;0.0;0.30357142857142855;0.0;0.0;0.0;0.0;0.0
17;0;0.0;0.0;0.0;0.30357142857142855;0.0;0.0;0.0;0.0;0.0
7;0;0.0;0.0;0.0;0.125;0.0;0.0;0.0;0.0;0.0
2;0;0.0;0.0;0.0;0.03571428571428571;0.0;0.0;0.0;0.0;0.0
0;0;0.0;0.0;0.0;0.0;0.0;0.0;0.0;0.0;0.0
3;0;0.0;0.0;0.0;0.05357142857142857;0.0;0.0;0.0;0.0;0.0
0;0;0.0;0.0;0.0;0.0;0.0;0.0;0.0;0.0;0.0
2;0;0.0;0.0;0.0;0.03571428571428571;0.0;0.0;0.0;0.0;0.0
0;0;0.0;0.0;0.0;0.0;0.0;0.0;0.0;0.0;0.0
12;0;0.0;0.0;0.0;0.21428571428571427;0.0;0.0;0.0;0.0;0.0
1;0;0.0;0.0;0.0;0.017857142857142856;0.0;0.0;0.0;0.0;0.0
7;0;0.0;0.0;0.0;0.125;0.0;0.0;0.0;0.0;0.0
0;0;0.2;0.0;0.0;0.0;0.0;0.007399186089530152;0.0;0.0;0.2
7;0;0.0;0.0;0.0;0.125;0.0;0.0;0.0;0.0;0.0
0;0;0.0;0.0;0.0;0.0;0.0;0.0;0.0;0.0;0.0
12;0;0.0;0.0;0.0;0.21428571428571427;0.0;0.0;0.0;0.0;0.0
6;0;0.0;0.0;0.0;0.10714285714285714;0.0;0.0;0.0;0.0;0.0
11;0;0.0;0.0;0.0;0.19642857142857142;0.0;0.0;0.0;0.0;0.0
3;0;1.37;0.0;0.0;0.05357142857142857;0.0;0.050684424713281544;0.0;0.0;0.2
3;0;0.0;0.0;0.0;0.05357142857142857;0.0;0.0;0.0;0.0;0.0
10;0;0.0;0.0;0.0;0.17857142857142858;0.0;0.0;0.0;0.0;0.0
16;0;0.0;0.0;0.0;0.2857142857142857;0.0;0.0;0.0;0.0;0.0
11;0;1.77;0.0;0.0;0.19642857142857142;0.0;0.06548279689234184;0.0;0.0;0.99
10;0;0.0;0.0;0.0;0.17857142857142858;0.0;0.0;0.0;0.0;0.0
2;0;0.0;0.0;0.0;0.03571428571428571;0.0;0.0;0.0;0.0;0.0
3;0;0.0;0.0;0.0;0.05357142857142857;0.0;0.0;0.0;0.0;0.0
27;0;0.0;0.0;0.0;0.48214285714285715;0.0;0.0;0.0;0.0;0.0
5;0;0.0;0.0;0.0;0.08928571428571429;0.0;0.0;0.0;0.0;0.0
14;0;0.0;0.0;0.0;0.25;0.0;0.0;0.0;0.0;0.0
17;0;0.0;0.0;0.0;0.30357142857142855;0.0;0.0;0.0;0.0;0.0
13;0;0.0;0.0;0.0;0.23214285714285715;0.0;0.0;0.0;0.0;0.0
3;0;0.39;0.0;0.0;0.05357142857142857;0.0;0.014428412874583796;0.0;0.0;0.2
1;0;0.0;0.0;0.0;0.017857142857142856;0.0;0.0;0.0;0.0;0.0
0;0;0.0;0.0;0.0;0.0;0.0;0.0;0.0;0.0;0.0
0;0;0.0;0.0;0.0;0.0;0.0;0.0;0.0;0.0;0.0
23;0;0.0;0.0;0.0;0.4107142857142857;0.0;0.0;0.0;0.0;0.0
6;0;0.0;0.0;0.0;0.10714285714285714;0.0;0.0;0.0;0.0;0.0
1;0;0.0;0.0;0.0;0.017857142857142856;0.0;0.0;0.0;0.0;0.0
0;0;0.0;0.0;0.0;0.0;0.0;0.0;0.0;0.0;0.0
0;0;0.0;0.0;0.0;0.0;0.0;0.0;0.0;0.0;0.0
6;0;0.0;0.0;0.0;0.10714285714285714;0.0;0.0;0.0;0.0;0.4
3;0;0.0;0.0;0.0;0.05357142857142857;0.0;0.0;0.0;0.0;0.0
0;0;0.2;0.0;0.0;0.0;0.0;0.007399186089530152;0.0;0.0;0.2
1;0;0.0;0.0;0.0;0.017857142857142856;0.0;0.0;0.0;0.0;9.64
0;0;0.0;0.0;0.0;0.0;0.0;0.0;0.0;0.0;0.0
1;0;0.0;0.0;0.0;0.017857142857142856;0.0;0.0;0.0;0.0;0.0
6;0;0.2;0.0;0.0;0.10714285714285714;0.0;0.007399186089530152;0.0;0.0;0.2
1;0;0.39;0.0;0.0;0.017857142857142856;0.0;0.014428412874583796;0.0;0.0;1.38
9;0;0.0;0.0;0.0;0.16071428571428573;0.0;0.0;0.0;0.0;0.0
7;0;0.0;0.0;0.0;0.125;0.0;0.0;0.0;0.0;0.0
3;0;0.0;0.0;0.0;0.05357142857142857;0.0;0.0;0.0;0.0;0.2
5;0;0.0;0.0;0.0;0.08928571428571429;0.0;0.0;0.0;0.0;0.0
4;0;0.0;0.0;0.0;0.07142857142857142;0.0;0.0;0.0;0.0;0.0
1;0;0.0;0.0;0.0;0.017857142857142856;0.0;0.0;0.0;0.0;0.0
7;0;0.0;0.0;0.0;0.125;0.0;0.0;0.0;0.0;0.0
5;0;0.0;0.0;0.0;0.08928571428571429;0.0;0.0;0.0;0.0;0.98
3;0;0.0;0.0;0.0;0.05357142857142857;0.0;0.0;0.0;0.0;0.0
6;0;0.0;0.0;0.0;0.10714285714285714;0.0;0.0;0.0;0.0;0.0
0;0;0.99;0.0;0.0;0.0;0.0;0.03662597114317425;0.0;0.0;2.95
2;0;0.0;0.0;0.0;0.03571428571428571;0.0;0.0;0.0;0.0;0.0
8;0;0.0;0.0;0.0;0.14285714285714285;0.0;0.0;0.0;0.0;0.0
11;0;0.0;0.0;0.0;0.19642857142857142;0.0;0.0;0.0;0.0;0.0
3;0;0.0;0.0;0.0;0.05357142857142857;0.0;0.0;0.0;0.0;0.0
2;0;0.0;0.0;0.0;0.03571428571428571;0.0;0.0;0.0;0.0;0.0
5;0;0.0;0.0;0.0;0.08928571428571429;0.0;0.0;0.0;0.0;0.0
9;0;0.0;0.0;0.0;0.16071428571428573;0.0;0.0;0.0;0.0;0.0
3;0;0.0;0.0;0.0;0.05357142857142857;0.0;0.0;0.0;0.0;0.0
1;0;0.0;0.0;0.0;0.017857142857142856;0.0;0.0;0.0;0.0;0.0
5;0;0.0;0.0;0.0;0.08928571428571429;0.0;0.0;0.0;0.0;0.0
1;0;0.0;0.0;0.0;0.017857142857142856;0.0;0.0;0.0;0.0;0.0
3;0;0.2;0.0;0.0;0.05357142857142857;0.0;0.007399186089530152;0.0;0.0;0.0
3;0;0.0;0.0;0.0;0.05357142857142857;0.0;0.0;0.0;0.0;0.0
0;0;0.0;0.0;0.0;0.0;0.0;0.0;0.0;0.0;0.0
12;0;0.0;0.0;0.0;0.21428571428571427;0.0;0.0;0.0;0.0;0.0
6;0;0.0;0.0;0.0;0.10714285714285714;0.0;0.0;0.0;0.0;0.0
5;0;0.0;0.0;0.0;0.08928571428571429;0.0;0.0;0.0;0.0;0.0
1;0;0.0;0.0;0.0;0.017857142857142856;0.0;0.0;0.0;0.0;0.0
3;0;0.0;0.0;0.0;0.05357142857142857;0.0;0.0;0.0;0.0;0.0
2;0;3.55;0.0;0.0;0.03571428571428571;0.0;0.13133555308916017;0.0;0.0;0.2
0;0;0.0;0.0;0.0;0.0;0.0;0.0;0.0;0.0;0.0
12;0;0.0;0.0;0.0;0.21428571428571427;0.0;0.0;0.0;0.0;0.0
7;0;0.0;0.0;0.0;0.125;0.0;0.0;0.0;0.0;0.0
9;0;0.0;0.0;0.0;0.16071428571428573;0.0;0.0;0.0;0.0;0.0
8;0;0.0;0.0;0.0;0.14285714285714285;0.0;0.0;0.0;0.0;0.0
0;0;0.0;0.0;0.0;0.0;0.0;0.0;0.0;0.0;0.0
19;0;0.2;0.0;0.0;0.3392857142857143;0.0;0.007399186089530152;0.0;0.0;0.39
3;0;0.0;0.0;0.0;0.05357142857142857;0.0;0.0;0.0;0.0;0.0
3;0;0.0;0.0;0.0;0.05357142857142857;0.0;0.0;0.0;0.0;0.0
0;0;0.0;0.0;0.0;0.0;0.0;0.0;0.0;0.0;0.0
12;0;0.0;0.0;0.0;0.21428571428571427;0.0;0.0;0.0;0.0;0.0
5;0;0.0;0.0;0.0;0.08928571428571429;0.0;0.0;0.0;0.0;0.0
0;0;0.0;0.0;0.0;0.0;0.0;0.0;0.0;0.0;0.2
13;0;0.0;0.0;0.0;0.23214285714285715;0.0;0.0;0.0;0.0;0.0
0;0;0.0;0.0;0.0;0.0;0.0;0.0;0.0;0.0;0.0
6;0;0.0;0.0;0.0;0.10714285714285714;0.0;0.0;0.0;0.0;0.0
1;0;0.0;0.0;0.0;0.017857142857142856;0.0;0.0;0.0;0.0;0.0
0;0;0.0;0.0;0.0;0.0;0.0;0.0;0.0;0.0;0.0
5;0;0.0;0.0;0.0;0.08928571428571429;0.0;0.0;0.0;0.0;0.0
2;0;0.0;0.0;0.0;0.03571428571428571;0.0;0.0;0.0;0.0;0.0
8;0;0.0;0.0;0.0;0.14285714285714285;0.0;0.0;0.0;0.0;0.0
26;0;0.0;0.0;0.0;0.4642857142857143;0.0;0.0;0.0;0.0;0.0
5;0;0.0;0.0;0.0;0.08928571428571429;0.0;0.0;0.0;0.0;0.0
1;0;0.0;0.0;0.0;0.017857142857142856;0.0;0.0;0.0;0.0;0.0
0;0;0.0;0.0;0.0;0.0;0.0;0.0;0.0;0.0;0.0
15;0;0.0;0.0;0.0;0.26785714285714285;0.0;0.0;0.0;0.0;0.0
2;0;0.0;0.0;0.0;0.03571428571428571;0.0;0.0;0.0;0.0;0.0
2;0;0.0;0.0;0.0;0.03571428571428571;0.0;0.0;0.0;0.0;0.0
9;0;0.0;0.0;0.0;0.16071428571428573;0.0;0.0;0.0;0.0;0.0
3;0;0.0;0.0;0.0;0.05357142857142857;0.0;0.0;0.0;0.0;0.0
3;0;0.0;0.0;0.0;0.05357142857142857;0.0;0.0;0.0;0.0;0.0
9;0;0.0;0.0;0.0;0.16071428571428573;0.0;0.0;0.0;0.0;0.0
0;0;0.0;0.0;0.0;0.0;0.0;0.0;0.0;0.0;0.0
11;0;0.0;0.0;0.0;0.19642857142857142;0.0;0.0;0.0;0.0;0.0
2;0;0.0;0.0;0.0;0.03571428571428571;0.0;0.0;0.0;0.0;0.0
4;0;0.0;0.0;0.0;0.07142857142857142;0.0;0.0;0.0;0.0;0.0
0;0;0.0;0.0;0.0;0.0;0.0;0.0;0.0;0.0;0.0
1;0;0.0;0.0;0.0;0.017857142857142856;0.0;0.0;0.0;0.0;0.0
20;0;1.38;0.0;0.0;0.35714285714285715;0.0;0.05105438401775804;0.0;0.0;1.18
15;0;0.0;0.0;0.0;0.26785714285714285;0.0;0.0;0.0;0.0;0.0
18;0;0.0;0.0;0.0;0.32142857142857145;0.0;0.0;0.0;0.0;0.0
1;0;0.0;0.0;0.0;0.017857142857142856;0.0;0.0;0.0;0.0;0.0
11;0;0.0;0.0;0.0;0.19642857142857142;0.0;0.0;0.0;0.0;0.0
1;0;0.0;0.0;0.0;0.017857142857142856;0.0;0.0;0.0;0.0;0.0
3;0;0.0;0.0;0.0;0.05357142857142857;0.0;0.0;0.0;0.0;0.0
0;0;0.0;0.0;0.0;0.0;0.0;0.0;0.0;0.0;0.0
13;0;0.0;0.0;0.0;0.23214285714285715;0.0;0.0;0.0;0.0;0.0
1;0;0.0;0.0;0.0;0.017857142857142856;0.0;0.0;0.0;0.0;0.0
6;0;0.0;0.0;0.0;0.10714285714285714;0.0;0.0;0.0;0.0;0.0
7;0;0.0;0.0;0.0;0.125;0.0;0.0;0.0;0.0;0.0
4;0;0.0;0.0;0.0;0.07142857142857142;0.0;0.0;0.0;0.0;0.0
4;0;0.0;0.0;0.0;0.07142857142857142;0.0;0.0;0.0;0.0;0.0
0;0;0.0;0.0;0.0;0.0;0.0;0.0;0.0;0.0;0.0
8;0;0.0;0.0;0.0;0.14285714285714285;0.0;0.0;0.0;0.0;0.0
2;0;0.0;0.0;0.0;0.03571428571428571;0.0;0.0;0.0;0.0;0.0
8;0;0.2;0.0;0.0;0.14285714285714285;0.0;0.007399186089530152;0.0;0.0;0.2
11;0;0.0;0.0;0.0;0.19642857142857142;0.0;0.0;0.0;0.0;0.0
16;0;0.0;0.0;0.0;0.2857142857142857;0.0;0.0;0.0;0.0;0.0
1;0;0.0;0.0;0.0;0.017857142857142856;0.0;0.0;0.0;0.0;0.0
4;0;0.0;0.0;0.0;0.07142857142857142;0.0;0.0;0.0;0.0;0.0
14;0;0.0;0.0;0.0;0.25;0.0;0.0;0.0;0.0;0.0
1;0;0.0;0.0;0.0;0.017857142857142856;0.0;0.0;0.0;0.0;0.0
0;0;0.0;0.0;0.0;0.0;0.0;0.0;0.0;0.0;0.0
7;0;0.0;0.0;0.0;0.125;0.0;0.0;0.0;0.0;0.0
4;0;0.0;0.0;0.0;0.07142857142857142;0.0;0.0;0.0;0.0;0.0
17;0;0.0;0.0;0.0;0.30357142857142855;0.0;0.0;0.0;0.0;0.0
6;0;0.0;0.0;0.0;0.10714285714285714;0.0;0.0;0.0;0.0;0.0
17;0;0.0;0.0;0.0;0.30357142857142855;0.0;0.0;0.0;0.0;0.0
0;0;0.0;0.0;0.0;0.0;0.0;0.0;0.0;0.0;0.0
16;0;0.0;0.0;0.0;0.2857142857142857;0.0;0.0;0.0;0.0;0.0
19;0;0.0;0.0;0.0;0.3392857142857143;0.0;0.0;0.0;0.0;0.0
0;0;0.0;0.0;0.0;0.0;0.0;0.0;0.0;0.0;0.0
1;0;0.0;0.0;0.0;0.017857142857142856;0.0;0.0;0.0;0.0;0.0
6;0;0.0;0.0;0.0;0.10714285714285714;0.0;0.0;0.0;0.0;0.0
2;0;0.0;0.0;0.0;0.03571428571428571;0.0;0.0;0.0;0.0;0.0
3;0;0.0;0.0;0.0;0.05357142857142857;0.0;0.0;0.0;0.0;0.0
15;0;0.0;0.0;0.0;0.26785714285714285;0.0;0.0;0.0;0.0;0.0
4;0;0.0;0.0;0.0;0.07142857142857142;0.0;0.0;0.0;0.0;0.0
14;0;0.0;0.0;0.0;0.25;0.0;0.0;0.0;0.0;0.0
1;0;0.0;0.0;0.0;0.017857142857142856;0.0;0.0;0.0;0.0;0.0
18;0;0.0;0.0;0.0;0.32142857142857145;0.0;0.0;0.0;0.0;0.0
3;0;0.0;0.0;0.0;0.05357142857142857;0.0;0.0;0.0;0.0;0.0
3;0;0.0;0.0;0.0;0.05357142857142857;0.0;0.0;0.0;0.0;0.0
2;0;0.0;0.0;0.0;0.03571428571428571;0.0;0.0;0.0;0.0;0.0
2;0;0.0;0.0;0.0;0.03571428571428571;0.0;0.0;0.0;0.0;0.0
21;0;0.0;0.0;0.0;0.375;0.0;0.0;0.0;0.0;0.0
5;0;0.0;0.0;0.0;0.08928571428571429;0.0;0.0;0.0;0.0;0.0
3;0;0.0;0.0;0.0;0.05357142857142857;0.0;0.0;0.0;0.0;0.0
1;0;0.0;0.0;0.0;0.017857142857142856;0.0;0.0;0.0;0.0;0.0
11;0;0.0;0.0;0.0;0.19642857142857142;0.0;0.0;0.0;0.0;0.0
11;0;0.0;0.0;0.0;0.19642857142857142;0.0;0.0;0.0;0.0;0.0
5;0;0.0;0.0;0.0;0.08928571428571429;0.0;0.0;0.0;0.0;0.0
13;0;0.0;0.0;0.0;0.23214285714285715;0.0;0.0;0.0;0.0;0.0
5;0;0.0;0.0;0.0;0.08928571428571429;0.0;0.0;0.0;0.0;0.0
13;0;0.0;0.0;0.0;0.23214285714285715;0.0;0.0;0.0;0.0;0.0
0;0;0.0;0.0;0.0;0.0;0.0;0.0;0.0;0.0;0.0
5;0;0.0;0.0;0.0;0.08928571428571429;0.0;0.0;0.0;0.0;0.0
1;0;0.0;0.0;0.0;0.017857142857142856;0.0;0.0;0.0;0.0;0.0
0;0;0.0;0.0;0.0;0.0;0.0;0.0;0.0;0.0;0.0
8;0;0.0;0.0;0.0;0.14285714285714285;0.0;0.0;0.0;0.0;0.0
0;0;0.0;0.0;0.0;0.0;0.0;0.0;0.0;0.0;0.0
0;0;0.0;0.0;0.0;0.0;0.0;0.0;0.0;0.0;0.0
7;0;0.0;0.0;0.0;0.125;0.0;0.0;0.0;0.0;0.0
3;0;0.0;0.0;0.0;0.05357142857142857;0.0;0.0;0.0;0.0;0.0
4;0;0.0;0.0;0.0;0.07142857142857142;0.0;0.0;0.0;0.0;0.0
12;0;0.0;0.0;0.0;0.21428571428571427;0.0;0.0;0.0;0.0;0.0
4;0;0.0;0.0;0.0;0.07142857142857142;0.0;0.0;0.0;0.0;0.0
0;0;7.08;0.0;0.0;0.0;0.0;0.26193118756936734;0.0;0.0;2.36
30;0;0.0;0.0;0.0;0.5357142857142857;0.0;0.0;0.0;0.0;0.0
8;0;0.0;0.0;0.0;0.14285714285714285;0.0;0.0;0.0;0.0;0.0
7;0;0.0;0.0;0.0;0.125;0.0;0.0;0.0;0.0;0.0
19;1;0.39;4.143978385008743e-06;0.0016129032258064516;0.3392857142857143;0.5;0.014428412874583796;0.5;0.5;0.2
5;0;0.0;0.0;0.0;0.08928571428571429;0.0;0.0;0.0;0.0;0.0
3;0;0.0;0.0;0.0;0.05357142857142857;0.0;0.0;0.0;0.0;0.0
0;0;0.0;0.0;0.0;0.0;0.0;0.0;0.0;0.0;0.0
4;0;0.0;0.0;0.0;0.07142857142857142;0.0;0.0;0.0;0.0;0.0
4;0;0.0;0.0;0.0;0.07142857142857142;0.0;0.0;0.0;0.0;0.0
2;0;0.0;0.0;0.0;0.03571428571428571;0.0;0.0;0.0;0.0;0.0
2;0;0.0;0.0;0.0;0.03571428571428571;0.0;0.0;0.0;0.0;0.0
1;0;0.4;0.0;0.0;0.017857142857142856;0.0;0.014798372179060304;0.0;0.0;0.0
7;0;0.0;0.0;0.0;0.125;0.0;0.0;0.0;0.0;0.98
3;0;0.0;0.0;0.0;0.05357142857142857;0.0;0.0;0.0;0.0;0.0
3;0;0.0;0.0;0.0;0.05357142857142857;0.0;0.0;0.0;0.0;0.0
1;0;0.0;0.0;0.0;0.017857142857142856;0.0;0.0;0.0;0.0;0.0
17;0;0.0;0.0;0.0;0.30357142857142855;0.0;0.0;0.0;0.0;0.0
0;0;0.0;0.0;0.0;0.0;0.0;0.0;0.0;0.0;0.0
3;0;0.0;0.0;0.0;0.05357142857142857;0.0;0.0;0.0;0.0;0.0
5;0;0.0;0.0;0.0;0.08928571428571429;0.0;0.0;0.0;0.0;0.0
9;0;0.0;0.0;0.0;0.16071428571428573;0.0;0.0;0.0;0.0;0.0
12;0;0.0;0.0;0.0;0.21428571428571427;0.0;0.0;0.0;0.0;0.0
3;0;0.0;0.0;0.0;0.05357142857142857;0.0;0.0;0.0;0.0;0.0
6;0;0.0;0.0;0.0;0.10714285714285714;0.0;0.0;0.0;0.0;0.0
12;0;0.0;0.0;0.0;0.21428571428571427;0.0;0.0;0.0;0.0;0.0
9;0;0.0;0.0;0.0;0.16071428571428573;0.0;0.0;0.0;0.0;0.0
0;0;0.0;0.0;0.0;0.0;0.0;0.0;0.0;0.0;0.0
9;0;0.0;0.0;0.0;0.16071428571428573;0.0;0.0;0.0;0.0;0.0
5;0;0.0;0.0;0.0;0.08928571428571429;0.0;0.0;0.0;0.0;0.0
4;0;0.0;0.0;0.0;0.07142857142857142;0.0;0.0;0.0;0.0;0.0
0;0;0.0;0.0;0.0;0.0;0.0;0.0;0.0;0.0;0.0
2;0;0.98;0.0;0.0;0.03571428571428571;0.0;0.03625601183869774;0.0;0.0;0.4
0;0;0.2;0.0;0.0;0.0;0.0;0.007399186089530152;0.0;0.0;0.0
5;0;0.0;0.0;0.0;0.08928571428571429;0.0;0.0;0.0;0.0;0.0
2;0;0.0;0.0;0.0;0.03571428571428571;0.0;0.0;0.0;0.0;0.0
1;0;0.0;0.0;0.0;0.017857142857142856;0.0;0.0;0.0;0.0;0.0
3;0;0.0;0.0;0.0;0.05357142857142857;0.0;0.0;0.0;0.0;0.0
14;0;0.0;0.0;0.0;0.25;0.0;0.0;0.0;0.0;0.0
11;0;0.0;0.0;0.0;0.19642857142857142;0.0;0.0;0.0;0.0;0.0
2;0;0.2;0.0;0.0;0.03571428571428571;0.0;0.007399186089530152;0.0;0.0;0.0
4;0;0.0;0.0;0.0;0.07142857142857142;0.0;0.0;0.0;0.0;0.0
2;0;0.0;0.0;0.0;0.03571428571428571;0.0;0.0;0.0;0.0;0.0
7;0;0.0;0.0;0.0;0.125;0.0;0.0;0.0;0.0;0.0
6;0;0.0;0.0;0.0;0.10714285714285714;0.0;0.0;0.0;0.0;0.0
5;0;0.0;0.0;0.0;0.08928571428571429;0.0;0.0;0.0;0.0;0.0
0;0;0.0;0.0;0.0;0.0;0.0;0.0;0.0;0.0;0.0
4;0;0.0;0.0;0.0;0.07142857142857142;0.0;0.0;0.0;0.0;0.2
32;0;0.0;0.0;0.0;0.5714285714285714;0.0;0.0;0.0;0.0;0.0
9;0;0.0;0.0;0.0;0.16071428571428573;0.0;0.0;0.0;0.0;0.0
1;0;0.0;0.0;0.0;0.017857142857142856;0.0;0.0;0.0;0.0;0.0
2;0;0.0;0.0;0.0;0.03571428571428571;0.0;0.0;0.0;0.0;0.0
5;0;0.0;0.0;0.0;0.08928571428571429;0.0;0.0;0.0;0.0;0.0
8;0;0.0;0.0;0.0;0.14285714285714285;0.0;0.0;0.0;0.0;0.0
21;0;0.0;0.0;0.0;0.375;0.0;0.0;0.0;0.0;0.0
1;0;0.0;0.0;0.0;0.017857142857142856;0.0;0.0;0.0;0.0;0.0
1;0;0.0;0.0;0.0;0.017857142857142856;0.0;0.0;0.0;0.0;0.0
5;0;0.0;0.0;0.0;0.08928571428571429;0.0;0.0;0.0;0.0;0.0
0;0;0.0;0.0;0.0;0.0;0.0;0.0;0.0;0.0;0.0
4;0;0.0;0.0;0.0;0.07142857142857142;0.0;0.0;0.0;0.0;0.0
2;0;0.0;0.0;0.0;0.03571428571428571;0.0;0.0;0.0;0.0;0.0
11;0;0.0;0.0;0.0;0.19642857142857142;0.0;0.0;0.0;0.0;0.0
5;0;0.0;0.0;0.0;0.08928571428571429;0.0;0.0;0.0;0.0;0.0
3;0;0.0;0.0;0.0;0.05357142857142857;0.0;0.0;0.0;0.0;0.0
5;0;0.0;0.0;0.0;0.08928571428571429;0.0;0.0;0.0;0.0;0.0
5;0;0.0;0.0;0.0;0.08928571428571429;0.0;0.0;0.0;0.0;0.0
1;0;0.0;0.0;0.0;0.017857142857142856;0.0;0.0;0.0;0.0;0.0
3;0;0.0;0.0;0.0;0.05357142857142857;0.0;0.0;0.0;0.0;0.0
6;0;0.0;0.0;0.0;0.10714285714285714;0.0;0.0;0.0;0.0;0.0
1;0;0.0;0.0;0.0;0.017857142857142856;0.0;0.0;0.0;0.0;0.0
20;0;0.0;0.0;0.0;0.35714285714285715;0.0;0.0;0.0;0.0;0.0
8;0;0.0;0.0;0.0;0.14285714285714285;0.0;0.0;0.0;0.0;0.0
1;0;0.0;0.0;0.0;0.017857142857142856;0.0;0.0;0.0;0.0;0.0
0;0;1.18;0.0;0.0;0.0;0.0;0.04365519792822789;0.0;0.0;0.4
0;0;0.0;0.0;0.0;0.0;0.0;0.0;0.0;0.0;0.0
0;0;0.0;0.0;0.0;0.0;0.0;0.0;0.0;0.0;0.0
9;0;0.0;0.0;0.0;0.16071428571428573;0.0;0.0;0.0;0.0;0.0
1;0;0.0;0.0;0.0;0.017857142857142856;0.0;0.0;0.0;0.0;0.0
2;0;0.4;0.0;0.0;0.03571428571428571;0.0;0.014798372179060304;0.0;0.0;0.0
4;0;0.0;0.0;0.0;0.07142857142857142;0.0;0.0;0.0;0.0;0.0
6;0;0.0;0.0;0.0;0.10714285714285714;0.0;0.0;0.0;0.0;0.0
10;0;0.0;0.0;0.0;0.17857142857142858;0.0;0.0;0.0;0.0;0.0
4;0;0.0;0.0;0.0;0.07142857142857142;0.0;0.0;0.0;0.0;0.0
6;0;0.0;0.0;0.0;0.10714285714285714;0.0;0.0;0.0;0.0;0.0
11;0;0.0;0.0;0.0;0.19642857142857142;0.0;0.0;0.0;0.0;0.0
3;0;0.0;0.0;0.0;0.05357142857142857;0.0;0.0;0.0;0.0;0.0
2;0;0.0;0.0;0.0;0.03571428571428571;0.0;0.0;0.0;0.0;0.0
0;0;0.0;0.0;0.0;0.0;0.0;0.0;0.0;0.0;0.0
3;0;0.0;0.0;0.0;0.05357142857142857;0.0;0.0;0.0;0.0;0.0
0;0;0.0;0.0;0.0;0.0;0.0;0.0;0.0;0.0;0.0
8;0;0.0;0.0;0.0;0.14285714285714285;0.0;0.0;0.0;0.0;0.0
4;0;0.0;0.0;0.0;0.07142857142857142;0.0;0.0;0.0;0.0;0.0
5;0;0.0;0.0;0.0;0.08928571428571429;0.0;0.0;0.0;0.0;0.0
3;0;0.0;0.0;0.0;0.05357142857142857;0.0;0.0;0.0;0.0;0.0
0;0;0.0;0.0;0.0;0.0;0.0;0.0;0.0;0.0;0.2
10;0;0.0;0.0;0.0;0.17857142857142858;0.0;0.0;0.0;0.0;0.0
2;0;0.0;0.0;0.0;0.03571428571428571;0.0;0.0;0.0;0.0;0.0
3;0;0.0;0.0;0.0;0.05357142857142857;0.0;0.0;0.0;0.0;0.0
0;0;0.0;0.0;0.0;0.0;0.0;0.0;0.0;0.0;0.0
3;0;0.0;0.0;0.0;0.05357142857142857;0.0;0.0;0.0;0.0;0.0
12;0;0.0;0.0;0.0;0.21428571428571427;0.0;0.0;0.0;0.0;0.0
1;0;1.96;0.0;0.0;0.017857142857142856;0.0;0.07251202367739548;0.0;0.0;0.2
2;0;0.0;0.0;0.0;0.03571428571428571;0.0;0.0;0.0;0.0;0.0
7;0;0.0;0.0;0.0;0.125;0.0;0.0;0.0;0.0;0.0
1;0;0.0;0.0;0.0;0.017857142857142856;0.0;0.0;0.0;0.0;0.0
19;0;0.0;0.0;0.0;0.3392857142857143;0.0;0.0;0.0;0.0;0.0
0;0;0.4;0.0;0.0;0.0;0.0;0.014798372179060304;0.0;0.0;0.2
12;0;0.2;0.0;0.0;0.21428571428571427;0.0;0.007399186089530152;0.0;0.0;0.2
11;0;0.0;0.0;0.0;0.19642857142857142;0.0;0.0;0.0;0.0;0.0
1;0;0.0;0.0;0.0;0.017857142857142856;0.0;0.0;0.0;0.0;0.0
8;0;0.0;0.0;0.0;0.14285714285714285;0.0;0.0;0.0;0.0;0.0
0;0;0.0;0.0;0.0;0.0;0.0;0.0;0.0;0.0;0.0
1;0;0.0;0.0;0.0;0.017857142857142856;0.0;0.0;0.0;0.0;0.0
7;0;0.0;0.0;0.0;0.125;0.0;0.0;0.0;0.0;0.0
10;0;0.0;0.0;0.0;0.17857142857142858;0.0;0.0;0.0;0.0;0.0
5;0;0.0;0.0;0.0;0.08928571428571429;0.0;0.0;0.0;0.0;0.0
12;0;0.0;0.0;0.0;0.21428571428571427;0.0;0.0;0.0;0.0;0.0
27;0;0.0;0.0;0.0;0.48214285714285715;0.0;0.0;0.0;0.0;0.0
3;0;0.0;0.0;0.0;0.05357142857142857;0.0;0.0;0.0;0.0;0.0
3;0;0.0;0.0;0.0;0.05357142857142857;0.0;0.0;0.0;0.0;0.0
4;0;0.0;0.0;0.0;0.07142857142857142;0.0;0.0;0.0;0.0;0.0
0;0;1.37;0.0;0.0;0.0;0.0;0.050684424713281544;0.0;0.0;1.18
5;0;0.4;0.0;0.0;0.08928571428571429;0.0;0.014798372179060304;0.0;0.0;0.0
0;0;0.0;0.0;0.0;0.0;0.0;0.0;0.0;0.0;0.0
4;0;2.36;0.0;0.0;0.07142857142857142;0.0;0.08731039585645578;0.0;0.0;1.18
11;0;0.0;0.0;0.0;0.19642857142857142;0.0;0.0;0.0;0.0;0.0
2;0;0.0;0.0;0.0;0.03571428571428571;0.0;0.0;0.0;0.0;0.0
4;0;0.0;0.0;0.0;0.07142857142857142;0.0;0.0;0.0;0.0;0.0
0;0;0.0;0.0;0.0;0.0;0.0;0.0;0.0;0.0;0.0
5;0;0.0;0.0;0.0;0.08928571428571429;0.0;0.0;0.0;0.0;0.0
0;0;2.56;0.0;0.0;0.0;0.0;0.09470958194598594;0.0;0.0;0.0
0;0;0.0;0.0;0.0;0.0;0.0;0.0;0.0;0.0;0.0
11;0;0.0;0.0;0.0;0.19642857142857142;0.0;0.0;0.0;0.0;0.0
3;0;0.0;0.0;0.0;0.05357142857142857;0.0;0.0;0.0;0.0;0.0
0;0;0.0;0.0;0.0;0.0;0.0;0.0;0.0;0.0;0.0
9;0;0.0;0.0;0.0;0.16071428571428573;0.0;0.0;0.0;0.0;0.0
0;0;0.0;0.0;0.0;0.0;0.0;0.0;0.0;0.0;0.0
1;0;0.0;0.0;0.0;0.017857142857142856;0.0;0.0;0.0;0.0;0.0
15;0;0.0;0.0;0.0;0.26785714285714285;0.0;0.0;0.0;0.0;0.0
10;0;0.0;0.0;0.0;0.17857142857142858;0.0;0.0;0.0;0.0;0.0
3;0;0.0;0.0;0.0;0.05357142857142857;0.0;0.0;0.0;0.0;0.2
17;0;0.0;0.0;0.0;0.30357142857142855;0.0;0.0;0.0;0.0;0.0
16;0;0.0;0.0;0.0;0.2857142857142857;0.0;0.0;0.0;0.0;0.0
21;0;1.17;0.0;0.0;0.375;0.0;0.04328523862375138;0.0;0.0;1.38
2;0;0.0;0.0;0.0;0.03571428571428571;0.0;0.0;0.0;0.0;0.0
0;0;0.0;0.0;0.0;0.0;0.0;0.0;0.0;0.0;0.0
5;0;0.0;0.0;0.0;0.08928571428571429;0.0;0.0;0.0;0.0;0.0
1;0;0.0;0.0;0.0;0.017857142857142856;0.0;0.0;0.0;0.0;0.0
9;0;0.0;0.0;0.0;0.16071428571428573;0.0;0.0;0.0;0.0;0.0
8;0;0.2;0.0;0.0;0.14285714285714285;0.0;0.007399186089530152;0.0;0.0;0.0
3;0;0.0;0.0;0.0;0.05357142857142857;0.0;0.0;0.0;0.0;0.0
0;0;0.0;0.0;0.0;0.0;0.0;0.0;0.0;0.0;0.0
4;0;0.0;0.0;0.0;0.07142857142857142;0.0;0.0;0.0;0.0;0.0
1;0;0.0;0.0;0.0;0.017857142857142856;0.0;0.0;0.0;0.0;0.0
5;0;0.0;0.0;0.0;0.08928571428571429;0.0;0.0;0.0;0.0;0.0
12;0;0.0;0.0;0.0;0.21428571428571427;0.0;0.0;0.0;0.0;0.0
8;0;0.0;0.0;0.0;0.14285714285714285;0.0;0.0;0.0;0.0;0.0
5;0;0.0;0.0;0.0;0.08928571428571429;0.0;0.0;0.0;0.0;0.0
0;0;0.0;0.0;0.0;0.0;0.0;0.0;0.0;0.0;0.0
2;0;0.0;0.0;0.0;0.03571428571428571;0.0;0.0;0.0;0.0;0.0
7;0;0.0;0.0;0.0;0.125;0.0;0.0;0.0;0.0;0.0
21;0;0.0;0.0;0.0;0.375;0.0;0.0;0.0;0.0;0.0
1;0;0.0;0.0;0.0;0.017857142857142856;0.0;0.0;0.0;0.0;0.0
11;0;0.0;0.0;0.0;0.19642857142857142;0.0;0.0;0.0;0.0;0.0
0;0;0.0;0.0;0.0;0.0;0.0;0.0;0.0;0.0;0.0
3;0;0.4;0.0;0.0;0.05357142857142857;0.0;0.014798372179060304;0.0;0.0;0.79
2;0;0.0;0.0;0.0;0.03571428571428571;0.0;0.0;0.0;0.0;0.0
6;0;0.0;0.0;0.0;0.10714285714285714;0.0;0.0;0.0;0.0;0.0
33;0;0.0;0.0;0.0;0.5892857142857143;0.0;0.0;0.0;0.0;0.0
13;0;0.0;0.0;0.0;0.23214285714285715;0.0;0.0;0.0;0.0;0.0
0;0;0.0;0.0;0.0;0.0;0.0;0.0;0.0;0.0;0.0
11;0;0.0;0.0;0.0;0.19642857142857142;0.0;0.0;0.0;0.0;0.0
8;0;0.0;0.0;0.0;0.14285714285714285;0.0;0.0;0.0;0.0;0.0
1;0;0.0;0.0;0.0;0.017857142857142856;0.0;0.0;0.0;0.0;0.0
0;0;0.0;0.0;0.0;0.0;0.0;0.0;0.0;0.0;0.0
4;0;0.0;0.0;0.0;0.07142857142857142;0.0;0.0;0.0;0.0;0.0
6;0;0.0;0.0;0.0;0.10714285714285714;0.0;0.0;0.0;0.0;0.0
1;0;0.0;0.0;0.0;0.017857142857142856;0.0;0.0;0.0;0.0;0.0
2;0;0.0;0.0;0.0;0.03571428571428571;0.0;0.0;0.0;0.0;0.0
0;0;0.0;0.0;0.0;0.0;0.0;0.0;0.0;0.0;0.0
1;0;0.0;0.0;0.0;0.017857142857142856;0.0;0.0;0.0;0.0;0.0
1;0;0.0;0.0;0.0;0.017857142857142856;0.0;0.0;0.0;0.0;0.0
3;0;0.0;0.0;0.0;0.05357142857142857;0.0;0.0;0.0;0.0;0.0
10;0;0.0;0.0;0.0;0.17857142857142858;0.0;0.0;0.0;0.0;0.0
0;0;0.0;0.0;0.0;0.0;0.0;0.0;0.0;0.0;0.0
5;0;0.0;0.0;0.0;0.08928571428571429;0.0;0.0;0.0;0.0;0.0
2;0;0.0;0.0;0.0;0.03571428571428571;0.0;0.0;0.0;0.0;0.0
5;0;0.0;0.0;0.0;0.08928571428571429;0.0;0.0;0.0;0.0;0.0
5;0;0.0;0.0;0.0;0.08928571428571429;0.0;0.0;0.0;0.0;0.0
8;0;0.0;0.0;0.0;0.14285714285714285;0.0;0.0;0.0;0.0;0.0
2;0;0.0;0.0;0.0;0.03571428571428571;0.0;0.0;0.0;0.0;0.0
8;0;0.0;0.0;0.0;0.14285714285714285;0.0;0.0;0.0;0.0;0.0
2;0;0.0;0.0;0.0;0.03571428571428571;0.0;0.0;0.0;0.0;0.0
1;0;0.0;0.0;0.0;0.017857142857142856;0.0;0.0;0.0;0.0;0.0
1;0;0.4;0.0;0.0;0.017857142857142856;0.0;0.014798372179060304;0.0;0.0;0.2
0;0;0.0;0.0;0.0;0.0;0.0;0.0;0.0;0.0;0.0
5;0;0.0;0.0;0.0;0.08928571428571429;0.0;0.0;0.0;0.0;0.0
1;0;0.0;0.0;0.0;0.017857142857142856;0.0;0.0;0.0;0.0;0.0
3;0;0.0;0.0;0.0;0.05357142857142857;0.0;0.0;0.0;0.0;0.0
8;0;0.0;0.0;0.0;0.14285714285714285;0.0;0.0;0.0;0.0;0.0
3;0;0.0;0.0;0.0;0.05357142857142857;0.0;0.0;0.0;0.0;0.0
5;0;0.0;0.0;0.0;0.08928571428571429;0.0;0.0;0.0;0.0;0.0
0;0;0.0;0.0;0.0;0.0;0.0;0.0;0.0;0.0;0.0
3;0;0.0;0.0;0.0;0.05357142857142857;0.0;0.0;0.0;0.0;0.0
10;0;0.0;0.0;0.0;0.17857142857142858;0.0;0.0;0.0;0.0;0.0
8;0;0.0;0.0;0.0;0.14285714285714285;0.0;0.0;0.0;0.0;0.0
11;0;0.0;0.0;0.0;0.19642857142857142;0.0;0.0;0.0;0.0;0.0
16;0;0.0;0.0;0.0;0.2857142857142857;0.0;0.0;0.0;0.0;0.0
1;0;0.0;0.0;0.0;0.017857142857142856;0.0;0.0;0.0;0.0;0.0
7;0;0.0;0.0;0.0;0.125;0.0;0.0;0.0;0.0;0.0
3;1;0.2;4.143978385008743e-06;0.0016129032258064516;0.05357142857142857;0.5;0.007399186089530152;0.5;0.5;0.0
7;0;0.0;0.0;0.0;0.125;0.0;0.0;0.0;0.0;0.0
7;0;0.0;0.0;0.0;0.125;0.0;0.0;0.0;0.0;0.0
1;0;0.0;0.0;0.0;0.017857142857142856;0.0;0.0;0.0;0.0;0.0
20;0;0.0;0.0;0.0;0.35714285714285715;0.0;0.0;0.0;0.0;0.0
7;0;0.0;0.0;0.0;0.125;0.0;0.0;0.0;0.0;0.0
7;0;0.0;0.0;0.0;0.125;0.0;0.0;0.0;0.0;0.0
4;0;0.0;0.0;0.0;0.07142857142857142;0.0;0.0;0.0;0.0;0.0
0;0;0.0;0.0;0.0;0.0;0.0;0.0;0.0;0.0;0.0
3;0;0.0;0.0;0.0;0.05357142857142857;0.0;0.0;0.0;0.0;0.0
2;0;0.0;0.0;0.0;0.03571428571428571;0.0;0.0;0.0;0.0;0.0
0;0;0.2;0.0;0.0;0.0;0.0;0.007399186089530152;0.0;0.0;0.0
0;0;0.0;0.0;0.0;0.0;0.0;0.0;0.0;0.0;0.0
3;0;0.0;0.0;0.0;0.05357142857142857;0.0;0.0;0.0;0.0;0.0
5;0;0.0;0.0;0.0;0.08928571428571429;0.0;0.0;0.0;0.0;0.0
0;0;0.0;0.0;0.0;0.0;0.0;0.0;0.0;0.0;0.0
0;0;0.0;0.0;0.0;0.0;0.0;0.0;0.0;0.0;0.0
14;0;0.0;0.0;0.0;0.25;0.0;0.0;0.0;0.0;0.0
4;0;0.0;0.0;0.0;0.07142857142857142;0.0;0.0;0.0;0.0;0.0
5;0;0.0;0.0;0.0;0.08928571428571429;0.0;0.0;0.0;0.0;0.0
8;0;0.0;0.0;0.0;0.14285714285714285;0.0;0.0;0.0;0.0;0.0
2;0;0.0;0.0;0.0;0.03571428571428571;0.0;0.0;0.0;0.0;0.0
5;0;0.0;0.0;0.0;0.08928571428571429;0.0;0.0;0.0;0.0;0.4
16;0;0.0;0.0;0.0;0.2857142857142857;0.0;0.0;0.0;0.0;0.0
5;0;0.0;0.0;0.0;0.08928571428571429;0.0;0.0;0.0;0.0;0.0
0;0;0.0;0.0;0.0;0.0;0.0;0.0;0.0;0.0;0.0
10;0;0.0;0.0;0.0;0.17857142857142858;0.0;0.0;0.0;0.0;0.0
8;0;0.4;0.0;0.0;0.14285714285714285;0.0;0.014798372179060304;0.0;0.0;0.2
15;0;0.0;0.0;0.0;0.26785714285714285;0.0;0.0;0.0;0.0;0.0
7;0;0.0;0.0;0.0;0.125;0.0;0.0;0.0;0.0;0.0
24;0;0.0;0.0;0.0;0.42857142857142855;0.0;0.0;0.0;0.0;0.0
14;0;0.0;0.0;0.0;0.25;0.0;0.0;0.0;0.0;0.0
5;0;0.0;0.0;0.0;0.08928571428571429;0.0;0.0;0.0;0.0;0.0
9;0;0.0;0.0;0.0;0.16071428571428573;0.0;0.0;0.0;0.0;0.0
1;0;0.0;0.0;0.0;0.017857142857142856;0.0;0.0;0.0;0.0;0.0
0;0;0.0;0.0;0.0;0.0;0.0;0.0;0.0;0.0;0.0
13;0;0.0;0.0;0.0;0.23214285714285715;0.0;0.0;0.0;0.0;0.0
7;0;0.0;0.0;0.0;0.125;0.0;0.0;0.0;0.0;0.0
6;0;0.0;0.0;0.0;0.10714285714285714;0.0;0.0;0.0;0.0;0.0
9;0;0.0;0.0;0.0;0.16071428571428573;0.0;0.0;0.0;0.0;0.0
11;0;0.2;0.0;0.0;0.19642857142857142;0.0;0.007399186089530152;0.0;0.0;0.2
13;0;0.0;0.0;0.0;0.23214285714285715;0.0;0.0;0.0;0.0;0.0
6;0;0.0;0.0;0.0;0.10714285714285714;0.0;0.0;0.0;0.0;0.0
4;0;0.0;0.0;0.0;0.07142857142857142;0.0;0.0;0.0;0.0;0.0
2;0;0.0;0.0;0.0;0.03571428571428571;0.0;0.0;0.0;0.0;0.0
14;0;0.0;0.0;0.0;0.25;0.0;0.0;0.0;0.0;0.0
1;0;0.0;0.0;0.0;0.017857142857142856;0.0;0.0;0.0;0.0;0.0
9;0;0.0;0.0;0.0;0.16071428571428573;0.0;0.0;0.0;0.0;0.0
7;0;0.0;0.0;0.0;0.125;0.0;0.0;0.0;0.0;0.0
14;0;0.0;0.0;0.0;0.25;0.0;0.0;0.0;0.0;0.0
5;0;0.0;0.0;0.0;0.08928571428571429;0.0;0.0;0.0;0.0;0.0
4;0;0.0;0.0;0.0;0.07142857142857142;0.0;0.0;0.0;0.0;0.0
12;0;0.0;0.0;0.0;0.21428571428571427;0.0;0.0;0.0;0.0;0.0
7;0;0.0;0.0;0.0;0.125;0.0;0.0;0.0;0.0;0.0
8;0;0.0;0.0;0.0;0.14285714285714285;0.0;0.0;0.0;0.0;0.0
1;0;0.4;0.0;0.0;0.017857142857142856;0.0;0.014798372179060304;0.0;0.0;0.0
0;0;0.0;0.0;0.0;0.0;0.0;0.0;0.0;0.0;0.0
16;0;0.0;0.0;0.0;0.2857142857142857;0.0;0.0;0.0;0.0;0.0
11;0;0.0;0.0;0.0;0.19642857142857142;0.0;0.0;0.0;0.0;0.0
0;0;0.0;0.0;0.0;0.0;0.0;0.0;0.0;0.0;0.0
4;0;0.0;0.0;0.0;0.07142857142857142;0.0;0.0;0.0;0.0;0.0
2;0;0.0;0.0;0.0;0.03571428571428571;0.0;0.0;0.0;0.0;0.0
0;0;0.0;0.0;0.0;0.0;0.0;0.0;0.0;0.0;0.0
2;0;0.0;0.0;0.0;0.03571428571428571;0.0;0.0;0.0;0.0;0.0
15;0;0.0;0.0;0.0;0.26785714285714285;0.0;0.0;0.0;0.0;0.0
5;0;0.0;0.0;0.0;0.08928571428571429;0.0;0.0;0.0;0.0;0.0
0;0;0.0;0.0;0.0;0.0;0.0;0.0;0.0;0.0;0.0
2;1;0.0;4.143978385008743e-06;0.0016129032258064516;0.03571428571428571;0.5;0.0;0.5;0.5;0.0
2;0;0.0;0.0;0.0;0.03571428571428571;0.0;0.0;0.0;0.0;0.0
5;0;0.0;0.0;0.0;0.08928571428571429;0.0;0.0;0.0;0.0;0.0
6;0;0.0;0.0;0.0;0.10714285714285714;0.0;0.0;0.0;0.0;0.0
1;0;0.0;0.0;0.0;0.017857142857142856;0.0;0.0;0.0;0.0;0.2
0;0;0.4;0.0;0.0;0.0;0.0;0.014798372179060304;0.0;0.0;0.2
2;0;0.0;0.0;0.0;0.03571428571428571;0.0;0.0;0.0;0.0;0.0
2;0;0.0;0.0;0.0;0.03571428571428571;0.0;0.0;0.0;0.0;0.0
3;0;0.0;0.0;0.0;0.05357142857142857;0.0;0.0;0.0;0.0;0.0
4;0;0.0;0.0;0.0;0.07142857142857142;0.0;0.0;0.0;0.0;0.0
0;0;0.0;0.0;0.0;0.0;0.0;0.0;0.0;0.0;0.0
0;0;0.0;0.0;0.0;0.0;0.0;0.0;0.0;0.0;0.0
0;0;0.0;0.0;0.0;0.0;0.0;0.0;0.0;0.0;0.0
0;0;0.0;0.0;0.0;0.0;0.0;0.0;0.0;0.0;0.0
9;0;0.0;0.0;0.0;0.16071428571428573;0.0;0.0;0.0;0.0;0.0
1;0;0.0;0.0;0.0;0.017857142857142856;0.0;0.0;0.0;0.0;0.0
1;0;0.0;0.0;0.0;0.017857142857142856;0.0;0.0;0.0;0.0;0.0
2;0;0.0;0.0;0.0;0.03571428571428571;0.0;0.0;0.0;0.0;0.0
1;0;0.0;0.0;0.0;0.017857142857142856;0.0;0.0;0.0;0.0;0.0
1;0;0.0;0.0;0.0;0.017857142857142856;0.0;0.0;0.0;0.0;0.0
9;0;0.0;0.0;0.0;0.16071428571428573;0.0;0.0;0.0;0.0;0.0
2;0;0.0;0.0;0.0;0.03571428571428571;0.0;0.0;0.0;0.0;0.0
10;0;1.19;0.0;0.0;0.17857142857142858;0.0;0.0440251572327044;0.0;0.0;0.79
3;0;0.0;0.0;0.0;0.05357142857142857;0.0;0.0;0.0;0.0;0.0
4;0;0.0;0.0;0.0;0.07142857142857142;0.0;0.0;0.0;0.0;0.0
29;0;0.0;0.0;0.0;0.5178571428571429;0.0;0.0;0.0;0.0;0.0
2;0;0.2;0.0;0.0;0.03571428571428571;0.0;0.007399186089530152;0.0;0.0;0.0
3;0;0.2;0.0;0.0;0.05357142857142857;0.0;0.007399186089530152;0.0;0.0;0.0
2;0;0.0;0.0;0.0;0.03571428571428571;0.0;0.0;0.0;0.0;0.0
0;0;0.0;0.0;0.0;0.0;0.0;0.0;0.0;0.0;0.0
0;0;0.0;0.0;0.0;0.0;0.0;0.0;0.0;0.0;0.0
12;0;0.0;0.0;0.0;0.21428571428571427;0.0;0.0;0.0;0.0;0.0
7;0;0.0;0.0;0.0;0.125;0.0;0.0;0.0;0.0;0.0
20;0;0.0;0.0;0.0;0.35714285714285715;0.0;0.0;0.0;0.0;0.0
22;0;0.0;0.0;0.0;0.39285714285714285;0.0;0.0;0.0;0.0;0.0
7;0;0.0;0.0;0.0;0.125;0.0;0.0;0.0;0.0;0.0
7;1;0.0;4.143978385008743e-06;0.0016129032258064516;0.125;0.5;0.0;0.5;0.5;0.0
21;0;0.0;0.0;0.0;0.375;0.0;0.0;0.0;0.0;0.0
0;0;0.0;0.0;0.0;0.0;0.0;0.0;0.0;0.0;0.0
16;0;0.0;0.0;0.0;0.2857142857142857;0.0;0.0;0.0;0.0;0.0
4;0;0.0;0.0;0.0;0.07142857142857142;0.0;0.0;0.0;0.0;0.0
8;1;0.2;4.143978385008743e-06;0.0016129032258064516;0.14285714285714285;0.5;0.007399186089530152;0.5;0.5;0.2
8;0;0.0;0.0;0.0;0.14285714285714285;0.0;0.0;0.0;0.0;0.0
4;0;0.0;0.0;0.0;0.07142857142857142;0.0;0.0;0.0;0.0;0.0
7;0;0.0;0.0;0.0;0.125;0.0;0.0;0.0;0.0;0.0
5;0;0.0;0.0;0.0;0.08928571428571429;0.0;0.0;0.0;0.0;0.0
0;0;0.0;0.0;0.0;0.0;0.0;0.0;0.0;0.0;0.0
11;0;0.0;0.0;0.0;0.19642857142857142;0.0;0.0;0.0;0.0;0.0
6;0;0.0;0.0;0.0;0.10714285714285714;0.0;0.0;0.0;0.0;0.0
0;0;2.36;0.0;0.0;0.0;0.0;0.08731039585645578;0.0;0.0;0.99
5;0;0.0;0.0;0.0;0.08928571428571429;0.0;0.0;0.0;0.0;0.0
1;0;0.2;0.0;0.0;0.017857142857142856;0.0;0.007399186089530152;0.0;0.0;0.6
0;0;0.0;0.0;0.0;0.0;0.0;0.0;0.0;0.0;0.0
6;0;0.0;0.0;0.0;0.10714285714285714;0.0;0.0;0.0;0.0;0.0
0;0;0.0;0.0;0.0;0.0;0.0;0.0;0.0;0.0;0.0
1;0;0.0;0.0;0.0;0.017857142857142856;0.0;0.0;0.0;0.0;0.0
4;0;0.0;0.0;0.0;0.07142857142857142;0.0;0.0;0.0;0.0;0.0
8;0;0.0;0.0;0.0;0.14285714285714285;0.0;0.0;0.0;0.0;0.0
1;0;0.0;0.0;0.0;0.017857142857142856;0.0;0.0;0.0;0.0;0.0
21;0;0.0;0.0;0.0;0.375;0.0;0.0;0.0;0.0;0.0
5;0;0.0;0.0;0.0;0.08928571428571429;0.0;0.0;0.0;0.0;0.0
4;0;0.0;0.0;0.0;0.07142857142857142;0.0;0.0;0.0;0.0;0.0
2;0;0.0;0.0;0.0;0.03571428571428571;0.0;0.0;0.0;0.0;0.2
5;0;0.0;0.0;0.0;0.08928571428571429;0.0;0.0;0.0;0.0;0.0
1;0;0.0;0.0;0.0;0.017857142857142856;0.0;0.0;0.0;0.0;0.0
3;0;0.0;0.0;0.0;0.05357142857142857;0.0;0.0;0.0;0.0;0.0
6;0;0.0;0.0;0.0;0.10714285714285714;0.0;0.0;0.0;0.0;0.0
4;0;0.0;0.0;0.0;0.07142857142857142;0.0;0.0;0.0;0.0;0.0
11;0;0.0;0.0;0.0;0.19642857142857142;0.0;0.0;0.0;0.0;0.0
0;0;0.0;0.0;0.0;0.0;0.0;0.0;0.0;0.0;0.0
17;0;0.0;0.0;0.0;0.30357142857142855;0.0;0.0;0.0;0.0;0.0
4;0;0.0;0.0;0.0;0.07142857142857142;0.0;0.0;0.0;0.0;0.0
2;0;0.0;0.0;0.0;0.03571428571428571;0.0;0.0;0.0;0.0;0.0
1;0;0.0;0.0;0.0;0.017857142857142856;0.0;0.0;0.0;0.0;0.0
1;0;0.99;0.0;0.0;0.017857142857142856;0.0;0.03662597114317425;0.0;0.0;0.2
13;0;0.0;0.0;0.0;0.23214285714285715;0.0;0.0;0.0;0.0;0.0
0;0;0.0;0.0;0.0;0.0;0.0;0.0;0.0;0.0;0.0
22;0;0.0;0.0;0.0;0.39285714285714285;0.0;0.0;0.0;0.0;0.0
7;0;0.0;0.0;0.0;0.125;0.0;0.0;0.0;0.0;0.0
4;0;0.0;0.0;0.0;0.07142857142857142;0.0;0.0;0.0;0.0;0.0
11;0;0.2;0.0;0.0;0.19642857142857142;0.0;0.007399186089530152;0.0;0.0;0.0
5;0;0.0;0.0;0.0;0.08928571428571429;0.0;0.0;0.0;0.0;0.0
2;0;0.0;0.0;0.0;0.03571428571428571;0.0;0.0;0.0;0.0;0.0
1;0;0.0;0.0;0.0;0.017857142857142856;0.0;0.0;0.0;0.0;0.0
11;0;1.18;0.0;0.0;0.19642857142857142;0.0;0.04365519792822789;0.0;0.0;0.2
10;0;0.0;0.0;0.0;0.17857142857142858;0.0;0.0;0.0;0.0;0.0
0;0;0.0;0.0;0.0;0.0;0.0;0.0;0.0;0.0;0.0
0;0;0.0;0.0;0.0;0.0;0.0;0.0;0.0;0.0;0.0
5;0;0.0;0.0;0.0;0.08928571428571429;0.0;0.0;0.0;0.0;0.0
5;0;0.0;0.0;0.0;0.08928571428571429;0.0;0.0;0.0;0.0;0.0
11;0;3.35;0.0;0.0;0.19642857142857142;0.0;0.12393636699963004;0.0;0.0;0.2
6;0;0.0;0.0;0.0;0.10714285714285714;0.0;0.0;0.0;0.0;0.0
16;0;0.0;0.0;0.0;0.2857142857142857;0.0;0.0;0.0;0.0;0.0
6;0;0.0;0.0;0.0;0.10714285714285714;0.0;0.0;0.0;0.0;0.0
27;0;0.0;0.0;0.0;0.48214285714285715;0.0;0.0;0.0;0.0;0.0
20;0;0.0;0.0;0.0;0.35714285714285715;0.0;0.0;0.0;0.0;0.0
2;0;0.0;0.0;0.0;0.03571428571428571;0.0;0.0;0.0;0.0;0.0
8;0;0.0;0.0;0.0;0.14285714285714285;0.0;0.0;0.0;0.0;0.0
0;0;0.0;0.0;0.0;0.0;0.0;0.0;0.0;0.0;0.0
1;0;0.0;0.0;0.0;0.017857142857142856;0.0;0.0;0.0;0.0;0.0
2;0;0.0;0.0;0.0;0.03571428571428571;0.0;0.0;0.0;0.0;0.0
11;0;0.0;0.0;0.0;0.19642857142857142;0.0;0.0;0.0;0.0;0.0
2;0;0.0;0.0;0.0;0.03571428571428571;0.0;0.0;0.0;0.0;0.0
14;0;0.0;0.0;0.0;0.25;0.0;0.0;0.0;0.0;0.0
17;0;0.2;0.0;0.0;0.30357142857142855;0.0;0.007399186089530152;0.0;0.0;0.0
1;0;0.0;0.0;0.0;0.017857142857142856;0.0;0.0;0.0;0.0;0.0
16;0;0.0;0.0;0.0;0.2857142857142857;0.0;0.0;0.0;0.0;0.0
7;0;0.0;0.0;0.0;0.125;0.0;0.0;0.0;0.0;0.0
1;0;0.4;0.0;0.0;0.017857142857142856;0.0;0.014798372179060304;0.0;0.0;0.0
9;0;0.0;0.0;0.0;0.16071428571428573;0.0;0.0;0.0;0.0;0.0
14;0;0.0;0.0;0.0;0.25;0.0;0.0;0.0;0.0;0.0
7;0;0.0;0.0;0.0;0.125;0.0;0.0;0.0;0.0;0.0
2;0;0.0;0.0;0.0;0.03571428571428571;0.0;0.0;0.0;0.0;0.0
3;0;0.0;0.0;0.0;0.05357142857142857;0.0;0.0;0.0;0.0;0.0
0;0;0.0;0.0;0.0;0.0;0.0;0.0;0.0;0.0;0.0
11;0;0.0;0.0;0.0;0.19642857142857142;0.0;0.0;0.0;0.0;0.0
7;0;0.0;0.0;0.0;0.125;0.0;0.0;0.0;0.0;0.0
2;0;0.0;0.0;0.0;0.03571428571428571;0.0;0.0;0.0;0.0;0.0
7;1;1.18;4.143978385008743e-06;0.0016129032258064516;0.125;0.5;0.04365519792822789;0.5;0.5;0.0
0;0;0.0;0.0;0.0;0.0;0.0;0.0;0.0;0.0;0.0
1;0;0.0;0.0;0.0;0.017857142857142856;0.0;0.0;0.0;0.0;3.55
0;0;0.0;0.0;0.0;0.0;0.0;0.0;0.0;0.0;0.0
1;0;0.0;0.0;0.0;0.017857142857142856;0.0;0.0;0.0;0.0;0.0
5;0;0.0;0.0;0.0;0.08928571428571429;0.0;0.0;0.0;0.0;0.0
0;0;0.0;0.0;0.0;0.0;0.0;0.0;0.0;0.0;0.0
5;0;0.0;0.0;0.0;0.08928571428571429;0.0;0.0;0.0;0.0;0.0
0;0;2.16;0.0;0.0;0.0;0.0;0.07991120976692564;0.0;0.0;7.08
4;0;0.0;0.0;0.0;0.07142857142857142;0.0;0.0;0.0;0.0;0.0
17;0;0.0;0.0;0.0;0.30357142857142855;0.0;0.0;0.0;0.0;0.0
18;0;0.0;0.0;0.0;0.32142857142857145;0.0;0.0;0.0;0.0;0.0
4;0;0.0;0.0;0.0;0.07142857142857142;0.0;0.0;0.0;0.0;0.0
6;0;0.0;0.0;0.0;0.10714285714285714;0.0;0.0;0.0;0.0;0.0
5;0;0.0;0.0;0.0;0.08928571428571429;0.0;0.0;0.0;0.0;0.0
1;0;0.0;0.0;0.0;0.017857142857142856;0.0;0.0;0.0;0.0;0.0
7;0;0.0;0.0;0.0;0.125;0.0;0.0;0.0;0.0;0.0
5;0;0.0;0.0;0.0;0.08928571428571429;0.0;0.0;0.0;0.0;0.0
1;0;0.0;0.0;0.0;0.017857142857142856;0.0;0.0;0.0;0.0;0.0
2;0;0.0;0.0;0.0;0.03571428571428571;0.0;0.0;0.0;0.0;0.0
12;0;0.0;0.0;0.0;0.21428571428571427;0.0;0.0;0.0;0.0;0.0
6;0;0.0;0.0;0.0;0.10714285714285714;0.0;0.0;0.0;0.0;0.0
6;0;0.0;0.0;0.0;0.10714285714285714;0.0;0.0;0.0;0.0;0.0
6;0;0.0;0.0;0.0;0.10714285714285714;0.0;0.0;0.0;0.0;0.0
3;0;0.0;0.0;0.0;0.05357142857142857;0.0;0.0;0.0;0.0;0.0
3;0;0.0;0.0;0.0;0.05357142857142857;0.0;0.0;0.0;0.0;0.0
11;0;0.0;0.0;0.0;0.19642857142857142;0.0;0.0;0.0;0.0;0.0
0;0;0.0;0.0;0.0;0.0;0.0;0.0;0.0;0.0;0.0
1;0;0.0;0.0;0.0;0.017857142857142856;0.0;0.0;0.0;0.0;0.79
16;0;0.0;0.0;0.0;0.2857142857142857;0.0;0.0;0.0;0.0;0.0
0;0;0.0;0.0;0.0;0.0;0.0;0.0;0.0;0.0;0.0
0;0;0.0;0.0;0.0;0.0;0.0;0.0;0.0;0.0;0.0
4;0;0.0;0.0;0.0;0.07142857142857142;0.0;0.0;0.0;0.0;0.0
0;0;0.0;0.0;0.0;0.0;0.0;0.0;0.0;0.0;0.0
14;0;0.0;0.0;0.0;0.25;0.0;0.0;0.0;0.0;0.0
1;0;0.0;0.0;0.0;0.017857142857142856;0.0;0.0;0.0;0.0;0.0
4;0;0.0;0.0;0.0;0.07142857142857142;0.0;0.0;0.0;0.0;0.0
13;0;0.0;0.0;0.0;0.23214285714285715;0.0;0.0;0.0;0.0;0.0
1;0;0.0;0.0;0.0;0.017857142857142856;0.0;0.0;0.0;0.0;0.0
1;0;0.0;0.0;0.0;0.017857142857142856;0.0;0.0;0.0;0.0;0.0
0;0;0.0;0.0;0.0;0.0;0.0;0.0;0.0;0.0;0.0
2;0;0.0;0.0;0.0;0.03571428571428571;0.0;0.0;0.0;0.0;0.0
4;0;0.0;0.0;0.0;0.07142857142857142;0.0;0.0;0.0;0.0;0.0
8;0;0.0;0.0;0.0;0.14285714285714285;0.0;0.0;0.0;0.0;0.0
2;0;0.0;0.0;0.0;0.03571428571428571;0.0;0.0;0.0;0.0;0.0
9;0;0.0;0.0;0.0;0.16071428571428573;0.0;0.0;0.0;0.0;0.0
0;0;0.0;0.0;0.0;0.0;0.0;0.0;0.0;0.0;0.0
0;0;0.0;0.0;0.0;0.0;0.0;0.0;0.0;0.0;0.0
1;0;0.0;0.0;0.0;0.017857142857142856;0.0;0.0;0.0;0.0;0.0
5;0;0.0;0.0;0.0;0.08928571428571429;0.0;0.0;0.0;0.0;0.0
1;0;0.0;0.0;0.0;0.017857142857142856;0.0;0.0;0.0;0.0;0.2
0;0;0.0;0.0;0.0;0.0;0.0;0.0;0.0;0.0;0.0
1;0;0.0;0.0;0.0;0.017857142857142856;0.0;0.0;0.0;0.0;0.0
8;0;0.0;0.0;0.0;0.14285714285714285;0.0;0.0;0.0;0.0;0.0
1;0;0.0;0.0;0.0;0.017857142857142856;0.0;0.0;0.0;0.0;0.0
0;0;0.2;0.0;0.0;0.0;0.0;0.007399186089530152;0.0;0.0;0.2
2;0;0.0;0.0;0.0;0.03571428571428571;0.0;0.0;0.0;0.0;0.0
3;0;0.0;0.0;0.0;0.05357142857142857;0.0;0.0;0.0;0.0;0.0
8;0;0.0;0.0;0.0;0.14285714285714285;0.0;0.0;0.0;0.0;0.0
0;0;0.0;0.0;0.0;0.0;0.0;0.0;0.0;0.0;0.0
4;0;0.0;0.0;0.0;0.07142857142857142;0.0;0.0;0.0;0.0;0.0
4;0;0.0;0.0;0.0;0.07142857142857142;0.0;0.0;0.0;0.0;0.0
4;0;0.0;0.0;0.0;0.07142857142857142;0.0;0.0;0.0;0.0;0.0
1;0;0.0;0.0;0.0;0.017857142857142856;0.0;0.0;0.0;0.0;0.0
10;0;0.0;0.0;0.0;0.17857142857142858;0.0;0.0;0.0;0.0;0.0
8;0;0.0;0.0;0.0;0.14285714285714285;0.0;0.0;0.0;0.0;0.0
5;0;0.0;0.0;0.0;0.08928571428571429;0.0;0.0;0.0;0.0;0.0
5;0;0.0;0.0;0.0;0.08928571428571429;0.0;0.0;0.0;0.0;0.0
10;0;0.0;0.0;0.0;0.17857142857142858;0.0;0.0;0.0;0.0;0.0
0;0;0.0;0.0;0.0;0.0;0.0;0.0;0.0;0.0;0.0
3;0;0.0;0.0;0.0;0.05357142857142857;0.0;0.0;0.0;0.0;0.0
0;0;0.78;0.0;0.0;0.0;0.0;0.02885682574916759;0.0;0.0;0.4
11;0;0.0;0.0;0.0;0.19642857142857142;0.0;0.0;0.0;0.0;0.0
4;0;0.0;0.0;0.0;0.07142857142857142;0.0;0.0;0.0;0.0;0.0
13;0;0.0;0.0;0.0;0.23214285714285715;0.0;0.0;0.0;0.0;0.0
0;0;0.0;0.0;0.0;0.0;0.0;0.0;0.0;0.0;0.0
0;0;0.0;0.0;0.0;0.0;0.0;0.0;0.0;0.0;0.0
16;0;0.0;0.0;0.0;0.2857142857142857;0.0;0.0;0.0;0.0;0.0
12;0;0.0;0.0;0.0;0.21428571428571427;0.0;0.0;0.0;0.0;0.0
1;0;0.0;0.0;0.0;0.017857142857142856;0.0;0.0;0.0;0.0;0.0
2;0;0.0;0.0;0.0;0.03571428571428571;0.0;0.0;0.0;0.0;0.0
0;0;0.0;0.0;0.0;0.0;0.0;0.0;0.0;0.0;0.0
0;0;3.54;0.0;0.0;0.0;0.0;0.13096559378468367;0.0;0.0;27.03
6;0;0.0;0.0;0.0;0.10714285714285714;0.0;0.0;0.0;0.0;0.0
7;0;0.0;0.0;0.0;0.125;0.0;0.0;0.0;0.0;0.0
5;0;0.0;0.0;0.0;0.08928571428571429;0.0;0.0;0.0;0.0;0.0
14;0;0.2;0.0;0.0;0.25;0.0;0.007399186089530152;0.0;0.0;0.99
30;0;0.0;0.0;0.0;0.5357142857142857;0.0;0.0;0.0;0.0;0.0
6;0;0.0;0.0;0.0;0.10714285714285714;0.0;0.0;0.0;0.0;0.0
3;0;0.0;0.0;0.0;0.05357142857142857;0.0;0.0;0.0;0.0;0.0
0;0;0.0;0.0;0.0;0.0;0.0;0.0;0.0;0.0;0.0
0;0;0.0;0.0;0.0;0.0;0.0;0.0;0.0;0.0;0.0
4;0;0.0;0.0;0.0;0.07142857142857142;0.0;0.0;0.0;0.0;0.0
1;0;0.0;0.0;0.0;0.017857142857142856;0.0;0.0;0.0;0.0;0.0
0;0;0.0;0.0;0.0;0.0;0.0;0.0;0.0;0.0;0.0
8;0;0.0;0.0;0.0;0.14285714285714285;0.0;0.0;0.0;0.0;0.0
19;0;0.0;0.0;0.0;0.3392857142857143;0.0;0.0;0.0;0.0;0.0
1;0;0.0;0.0;0.0;0.017857142857142856;0.0;0.0;0.0;0.0;0.0
1;0;0.0;0.0;0.0;0.017857142857142856;0.0;0.0;0.0;0.0;0.0
2;0;0.0;0.0;0.0;0.03571428571428571;0.0;0.0;0.0;0.0;0.0
8;0;0.0;0.0;0.0;0.14285714285714285;0.0;0.0;0.0;0.0;0.0
2;0;0.0;0.0;0.0;0.03571428571428571;0.0;0.0;0.0;0.0;0.0
6;0;0.0;0.0;0.0;0.10714285714285714;0.0;0.0;0.0;0.0;0.0
10;0;0.0;0.0;0.0;0.17857142857142858;0.0;0.0;0.0;0.0;0.0
3;0;0.0;0.0;0.0;0.05357142857142857;0.0;0.0;0.0;0.0;0.0
4;0;0.0;0.0;0.0;0.07142857142857142;0.0;0.0;0.0;0.0;0.0
0;0;0.0;0.0;0.0;0.0;0.0;0.0;0.0;0.0;0.0
17;0;0.0;0.0;0.0;0.30357142857142855;0.0;0.0;0.0;0.0;0.0
7;0;0.0;0.0;0.0;0.125;0.0;0.0;0.0;0.0;0.0
2;0;0.0;0.0;0.0;0.03571428571428571;0.0;0.0;0.0;0.0;0.0
5;0;0.0;0.0;0.0;0.08928571428571429;0.0;0.0;0.0;0.0;0.0
18;0;0.0;0.0;0.0;0.32142857142857145;0.0;0.0;0.0;0.0;0.0
5;0;0.0;0.0;0.0;0.08928571428571429;0.0;0.0;0.0;0.0;0.0
5;0;0.2;0.0;0.0;0.08928571428571429;0.0;0.007399186089530152;0.0;0.0;0.4
4;0;0.0;0.0;0.0;0.07142857142857142;0.0;0.0;0.0;0.0;0.0
6;0;0.0;0.0;0.0;0.10714285714285714;0.0;0.0;0.0;0.0;0.0
9;0;0.2;0.0;0.0;0.16071428571428573;0.0;0.007399186089530152;0.0;0.0;0.2
6;0;0.0;0.0;0.0;0.10714285714285714;0.0;0.0;0.0;0.0;0.0
2;0;0.0;0.0;0.0;0.03571428571428571;0.0;0.0;0.0;0.0;0.0
7;0;0.0;0.0;0.0;0.125;0.0;0.0;0.0;0.0;0.0
21;0;0.0;0.0;0.0;0.375;0.0;0.0;0.0;0.0;0.0
3;0;0.0;0.0;0.0;0.05357142857142857;0.0;0.0;0.0;0.0;0.0
7;0;0.0;0.0;0.0;0.125;0.0;0.0;0.0;0.0;0.0
1;0;0.0;0.0;0.0;0.017857142857142856;0.0;0.0;0.0;0.0;0.0
3;0;0.0;0.0;0.0;0.05357142857142857;0.0;0.0;0.0;0.0;0.0
5;0;0.0;0.0;0.0;0.08928571428571429;0.0;0.0;0.0;0.0;0.0
2;0;0.0;0.0;0.0;0.03571428571428571;0.0;0.0;0.0;0.0;0.0
3;0;0.0;0.0;0.0;0.05357142857142857;0.0;0.0;0.0;0.0;0.0
2;0;0.0;0.0;0.0;0.03571428571428571;0.0;0.0;0.0;0.0;0.0
12;0;0.0;0.0;0.0;0.21428571428571427;0.0;0.0;0.0;0.0;0.0
0;0;0.0;0.0;0.0;0.0;0.0;0.0;0.0;0.0;0.0
0;0;0.0;0.0;0.0;0.0;0.0;0.0;0.0;0.0;0.0
3;0;0.0;0.0;0.0;0.05357142857142857;0.0;0.0;0.0;0.0;0.0
6;0;0.0;0.0;0.0;0.10714285714285714;0.0;0.0;0.0;0.0;0.0
2;0;0.0;0.0;0.0;0.03571428571428571;0.0;0.0;0.0;0.0;0.0
35;0;0.0;0.0;0.0;0.625;0.0;0.0;0.0;0.0;0.0
2;0;0.0;0.0;0.0;0.03571428571428571;0.0;0.0;0.0;0.0;0.0
4;0;0.0;0.0;0.0;0.07142857142857142;0.0;0.0;0.0;0.0;0.0
6;0;0.0;0.0;0.0;0.10714285714285714;0.0;0.0;0.0;0.0;0.0
5;0;0.0;0.0;0.0;0.08928571428571429;0.0;0.0;0.0;0.0;0.0
5;0;0.0;0.0;0.0;0.08928571428571429;0.0;0.0;0.0;0.0;0.0
6;0;0.0;0.0;0.0;0.10714285714285714;0.0;0.0;0.0;0.0;0.0
0;0;0.0;0.0;0.0;0.0;0.0;0.0;0.0;0.0;0.2
1;0;0.0;0.0;0.0;0.017857142857142856;0.0;0.0;0.0;0.0;0.0
56;0;0.0;0.0;0.0;1.0;0.0;0.0;0.0;0.0;0.0
8;0;0.0;0.0;0.0;0.14285714285714285;0.0;0.0;0.0;0.0;0.0
4;0;0.0;0.0;0.0;0.07142857142857142;0.0;0.0;0.0;0.0;0.0
7;0;0.0;0.0;0.0;0.125;0.0;0.0;0.0;0.0;0.0
0;0;0.0;0.0;0.0;0.0;0.0;0.0;0.0;0.0;0.0
6;0;0.0;0.0;0.0;0.10714285714285714;0.0;0.0;0.0;0.0;0.0
1;0;0.0;0.0;0.0;0.017857142857142856;0.0;0.0;0.0;0.0;0.0
4;0;0.2;0.0;0.0;0.07142857142857142;0.0;0.007399186089530152;0.0;0.0;0.2
5;0;0.0;0.0;0.0;0.08928571428571429;0.0;0.0;0.0;0.0;0.0
0;0;0.0;0.0;0.0;0.0;0.0;0.0;0.0;0.0;0.0
37;0;0.0;0.0;0.0;0.6607142857142857;0.0;0.0;0.0;0.0;0.0
3;0;0.0;0.0;0.0;0.05357142857142857;0.0;0.0;0.0;0.0;0.0
4;0;0.0;0.0;0.0;0.07142857142857142;0.0;0.0;0.0;0.0;0.0
3;0;0.0;0.0;0.0;0.05357142857142857;0.0;0.0;0.0;0.0;0.0
0;0;0.0;0.0;0.0;0.0;0.0;0.0;0.0;0.0;0.0
3;0;0.0;0.0;0.0;0.05357142857142857;0.0;0.0;0.0;0.0;0.0
0;0;0.0;0.0;0.0;0.0;0.0;0.0;0.0;0.0;0.0
3;0;0.0;0.0;0.0;0.05357142857142857;0.0;0.0;0.0;0.0;0.0
9;0;0.0;0.0;0.0;0.16071428571428573;0.0;0.0;0.0;0.0;0.0
6;0;0.2;0.0;0.0;0.10714285714285714;0.0;0.007399186089530152;0.0;0.0;0.0
28;0;0.0;0.0;0.0;0.5;0.0;0.0;0.0;0.0;0.0
3;0;0.79;0.0;0.0;0.05357142857142857;0.0;0.029226785053644098;0.0;0.0;1.96
2;0;0.0;0.0;0.0;0.03571428571428571;0.0;0.0;0.0;0.0;0.2
17;0;0.0;0.0;0.0;0.30357142857142855;0.0;0.0;0.0;0.0;0.0
1;0;0.0;0.0;0.0;0.017857142857142856;0.0;0.0;0.0;0.0;0.0
14;0;0.0;0.0;0.0;0.25;0.0;0.0;0.0;0.0;0.0
3;0;0.0;0.0;0.0;0.05357142857142857;0.0;0.0;0.0;0.0;0.0
27;0;0.0;0.0;0.0;0.48214285714285715;0.0;0.0;0.0;0.0;0.0
3;0;0.0;0.0;0.0;0.05357142857142857;0.0;0.0;0.0;0.0;0.0
8;0;0.98;0.0;0.0;0.14285714285714285;0.0;0.03625601183869774;0.0;0.0;5.51
0;0;0.0;0.0;0.0;0.0;0.0;0.0;0.0;0.0;8.87
3;0;0.0;0.0;0.0;0.05357142857142857;0.0;0.0;0.0;0.0;0.0
0;0;0.0;0.0;0.0;0.0;0.0;0.0;0.0;0.0;0.0
0;0;0.0;0.0;0.0;0.0;0.0;0.0;0.0;0.0;0.2
4;0;0.0;0.0;0.0;0.07142857142857142;0.0;0.0;0.0;0.0;0.0
4;0;0.0;0.0;0.0;0.07142857142857142;0.0;0.0;0.0;0.0;0.0
10;0;0.0;0.0;0.0;0.17857142857142858;0.0;0.0;0.0;0.0;0.0
28;0;0.0;0.0;0.0;0.5;0.0;0.0;0.0;0.0;0.0
0;0;0.0;0.0;0.0;0.0;0.0;0.0;0.0;0.0;0.0
5;0;0.0;0.0;0.0;0.08928571428571429;0.0;0.0;0.0;0.0;0.0
18;0;0.0;0.0;0.0;0.32142857142857145;0.0;0.0;0.0;0.0;0.0
6;0;0.0;0.0;0.0;0.10714285714285714;0.0;0.0;0.0;0.0;0.0
1;0;0.0;0.0;0.0;0.017857142857142856;0.0;0.0;0.0;0.0;0.0
2;0;0.0;0.0;0.0;0.03571428571428571;0.0;0.0;0.0;0.0;0.0
6;0;0.0;0.0;0.0;0.10714285714285714;0.0;0.0;0.0;0.0;0.0
3;0;0.0;0.0;0.0;0.05357142857142857;0.0;0.0;0.0;0.0;0.0
10;0;0.0;0.0;0.0;0.17857142857142858;0.0;0.0;0.0;0.0;0.0
6;0;0.0;0.0;0.0;0.10714285714285714;0.0;0.0;0.0;0.0;0.0
4;0;0.0;0.0;0.0;0.07142857142857142;0.0;0.0;0.0;0.0;0.0
5;0;0.0;0.0;0.0;0.08928571428571429;0.0;0.0;0.0;0.0;0.0
9;0;0.0;0.0;0.0;0.16071428571428573;0.0;0.0;0.0;0.0;0.0
6;0;0.0;0.0;0.0;0.10714285714285714;0.0;0.0;0.0;0.0;0.0
7;0;0.0;0.0;0.0;0.125;0.0;0.0;0.0;0.0;0.0
4;0;0.0;0.0;0.0;0.07142857142857142;0.0;0.0;0.0;0.0;0.2
10;0;0.0;0.0;0.0;0.17857142857142858;0.0;0.0;0.0;0.0;0.0
0;0;0.0;0.0;0.0;0.0;0.0;0.0;0.0;0.0;0.0
1;0;0.0;0.0;0.0;0.017857142857142856;0.0;0.0;0.0;0.0;0.0
0;0;0.0;0.0;0.0;0.0;0.0;0.0;0.0;0.0;0.0
7;0;0.0;0.0;0.0;0.125;0.0;0.0;0.0;0.0;0.0
7;0;0.0;0.0;0.0;0.125;0.0;0.0;0.0;0.0;0.0
4;0;5.51;0.0;0.0;0.07142857142857142;0.0;0.20384757676655565;0.0;0.0;0.0
3;0;0.0;0.0;0.0;0.05357142857142857;0.0;0.0;0.0;0.0;0.0
5;0;0.0;0.0;0.0;0.08928571428571429;0.0;0.0;0.0;0.0;0.0
8;0;0.0;0.0;0.0;0.14285714285714285;0.0;0.0;0.0;0.0;0.0
0;0;0.0;0.0;0.0;0.0;0.0;0.0;0.0;0.0;0.0
2;0;0.2;0.0;0.0;0.03571428571428571;0.0;0.007399186089530152;0.0;0.0;0.4
6;0;0.0;0.0;0.0;0.10714285714285714;0.0;0.0;0.0;0.0;0.0
7;0;0.0;0.0;0.0;0.125;0.0;0.0;0.0;0.0;0.0
9;0;0.0;0.0;0.0;0.16071428571428573;0.0;0.0;0.0;0.0;0.0
2;0;0.0;0.0;0.0;0.03571428571428571;0.0;0.0;0.0;0.0;0.0
18;0;0.0;0.0;0.0;0.32142857142857145;0.0;0.0;0.0;0.0;0.0
4;0;0.0;0.0;0.0;0.07142857142857142;0.0;0.0;0.0;0.0;0.0
0;0;0.0;0.0;0.0;0.0;0.0;0.0;0.0;0.0;0.0
1;0;0.0;0.0;0.0;0.017857142857142856;0.0;0.0;0.0;0.0;0.0
22;0;0.0;0.0;0.0;0.39285714285714285;0.0;0.0;0.0;0.0;0.0
0;0;1.38;0.0;0.0;0.0;0.0;0.05105438401775804;0.0;0.0;0.39
0;0;0.0;0.0;0.0;0.0;0.0;0.0;0.0;0.0;0.0
5;0;0.0;0.0;0.0;0.08928571428571429;0.0;0.0;0.0;0.0;0.0
9;0;0.2;0.0;0.0;0.16071428571428573;0.0;0.007399186089530152;0.0;0.0;0.0
1;0;0.39;0.0;0.0;0.017857142857142856;0.0;0.014428412874583796;0.0;0.0;0.4
0;0;0.0;0.0;0.0;0.0;0.0;0.0;0.0;0.0;0.0
5;0;0.0;0.0;0.0;0.08928571428571429;0.0;0.0;0.0;0.0;0.0
3;0;0.0;0.0;0.0;0.05357142857142857;0.0;0.0;0.0;0.0;0.0
11;0;0.0;0.0;0.0;0.19642857142857142;0.0;0.0;0.0;0.0;0.0
17;0;0.0;0.0;0.0;0.30357142857142855;0.0;0.0;0.0;0.0;0.0
1;0;0.0;0.0;0.0;0.017857142857142856;0.0;0.0;0.0;0.0;0.0
21;0;0.0;0.0;0.0;0.375;0.0;0.0;0.0;0.0;0.0
2;0;0.0;0.0;0.0;0.03571428571428571;0.0;0.0;0.0;0.0;0.0
14;0;0.0;0.0;0.0;0.25;0.0;0.0;0.0;0.0;0.0
0;0;0.0;0.0;0.0;0.0;0.0;0.0;0.0;0.0;0.0
1;0;0.0;0.0;0.0;0.017857142857142856;0.0;0.0;0.0;0.0;0.0
6;0;0.0;0.0;0.0;0.10714285714285714;0.0;0.0;0.0;0.0;0.0
2;0;0.0;0.0;0.0;0.03571428571428571;0.0;0.0;0.0;0.0;0.0
5;0;0.0;0.0;0.0;0.08928571428571429;0.0;0.0;0.0;0.0;0.0
17;0;0.0;0.0;0.0;0.30357142857142855;0.0;0.0;0.0;0.0;0.0
9;0;0.0;0.0;0.0;0.16071428571428573;0.0;0.0;0.0;0.0;0.0
13;0;0.0;0.0;0.0;0.23214285714285715;0.0;0.0;0.0;0.0;0.0
3;0;0.4;0.0;0.0;0.05357142857142857;0.0;0.014798372179060304;0.0;0.0;0.4
7;0;0.0;0.0;0.0;0.125;0.0;0.0;0.0;0.0;0.0
8;0;0.2;0.0;0.0;0.14285714285714285;0.0;0.007399186089530152;0.0;0.0;0.2
0;0;0.0;0.0;0.0;0.0;0.0;0.0;0.0;0.0;0.0
3;0;0.0;0.0;0.0;0.05357142857142857;0.0;0.0;0.0;0.0;0.0
1;0;0.0;0.0;0.0;0.017857142857142856;0.0;0.0;0.0;0.0;0.0
5;0;0.0;0.0;0.0;0.08928571428571429;0.0;0.0;0.0;0.0;0.0
2;0;0.0;0.0;0.0;0.03571428571428571;0.0;0.0;0.0;0.0;0.0
11;0;0.0;0.0;0.0;0.19642857142857142;0.0;0.0;0.0;0.0;0.0
2;0;0.0;0.0;0.0;0.03571428571428571;0.0;0.0;0.0;0.0;0.0
4;0;0.0;0.0;0.0;0.07142857142857142;0.0;0.0;0.0;0.0;0.0
1;0;0.0;0.0;0.0;0.017857142857142856;0.0;0.0;0.0;0.0;0.0
5;0;0.0;0.0;0.0;0.08928571428571429;0.0;0.0;0.0;0.0;0.0
5;0;0.0;0.0;0.0;0.08928571428571429;0.0;0.0;0.0;0.0;0.0
5;0;0.2;0.0;0.0;0.08928571428571429;0.0;0.007399186089530152;0.0;0.0;0.0
2;0;0.0;0.0;0.0;0.03571428571428571;0.0;0.0;0.0;0.0;0.0
10;0;0.0;0.0;0.0;0.17857142857142858;0.0;0.0;0.0;0.0;0.0
1;0;0.0;0.0;0.0;0.017857142857142856;0.0;0.0;0.0;0.0;0.0
1;0;0.0;0.0;0.0;0.017857142857142856;0.0;0.0;0.0;0.0;0.0
3;0;0.0;0.0;0.0;0.05357142857142857;0.0;0.0;0.0;0.0;0.0
2;0;0.0;0.0;0.0;0.03571428571428571;0.0;0.0;0.0;0.0;0.0
5;0;0.0;0.0;0.0;0.08928571428571429;0.0;0.0;0.0;0.0;0.0
16;0;0.0;0.0;0.0;0.2857142857142857;0.0;0.0;0.0;0.0;0.0
2;0;0.0;0.0;0.0;0.03571428571428571;0.0;0.0;0.0;0.0;0.0
8;0;0.0;0.0;0.0;0.14285714285714285;0.0;0.0;0.0;0.0;0.0
16;0;1.57;0.0;0.0;0.2857142857142857;0.0;0.05808361080281169;0.0;0.0;0.79
17;2;0.2;8.287956770017487e-06;0.0032258064516129032;0.30357142857142855;1.0;0.007399186089530152;1.0;1.0;0.0
8;0;0.0;0.0;0.0;0.14285714285714285;0.0;0.0;0.0;0.0;0.0
3;0;0.0;0.0;0.0;0.05357142857142857;0.0;0.0;0.0;0.0;0.0
0;0;0.0;0.0;0.0;0.0;0.0;0.0;0.0;0.0;0.0
5;0;0.0;0.0;0.0;0.08928571428571429;0.0;0.0;0.0;0.0;0.2
4;0;0.0;0.0;0.0;0.07142857142857142;0.0;0.0;0.0;0.0;0.0
0;0;0.0;0.0;0.0;0.0;0.0;0.0;0.0;0.0;0.0
12;0;0.0;0.0;0.0;0.21428571428571427;0.0;0.0;0.0;0.0;0.0
4;0;0.0;0.0;0.0;0.07142857142857142;0.0;0.0;0.0;0.0;0.0
2;0;0.0;0.0;0.0;0.03571428571428571;0.0;0.0;0.0;0.0;0.78
11;0;0.0;0.0;0.0;0.19642857142857142;0.0;0.0;0.0;0.0;0.0
4;0;0.0;0.0;0.0;0.07142857142857142;0.0;0.0;0.0;0.0;0.0
6;0;0.0;0.0;0.0;0.10714285714285714;0.0;0.0;0.0;0.0;0.0
2;0;0.0;0.0;0.0;0.03571428571428571;0.0;0.0;0.0;0.0;0.0
6;0;0.0;0.0;0.0;0.10714285714285714;0.0;0.0;0.0;0.0;0.0
11;0;0.0;0.0;0.0;0.19642857142857142;0.0;0.0;0.0;0.0;0.0
0;0;0.0;0.0;0.0;0.0;0.0;0.0;0.0;0.0;2.16
1;0;0.0;0.0;0.0;0.017857142857142856;0.0;0.0;0.0;0.0;0.0
2;0;0.0;0.0;0.0;0.03571428571428571;0.0;0.0;0.0;0.0;0.0
0;0;0.0;0.0;0.0;0.0;0.0;0.0;0.0;0.0;0.0
6;0;0.0;0.0;0.0;0.10714285714285714;0.0;0.0;0.0;0.0;0.0
6;0;0.0;0.0;0.0;0.10714285714285714;0.0;0.0;0.0;0.0;0.0
0;0;0.0;0.0;0.0;0.0;0.0;0.0;0.0;0.0;0.0
20;0;0.0;0.0;0.0;0.35714285714285715;0.0;0.0;0.0;0.0;0.0
6;0;0.0;0.0;0.0;0.10714285714285714;0.0;0.0;0.0;0.0;0.0
6;0;0.0;0.0;0.0;0.10714285714285714;0.0;0.0;0.0;0.0;0.0
0;0;0.0;0.0;0.0;0.0;0.0;0.0;0.0;0.0;0.0
22;0;0.0;0.0;0.0;0.39285714285714285;0.0;0.0;0.0;0.0;0.0
6;0;0.0;0.0;0.0;0.10714285714285714;0.0;0.0;0.0;0.0;0.0
6;0;0.0;0.0;0.0;0.10714285714285714;0.0;0.0;0.0;0.0;0.0
10;0;0.0;0.0;0.0;0.17857142857142858;0.0;0.0;0.0;0.0;0.0
0;0;0.0;0.0;0.0;0.0;0.0;0.0;0.0;0.0;0.0
2;0;0.0;0.0;0.0;0.03571428571428571;0.0;0.0;0.0;0.0;0.0
4;0;0.0;0.0;0.0;0.07142857142857142;0.0;0.0;0.0;0.0;0.0
4;1;0.2;4.143978385008743e-06;0.0016129032258064516;0.07142857142857142;0.5;0.007399186089530152;0.5;0.5;0.0
11;0;0.0;0.0;0.0;0.19642857142857142;0.0;0.0;0.0;0.0;0.0
3;0;0.0;0.0;0.0;0.05357142857142857;0.0;0.0;0.0;0.0;0.0
1;0;0.0;0.0;0.0;0.017857142857142856;0.0;0.0;0.0;0.0;0.79
4;0;0.0;0.0;0.0;0.07142857142857142;0.0;0.0;0.0;0.0;0.0
1;0;0.2;0.0;0.0;0.017857142857142856;0.0;0.007399186089530152;0.0;0.0;0.0
0;0;0.0;0.0;0.0;0.0;0.0;0.0;0.0;0.0;0.0
0;0;0.0;0.0;0.0;0.0;0.0;0.0;0.0;0.0;0.0
2;0;0.0;0.0;0.0;0.03571428571428571;0.0;0.0;0.0;0.0;0.2
0;0;0.79;0.0;0.0;0.0;0.0;0.029226785053644098;0.0;0.0;0.2
0;0;0.0;0.0;0.0;0.0;0.0;0.0;0.0;0.0;0.0
10;0;0.0;0.0;0.0;0.17857142857142858;0.0;0.0;0.0;0.0;0.0
10;0;0.0;0.0;0.0;0.17857142857142858;0.0;0.0;0.0;0.0;0.0
9;0;0.0;0.0;0.0;0.16071428571428573;0.0;0.0;0.0;0.0;0.0
9;0;0.0;0.0;0.0;0.16071428571428573;0.0;0.0;0.0;0.0;0.0
8;0;0.0;0.0;0.0;0.14285714285714285;0.0;0.0;0.0;0.0;0.0
11;0;0.0;0.0;0.0;0.19642857142857142;0.0;0.0;0.0;0.0;0.0
7;0;0.0;0.0;0.0;0.125;0.0;0.0;0.0;0.0;0.0
1;0;0.0;0.0;0.0;0.017857142857142856;0.0;0.0;0.0;0.0;0.0
3;0;0.0;0.0;0.0;0.05357142857142857;0.0;0.0;0.0;0.0;0.0
9;0;0.2;0.0;0.0;0.16071428571428573;0.0;0.007399186089530152;0.0;0.0;0.0
4;0;0.0;0.0;0.0;0.07142857142857142;0.0;0.0;0.0;0.0;0.0
12;0;0.0;0.0;0.0;0.21428571428571427;0.0;0.0;0.0;0.0;0.0
15;0;0.0;0.0;0.0;0.26785714285714285;0.0;0.0;0.0;0.0;0.0
0;0;0.0;0.0;0.0;0.0;0.0;0.0;0.0;0.0;0.0
0;0;0.0;0.0;0.0;0.0;0.0;0.0;0.0;0.0;0.0
2;0;0.0;0.0;0.0;0.03571428571428571;0.0;0.0;0.0;0.0;0.0
9;0;0.0;0.0;0.0;0.16071428571428573;0.0;0.0;0.0;0.0;0.0
2;0;0.0;0.0;0.0;0.03571428571428571;0.0;0.0;0.0;0.0;0.0
0;0;0.0;0.0;0.0;0.0;0.0;0.0;0.0;0.0;0.0
6;0;0.0;0.0;0.0;0.10714285714285714;0.0;0.0;0.0;0.0;0.0
9;0;0.0;0.0;0.0;0.16071428571428573;0.0;0.0;0.0;0.0;0.0
0;0;0.0;0.0;0.0;0.0;0.0;0.0;0.0;0.0;0.0
9;0;0.0;0.0;0.0;0.16071428571428573;0.0;0.0;0.0;0.0;0.0
5;0;0.0;0.0;0.0;0.08928571428571429;0.0;0.0;0.0;0.0;0.0
1;0;0.0;0.0;0.0;0.017857142857142856;0.0;0.0;0.0;0.0;0.0
0;0;0.0;0.0;0.0;0.0;0.0;0.0;0.0;0.0;0.0
6;0;0.0;0.0;0.0;0.10714285714285714;0.0;0.0;0.0;0.0;0.0
9;0;0.0;0.0;0.0;0.16071428571428573;0.0;0.0;0.0;0.0;0.0
1;0;0.0;0.0;0.0;0.017857142857142856;0.0;0.0;0.0;0.0;0.0
8;0;0.0;0.0;0.0;0.14285714285714285;0.0;0.0;0.0;0.0;0.0
2;0;0.59;0.0;0.0;0.03571428571428571;0.0;0.021827598964113945;0.0;0.0;0.0
6;0;0.0;0.0;0.0;0.10714285714285714;0.0;0.0;0.0;0.0;0.0
5;0;0.0;0.0;0.0;0.08928571428571429;0.0;0.0;0.0;0.0;0.0
8;0;0.0;0.0;0.0;0.14285714285714285;0.0;0.0;0.0;0.0;0.0
4;0;0.0;0.0;0.0;0.07142857142857142;0.0;0.0;0.0;0.0;0.0
4;0;0.0;0.0;0.0;0.07142857142857142;0.0;0.0;0.0;0.0;0.0
26;0;0.0;0.0;0.0;0.4642857142857143;0.0;0.0;0.0;0.0;0.0
2;0;0.0;0.0;0.0;0.03571428571428571;0.0;0.0;0.0;0.0;0.0
1;0;0.0;0.0;0.0;0.017857142857142856;0.0;0.0;0.0;0.0;0.0
1;0;0.0;0.0;0.0;0.017857142857142856;0.0;0.0;0.0;0.0;0.0
3;0;0.0;0.0;0.0;0.05357142857142857;0.0;0.0;0.0;0.0;0.0
19;0;0.79;0.0;0.0;0.3392857142857143;0.0;0.029226785053644098;0.0;0.0;0.4
3;0;0.0;0.0;0.0;0.05357142857142857;0.0;0.0;0.0;0.0;0.0
2;0;0.0;0.0;0.0;0.03571428571428571;0.0;0.0;0.0;0.0;0.0
2;0;0.0;0.0;0.0;0.03571428571428571;0.0;0.0;0.0;0.0;0.0
3;0;0.0;0.0;0.0;0.05357142857142857;0.0;0.0;0.0;0.0;0.0
12;0;0.0;0.0;0.0;0.21428571428571427;0.0;0.0;0.0;0.0;0.0
0;0;0.2;0.0;0.0;0.0;0.0;0.007399186089530152;0.0;0.0;0.78
29;0;0.0;0.0;0.0;0.5178571428571429;0.0;0.0;0.0;0.0;0.0
18;0;0.0;0.0;0.0;0.32142857142857145;0.0;0.0;0.0;0.0;0.0
7;0;0.0;0.0;0.0;0.125;0.0;0.0;0.0;0.0;0.0
4;0;0.0;0.0;0.0;0.07142857142857142;0.0;0.0;0.0;0.0;0.0
7;0;0.0;0.0;0.0;0.125;0.0;0.0;0.0;0.0;0.0
2;0;0.0;0.0;0.0;0.03571428571428571;0.0;0.0;0.0;0.0;0.0
1;0;0.0;0.0;0.0;0.017857142857142856;0.0;0.0;0.0;0.0;0.0
10;0;0.0;0.0;0.0;0.17857142857142858;0.0;0.0;0.0;0.0;0.0
3;0;0.0;0.0;0.0;0.05357142857142857;0.0;0.0;0.0;0.0;0.0
27;0;0.0;0.0;0.0;0.48214285714285715;0.0;0.0;0.0;0.0;0.0
0;0;0.0;0.0;0.0;0.0;0.0;0.0;0.0;0.0;0.0
3;0;0.0;0.0;0.0;0.05357142857142857;0.0;0.0;0.0;0.0;0.0
2;0;0.0;0.0;0.0;0.03571428571428571;0.0;0.0;0.0;0.0;0.0
3;0;0.0;0.0;0.0;0.05357142857142857;0.0;0.0;0.0;0.0;0.0
0;0;0.2;0.0;0.0;0.0;0.0;0.007399186089530152;0.0;0.0;0.6
4;0;0.0;0.0;0.0;0.07142857142857142;0.0;0.0;0.0;0.0;0.0
7;0;0.0;0.0;0.0;0.125;0.0;0.0;0.0;0.0;0.0
5;0;0.0;0.0;0.0;0.08928571428571429;0.0;0.0;0.0;0.0;0.0
21;1;14.76;4.143978385008743e-06;0.0016129032258064516;0.375;0.5;0.5460599334073252;0.5;0.5;0.39
10;0;0.0;0.0;0.0;0.17857142857142858;0.0;0.0;0.0;0.0;0.0
13;0;0.0;0.0;0.0;0.23214285714285715;0.0;0.0;0.0;0.0;0.0
1;0;0.0;0.0;0.0;0.017857142857142856;0.0;0.0;0.0;0.0;0.0
11;0;0.0;0.0;0.0;0.19642857142857142;0.0;0.0;0.0;0.0;0.0
0;0;0.0;0.0;0.0;0.0;0.0;0.0;0.0;0.0;0.0
4;0;0.0;0.0;0.0;0.07142857142857142;0.0;0.0;0.0;0.0;0.0
2;0;0.0;0.0;0.0;0.03571428571428571;0.0;0.0;0.0;0.0;0.0
6;0;0.0;0.0;0.0;0.10714285714285714;0.0;0.0;0.0;0.0;0.0
2;0;0.0;0.0;0.0;0.03571428571428571;0.0;0.0;0.0;0.0;0.0
4;0;0.0;0.0;0.0;0.07142857142857142;0.0;0.0;0.0;0.0;0.0
3;0;0.0;0.0;0.0;0.05357142857142857;0.0;0.0;0.0;0.0;0.0
1;0;0.2;0.0;0.0;0.017857142857142856;0.0;0.007399186089530152;0.0;0.0;0.0
3;0;0.99;0.0;0.0;0.05357142857142857;0.0;0.03662597114317425;0.0;0.0;0.4
5;0;0.0;0.0;0.0;0.08928571428571429;0.0;0.0;0.0;0.0;0.0
1;0;0.0;0.0;0.0;0.017857142857142856;0.0;0.0;0.0;0.0;0.0
