tweets;related;rainfall class;precision;recall;Normalized tweets;Normalized related;Normalized rainfall class;Normalized precision;Normalized recall;Next batch rainfall class
1;0;0.0;0.0;0.0;0.05;0.0;0.0;0.0;0.0;0
0;0;0.0;0.0;0.0;0.0;0.0;0.0;0.0;0.0;0
0;0;0.0;0.0;0.0;0.0;0.0;0.0;0.0;0.0;0
0;0;0.0;0.0;0.0;0.0;0.0;0.0;0.0;0.0;0
2;0;0.0;0.0;0.0;0.1;0.0;0.0;0.0;0.0;0
1;0;0.0;0.0;0.0;0.05;0.0;0.0;0.0;0.0;0
0;0;0.98;0.0;0.0;0.0;0.0;0.047411707789066275;0.0;0.0;0
2;0;0.0;0.0;0.0;0.1;0.0;0.0;0.0;0.0;0
0;0;0.0;0.0;0.0;0.0;0.0;0.0;0.0;0.0;0
2;0;0.0;0.0;0.0;0.1;0.0;0.0;0.0;0.0;0
0;0;0.0;0.0;0.0;0.0;0.0;0.0;0.0;0.0;0
0;0;0.0;0.0;0.0;0.0;0.0;0.0;0.0;0.0;0
0;0;0.0;0.0;0.0;0.0;0.0;0.0;0.0;0.0;0
0;0;0.0;0.0;0.0;0.0;0.0;0.0;0.0;0.0;0
1;0;0.0;0.0;0.0;0.05;0.0;0.0;0.0;0.0;0
0;0;0.0;0.0;0.0;0.0;0.0;0.0;0.0;0.0;0
0;0;0.0;0.0;0.0;0.0;0.0;0.0;0.0;0.0;0
0;0;0.0;0.0;0.0;0.0;0.0;0.0;0.0;0.0;0
0;0;0.0;0.0;0.0;0.0;0.0;0.0;0.0;0.0;0
1;0;0.0;0.0;0.0;0.05;0.0;0.0;0.0;0.0;0
0;0;0.0;0.0;0.0;0.0;0.0;0.0;0.0;0.0;0
0;0;0.0;0.0;0.0;0.0;0.0;0.0;0.0;0.0;0
2;0;0.0;0.0;0.0;0.1;0.0;0.0;0.0;0.0;0
1;0;0.0;0.0;0.0;0.05;0.0;0.0;0.0;0.0;0
0;0;0.0;0.0;0.0;0.0;0.0;0.0;0.0;0.0;0
1;0;0.0;0.0;0.0;0.05;0.0;0.0;0.0;0.0;0
0;0;0.4;0.0;0.0;0.0;0.0;0.019351717464925013;0.0;0.0;0
0;0;0.0;0.0;0.0;0.0;0.0;0.0;0.0;0.0;0
0;0;0.0;0.0;0.0;0.0;0.0;0.0;0.0;0.0;0
1;0;0.0;0.0;0.0;0.05;0.0;0.0;0.0;0.0;0
0;0;0.0;0.0;0.0;0.0;0.0;0.0;0.0;0.0;0
0;0;0.0;0.0;0.0;0.0;0.0;0.0;0.0;0.0;0
2;0;0.0;0.0;0.0;0.1;0.0;0.0;0.0;0.0;0
1;0;0.0;0.0;0.0;0.05;0.0;0.0;0.0;0.0;0
1;0;0.0;0.0;0.0;0.05;0.0;0.0;0.0;0.0;0
3;0;0.0;0.0;0.0;0.15;0.0;0.0;0.0;0.0;0
0;0;0.0;0.0;0.0;0.0;0.0;0.0;0.0;0.0;0
0;0;0.0;0.0;0.0;0.0;0.0;0.0;0.0;0.0;0
0;0;0.0;0.0;0.0;0.0;0.0;0.0;0.0;0.0;0
1;0;0.0;0.0;0.0;0.05;0.0;0.0;0.0;0.0;0
1;0;0.0;0.0;0.0;0.05;0.0;0.0;0.0;0.0;0
1;0;2.95;0.0;0.0;0.05;0.0;0.14271891630382197;0.0;0.0;0
1;0;0.0;0.0;0.0;0.05;0.0;0.0;0.0;0.0;0
0;0;0.0;0.0;0.0;0.0;0.0;0.0;0.0;0.0;0
1;0;0.0;0.0;0.0;0.05;0.0;0.0;0.0;0.0;0
0;0;1.97;0.0;0.0;0.0;0.0;0.09530720851475567;0.0;0.0;0
0;0;0.0;0.0;0.0;0.0;0.0;0.0;0.0;0.0;0
4;0;0.0;0.0;0.0;0.2;0.0;0.0;0.0;0.0;0
6;0;0.0;0.0;0.0;0.3;0.0;0.0;0.0;0.0;0
0;0;2.16;0.0;0.0;0.0;0.0;0.10449927431059507;0.0;0.0;0
1;0;0.4;0.0;0.0;0.05;0.0;0.019351717464925013;0.0;0.0;0
1;0;0.0;0.0;0.0;0.05;0.0;0.0;0.0;0.0;0
1;0;0.0;0.0;0.0;0.05;0.0;0.0;0.0;0.0;0
3;0;0.0;0.0;0.0;0.15;0.0;0.0;0.0;0.0;0
0;0;0.0;0.0;0.0;0.0;0.0;0.0;0.0;0.0;0
0;0;0.4;0.0;0.0;0.0;0.0;0.019351717464925013;0.0;0.0;0
0;0;0.0;0.0;0.0;0.0;0.0;0.0;0.0;0.0;0
1;0;0.0;0.0;0.0;0.05;0.0;0.0;0.0;0.0;0
0;0;0.0;0.0;0.0;0.0;0.0;0.0;0.0;0.0;0
2;0;0.4;0.0;0.0;0.1;0.0;0.019351717464925013;0.0;0.0;0
2;0;0.0;0.0;0.0;0.1;0.0;0.0;0.0;0.0;0
0;0;0.0;0.0;0.0;0.0;0.0;0.0;0.0;0.0;0
0;0;0.0;0.0;0.0;0.0;0.0;0.0;0.0;0.0;0
1;0;0.0;0.0;0.0;0.05;0.0;0.0;0.0;0.0;0
2;0;0.0;0.0;0.0;0.1;0.0;0.0;0.0;0.0;0
3;0;0.0;0.0;0.0;0.15;0.0;0.0;0.0;0.0;0
0;0;0.0;0.0;0.0;0.0;0.0;0.0;0.0;0.0;0
0;0;17.23;0.0;0.0;0.0;0.0;0.8335752298016449;0.0;0.0;0
0;0;0.0;0.0;0.0;0.0;0.0;0.0;0.0;0.0;0
4;0;0.0;0.0;0.0;0.2;0.0;0.0;0.0;0.0;0
0;0;0.0;0.0;0.0;0.0;0.0;0.0;0.0;0.0;0
1;0;0.0;0.0;0.0;0.05;0.0;0.0;0.0;0.0;0
0;0;0.79;0.0;0.0;0.0;0.0;0.038219641993226895;0.0;0.0;0
10;0;0.0;0.0;0.0;0.5;0.0;0.0;0.0;0.0;0
2;0;0.0;0.0;0.0;0.1;0.0;0.0;0.0;0.0;0
0;0;0.78;0.0;0.0;0.0;0.0;0.03773584905660377;0.0;0.0;0
2;0;0.4;0.0;0.0;0.1;0.0;0.019351717464925013;0.0;0.0;0
0;0;0.0;0.0;0.0;0.0;0.0;0.0;0.0;0.0;0
0;0;0.0;0.0;0.0;0.0;0.0;0.0;0.0;0.0;0
3;0;0.0;0.0;0.0;0.15;0.0;0.0;0.0;0.0;0
1;0;0.0;0.0;0.0;0.05;0.0;0.0;0.0;0.0;0
0;0;2.36;0.0;0.0;0.0;0.0;0.11417513304305756;0.0;0.0;0
0;0;0.0;0.0;0.0;0.0;0.0;0.0;0.0;0.0;0
0;0;0.0;0.0;0.0;0.0;0.0;0.0;0.0;0.0;0
0;0;0.0;0.0;0.0;0.0;0.0;0.0;0.0;0.0;0
0;0;0.0;0.0;0.0;0.0;0.0;0.0;0.0;0.0;0
1;0;0.0;0.0;0.0;0.05;0.0;0.0;0.0;0.0;0
0;0;0.0;0.0;0.0;0.0;0.0;0.0;0.0;0.0;0
0;0;0.0;0.0;0.0;0.0;0.0;0.0;0.0;0.0;0
0;0;0.98;0.0;0.0;0.0;0.0;0.047411707789066275;0.0;0.0;0
0;0;0.0;0.0;0.0;0.0;0.0;0.0;0.0;0.0;0
0;0;0.0;0.0;0.0;0.0;0.0;0.0;0.0;0.0;0
3;0;0.0;0.0;0.0;0.15;0.0;0.0;0.0;0.0;0
2;0;0.0;0.0;0.0;0.1;0.0;0.0;0.0;0.0;0
4;0;0.0;0.0;0.0;0.2;0.0;0.0;0.0;0.0;0
0;0;0.0;0.0;0.0;0.0;0.0;0.0;0.0;0.0;0
0;0;0.0;0.0;0.0;0.0;0.0;0.0;0.0;0.0;0
0;0;0.2;0.0;0.0;0.0;0.0;0.009675858732462506;0.0;0.0;0
1;0;0.0;0.0;0.0;0.05;0.0;0.0;0.0;0.0;0
0;0;0.0;0.0;0.0;0.0;0.0;0.0;0.0;0.0;0
0;0;0.0;0.0;0.0;0.0;0.0;0.0;0.0;0.0;0
0;0;0.0;0.0;0.0;0.0;0.0;0.0;0.0;0.0;0
1;0;0.0;0.0;0.0;0.05;0.0;0.0;0.0;0.0;0
0;0;0.0;0.0;0.0;0.0;0.0;0.0;0.0;0.0;0
0;0;0.0;0.0;0.0;0.0;0.0;0.0;0.0;0.0;0
2;0;0.0;0.0;0.0;0.1;0.0;0.0;0.0;0.0;0
1;0;0.0;0.0;0.0;0.05;0.0;0.0;0.0;0.0;0
0;0;0.0;0.0;0.0;0.0;0.0;0.0;0.0;0.0;0
0;0;0.0;0.0;0.0;0.0;0.0;0.0;0.0;0.0;0
1;0;0.0;0.0;0.0;0.05;0.0;0.0;0.0;0.0;0
0;0;0.99;0.0;0.0;0.0;0.0;0.0478955007256894;0.0;0.0;0
1;0;0.0;0.0;0.0;0.05;0.0;0.0;0.0;0.0;0
0;0;0.0;0.0;0.0;0.0;0.0;0.0;0.0;0.0;0
0;0;0.0;0.0;0.0;0.0;0.0;0.0;0.0;0.0;0
20;0;0.0;0.0;0.0;1.0;0.0;0.0;0.0;0.0;0
2;0;0.2;0.0;0.0;0.1;0.0;0.009675858732462506;0.0;0.0;0
0;0;0.0;0.0;0.0;0.0;0.0;0.0;0.0;0.0;0
0;0;0.0;0.0;0.0;0.0;0.0;0.0;0.0;0.0;0
4;0;0.0;0.0;0.0;0.2;0.0;0.0;0.0;0.0;0
0;0;0.0;0.0;0.0;0.0;0.0;0.0;0.0;0.0;0
0;0;0.0;0.0;0.0;0.0;0.0;0.0;0.0;0.0;0
2;0;0.0;0.0;0.0;0.1;0.0;0.0;0.0;0.0;0
0;0;0.0;0.0;0.0;0.0;0.0;0.0;0.0;0.0;0
0;0;0.0;0.0;0.0;0.0;0.0;0.0;0.0;0.0;0
0;0;0.0;0.0;0.0;0.0;0.0;0.0;0.0;0.0;0
2;0;0.0;0.0;0.0;0.1;0.0;0.0;0.0;0.0;0
3;0;0.0;0.0;0.0;0.15;0.0;0.0;0.0;0.0;0
1;0;0.0;0.0;0.0;0.05;0.0;0.0;0.0;0.0;0
3;0;0.0;0.0;0.0;0.15;0.0;0.0;0.0;0.0;0
0;0;0.0;0.0;0.0;0.0;0.0;0.0;0.0;0.0;0
1;0;0.0;0.0;0.0;0.05;0.0;0.0;0.0;0.0;0
0;0;0.0;0.0;0.0;0.0;0.0;0.0;0.0;0.0;0
0;0;0.0;0.0;0.0;0.0;0.0;0.0;0.0;0.0;0
0;0;0.0;0.0;0.0;0.0;0.0;0.0;0.0;0.0;0
1;0;0.0;0.0;0.0;0.05;0.0;0.0;0.0;0.0;0
5;0;0.0;0.0;0.0;0.25;0.0;0.0;0.0;0.0;0
1;0;0.0;0.0;0.0;0.05;0.0;0.0;0.0;0.0;0
2;0;0.0;0.0;0.0;0.1;0.0;0.0;0.0;0.0;0
3;0;0.59;0.0;0.0;0.15;0.0;0.02854378326076439;0.0;0.0;0
1;0;0.0;0.0;0.0;0.05;0.0;0.0;0.0;0.0;0
0;0;0.0;0.0;0.0;0.0;0.0;0.0;0.0;0.0;0
0;0;0.0;0.0;0.0;0.0;0.0;0.0;0.0;0.0;0
0;0;0.0;0.0;0.0;0.0;0.0;0.0;0.0;0.0;0
0;0;0.0;0.0;0.0;0.0;0.0;0.0;0.0;0.0;0
1;0;0.0;0.0;0.0;0.05;0.0;0.0;0.0;0.0;0
0;0;0.0;0.0;0.0;0.0;0.0;0.0;0.0;0.0;0
0;0;0.0;0.0;0.0;0.0;0.0;0.0;0.0;0.0;0
1;0;0.0;0.0;0.0;0.05;0.0;0.0;0.0;0.0;0
0;0;0.0;0.0;0.0;0.0;0.0;0.0;0.0;0.0;0
0;0;0.0;0.0;0.0;0.0;0.0;0.0;0.0;0.0;0
1;0;0.0;0.0;0.0;0.05;0.0;0.0;0.0;0.0;0
0;0;0.0;0.0;0.0;0.0;0.0;0.0;0.0;0.0;0
2;0;0.0;0.0;0.0;0.1;0.0;0.0;0.0;0.0;0
1;0;0.0;0.0;0.0;0.05;0.0;0.0;0.0;0.0;0
1;0;0.0;0.0;0.0;0.05;0.0;0.0;0.0;0.0;0
3;0;0.0;0.0;0.0;0.15;0.0;0.0;0.0;0.0;0
0;0;0.0;0.0;0.0;0.0;0.0;0.0;0.0;0.0;0
1;0;0.0;0.0;0.0;0.05;0.0;0.0;0.0;0.0;0
3;0;0.0;0.0;0.0;0.15;0.0;0.0;0.0;0.0;0
0;0;0.0;0.0;0.0;0.0;0.0;0.0;0.0;0.0;0
0;0;0.0;0.0;0.0;0.0;0.0;0.0;0.0;0.0;0
0;0;0.0;0.0;0.0;0.0;0.0;0.0;0.0;0.0;0
0;0;0.0;0.0;0.0;0.0;0.0;0.0;0.0;0.0;0
3;0;0.0;0.0;0.0;0.15;0.0;0.0;0.0;0.0;0
0;0;0.0;0.0;0.0;0.0;0.0;0.0;0.0;0.0;0
0;0;0.0;0.0;0.0;0.0;0.0;0.0;0.0;0.0;0
0;0;0.0;0.0;0.0;0.0;0.0;0.0;0.0;0.0;0
0;0;0.2;0.0;0.0;0.0;0.0;0.009675858732462506;0.0;0.0;0
0;0;0.0;0.0;0.0;0.0;0.0;0.0;0.0;0.0;0
1;0;0.0;0.0;0.0;0.05;0.0;0.0;0.0;0.0;0
0;0;0.0;0.0;0.0;0.0;0.0;0.0;0.0;0.0;0
1;0;0.0;0.0;0.0;0.05;0.0;0.0;0.0;0.0;0
0;0;0.0;0.0;0.0;0.0;0.0;0.0;0.0;0.0;0
0;0;0.0;0.0;0.0;0.0;0.0;0.0;0.0;0.0;0
1;0;3.34;0.0;0.0;0.05;0.0;0.16158684083212382;0.0;0.0;0
0;0;0.0;0.0;0.0;0.0;0.0;0.0;0.0;0.0;0
1;0;0.0;0.0;0.0;0.05;0.0;0.0;0.0;0.0;0
1;0;0.0;0.0;0.0;0.05;0.0;0.0;0.0;0.0;0
0;0;0.0;0.0;0.0;0.0;0.0;0.0;0.0;0.0;0
0;0;0.0;0.0;0.0;0.0;0.0;0.0;0.0;0.0;0
0;0;0.0;0.0;0.0;0.0;0.0;0.0;0.0;0.0;0
0;0;0.0;0.0;0.0;0.0;0.0;0.0;0.0;0.0;0
0;0;0.2;0.0;0.0;0.0;0.0;0.009675858732462506;0.0;0.0;0
0;0;0.0;0.0;0.0;0.0;0.0;0.0;0.0;0.0;0
1;0;0.2;0.0;0.0;0.05;0.0;0.009675858732462506;0.0;0.0;0
2;0;0.0;0.0;0.0;0.1;0.0;0.0;0.0;0.0;0
1;0;0.4;0.0;0.0;0.05;0.0;0.019351717464925013;0.0;0.0;0
1;0;0.0;0.0;0.0;0.05;0.0;0.0;0.0;0.0;0
0;0;1.77;0.0;0.0;0.0;0.0;0.08563134978229317;0.0;0.0;0
0;0;0.0;0.0;0.0;0.0;0.0;0.0;0.0;0.0;0
1;0;0.0;0.0;0.0;0.05;0.0;0.0;0.0;0.0;0
2;0;0.0;0.0;0.0;0.1;0.0;0.0;0.0;0.0;0
1;0;0.0;0.0;0.0;0.05;0.0;0.0;0.0;0.0;0
2;0;0.0;0.0;0.0;0.1;0.0;0.0;0.0;0.0;0
6;0;0.0;0.0;0.0;0.3;0.0;0.0;0.0;0.0;0
5;0;0.0;0.0;0.0;0.25;0.0;0.0;0.0;0.0;0
0;0;0.39;0.0;0.0;0.0;0.0;0.018867924528301886;0.0;0.0;0
3;0;1.57;0.0;0.0;0.15;0.0;0.07595549104983067;0.0;0.0;0
1;0;0.0;0.0;0.0;0.05;0.0;0.0;0.0;0.0;0
1;0;0.0;0.0;0.0;0.05;0.0;0.0;0.0;0.0;0
2;0;0.0;0.0;0.0;0.1;0.0;0.0;0.0;0.0;0
0;0;0.2;0.0;0.0;0.0;0.0;0.009675858732462506;0.0;0.0;0
2;0;1.17;0.0;0.0;0.1;0.0;0.056603773584905655;0.0;0.0;0
0;0;0.0;0.0;0.0;0.0;0.0;0.0;0.0;0.0;0
0;0;0.0;0.0;0.0;0.0;0.0;0.0;0.0;0.0;0
1;0;0.0;0.0;0.0;0.05;0.0;0.0;0.0;0.0;0
0;0;0.2;0.0;0.0;0.0;0.0;0.009675858732462506;0.0;0.0;0
0;0;0.0;0.0;0.0;0.0;0.0;0.0;0.0;0.0;0
0;0;0.0;0.0;0.0;0.0;0.0;0.0;0.0;0.0;0
0;0;0.6;0.0;0.0;0.0;0.0;0.029027576197387515;0.0;0.0;0
0;0;0.0;0.0;0.0;0.0;0.0;0.0;0.0;0.0;0
0;0;0.0;0.0;0.0;0.0;0.0;0.0;0.0;0.0;0
0;0;0.0;0.0;0.0;0.0;0.0;0.0;0.0;0.0;0
0;0;0.0;0.0;0.0;0.0;0.0;0.0;0.0;0.0;0
0;0;0.0;0.0;0.0;0.0;0.0;0.0;0.0;0.0;0
0;0;0.0;0.0;0.0;0.0;0.0;0.0;0.0;0.0;0
0;0;0.0;0.0;0.0;0.0;0.0;0.0;0.0;0.0;0
0;0;0.0;0.0;0.0;0.0;0.0;0.0;0.0;0.0;0
2;0;0.2;0.0;0.0;0.1;0.0;0.009675858732462506;0.0;0.0;0
3;0;0.0;0.0;0.0;0.15;0.0;0.0;0.0;0.0;0
0;0;0.0;0.0;0.0;0.0;0.0;0.0;0.0;0.0;0
17;0;0.0;0.0;0.0;0.85;0.0;0.0;0.0;0.0;0
0;0;0.0;0.0;0.0;0.0;0.0;0.0;0.0;0.0;0
1;0;0.0;0.0;0.0;0.05;0.0;0.0;0.0;0.0;0
4;0;0.0;0.0;0.0;0.2;0.0;0.0;0.0;0.0;0
0;0;0.0;0.0;0.0;0.0;0.0;0.0;0.0;0.0;0
0;0;0.0;0.0;0.0;0.0;0.0;0.0;0.0;0.0;0
0;0;0.0;0.0;0.0;0.0;0.0;0.0;0.0;0.0;0
7;0;0.0;0.0;0.0;0.35;0.0;0.0;0.0;0.0;0
0;0;0.2;0.0;0.0;0.0;0.0;0.009675858732462506;0.0;0.0;0
0;0;0.0;0.0;0.0;0.0;0.0;0.0;0.0;0.0;0
1;0;0.0;0.0;0.0;0.05;0.0;0.0;0.0;0.0;0
0;0;0.0;0.0;0.0;0.0;0.0;0.0;0.0;0.0;0
1;0;0.0;0.0;0.0;0.05;0.0;0.0;0.0;0.0;0
0;0;0.0;0.0;0.0;0.0;0.0;0.0;0.0;0.0;0
2;0;0.0;0.0;0.0;0.1;0.0;0.0;0.0;0.0;0
0;0;0.0;0.0;0.0;0.0;0.0;0.0;0.0;0.0;0
1;0;0.0;0.0;0.0;0.05;0.0;0.0;0.0;0.0;0
0;0;0.0;0.0;0.0;0.0;0.0;0.0;0.0;0.0;0
1;0;0.0;0.0;0.0;0.05;0.0;0.0;0.0;0.0;0
2;0;0.0;0.0;0.0;0.1;0.0;0.0;0.0;0.0;0
1;0;0.0;0.0;0.0;0.05;0.0;0.0;0.0;0.0;0
1;0;0.0;0.0;0.0;0.05;0.0;0.0;0.0;0.0;0
0;0;0.0;0.0;0.0;0.0;0.0;0.0;0.0;0.0;0
0;0;0.0;0.0;0.0;0.0;0.0;0.0;0.0;0.0;0
0;0;0.0;0.0;0.0;0.0;0.0;0.0;0.0;0.0;0
0;0;0.0;0.0;0.0;0.0;0.0;0.0;0.0;0.0;0
1;0;0.2;0.0;0.0;0.05;0.0;0.009675858732462506;0.0;0.0;0
0;0;0.0;0.0;0.0;0.0;0.0;0.0;0.0;0.0;0
0;0;0.0;0.0;0.0;0.0;0.0;0.0;0.0;0.0;0
0;0;0.4;0.0;0.0;0.0;0.0;0.019351717464925013;0.0;0.0;0
4;0;0.0;0.0;0.0;0.2;0.0;0.0;0.0;0.0;0
0;0;0.0;0.0;0.0;0.0;0.0;0.0;0.0;0.0;0
3;0;0.0;0.0;0.0;0.15;0.0;0.0;0.0;0.0;0
0;0;0.0;0.0;0.0;0.0;0.0;0.0;0.0;0.0;0
0;0;0.0;0.0;0.0;0.0;0.0;0.0;0.0;0.0;0
0;0;0.0;0.0;0.0;0.0;0.0;0.0;0.0;0.0;0
2;0;0.0;0.0;0.0;0.1;0.0;0.0;0.0;0.0;0
6;0;0.0;0.0;0.0;0.3;0.0;0.0;0.0;0.0;0
0;0;0.79;0.0;0.0;0.0;0.0;0.038219641993226895;0.0;0.0;0
0;0;0.0;0.0;0.0;0.0;0.0;0.0;0.0;0.0;0
2;0;0.0;0.0;0.0;0.1;0.0;0.0;0.0;0.0;0
1;0;0.0;0.0;0.0;0.05;0.0;0.0;0.0;0.0;0
2;0;0.0;0.0;0.0;0.1;0.0;0.0;0.0;0.0;0
0;0;0.0;0.0;0.0;0.0;0.0;0.0;0.0;0.0;0
0;0;0.0;0.0;0.0;0.0;0.0;0.0;0.0;0.0;0
0;0;0.0;0.0;0.0;0.0;0.0;0.0;0.0;0.0;0
1;0;0.0;0.0;0.0;0.05;0.0;0.0;0.0;0.0;0
1;0;0.0;0.0;0.0;0.05;0.0;0.0;0.0;0.0;0
0;0;0.0;0.0;0.0;0.0;0.0;0.0;0.0;0.0;0
2;0;0.0;0.0;0.0;0.1;0.0;0.0;0.0;0.0;0
2;0;0.0;0.0;0.0;0.1;0.0;0.0;0.0;0.0;0
0;0;0.0;0.0;0.0;0.0;0.0;0.0;0.0;0.0;0
1;0;0.0;0.0;0.0;0.05;0.0;0.0;0.0;0.0;0
0;0;0.0;0.0;0.0;0.0;0.0;0.0;0.0;0.0;0
1;0;0.0;0.0;0.0;0.05;0.0;0.0;0.0;0.0;0
1;0;0.0;0.0;0.0;0.05;0.0;0.0;0.0;0.0;0
1;0;0.0;0.0;0.0;0.05;0.0;0.0;0.0;0.0;0
1;0;0.0;0.0;0.0;0.05;0.0;0.0;0.0;0.0;0
0;0;0.0;0.0;0.0;0.0;0.0;0.0;0.0;0.0;0
0;0;0.4;0.0;0.0;0.0;0.0;0.019351717464925013;0.0;0.0;0
3;0;1.97;0.0;0.0;0.15;0.0;0.09530720851475567;0.0;0.0;0
1;0;0.0;0.0;0.0;0.05;0.0;0.0;0.0;0.0;0
0;0;0.6;0.0;0.0;0.0;0.0;0.029027576197387515;0.0;0.0;0
0;0;0.0;0.0;0.0;0.0;0.0;0.0;0.0;0.0;0
2;0;0.0;0.0;0.0;0.1;0.0;0.0;0.0;0.0;0
2;0;0.0;0.0;0.0;0.1;0.0;0.0;0.0;0.0;0
0;0;0.0;0.0;0.0;0.0;0.0;0.0;0.0;0.0;0
0;0;0.0;0.0;0.0;0.0;0.0;0.0;0.0;0.0;0
0;0;0.0;0.0;0.0;0.0;0.0;0.0;0.0;0.0;0
0;0;0.2;0.0;0.0;0.0;0.0;0.009675858732462506;0.0;0.0;0
0;0;9.44;0.0;0.0;0.0;0.0;0.4567005321722302;0.0;0.0;0
8;0;0.0;0.0;0.0;0.4;0.0;0.0;0.0;0.0;0
2;0;0.0;0.0;0.0;0.1;0.0;0.0;0.0;0.0;0
0;0;0.0;0.0;0.0;0.0;0.0;0.0;0.0;0.0;0
0;0;0.0;0.0;0.0;0.0;0.0;0.0;0.0;0.0;0
7;0;0.0;0.0;0.0;0.35;0.0;0.0;0.0;0.0;0
0;0;0.0;0.0;0.0;0.0;0.0;0.0;0.0;0.0;0
1;0;0.0;0.0;0.0;0.05;0.0;0.0;0.0;0.0;0
0;0;0.0;0.0;0.0;0.0;0.0;0.0;0.0;0.0;0
1;0;0.0;0.0;0.0;0.05;0.0;0.0;0.0;0.0;0
0;0;0.4;0.0;0.0;0.0;0.0;0.019351717464925013;0.0;0.0;0
0;0;0.0;0.0;0.0;0.0;0.0;0.0;0.0;0.0;0
1;0;0.0;0.0;0.0;0.05;0.0;0.0;0.0;0.0;0
1;0;0.0;0.0;0.0;0.05;0.0;0.0;0.0;0.0;0
0;0;0.0;0.0;0.0;0.0;0.0;0.0;0.0;0.0;0
1;0;0.0;0.0;0.0;0.05;0.0;0.0;0.0;0.0;0
0;0;0.0;0.0;0.0;0.0;0.0;0.0;0.0;0.0;0
2;0;0.0;0.0;0.0;0.1;0.0;0.0;0.0;0.0;0
2;0;0.0;0.0;0.0;0.1;0.0;0.0;0.0;0.0;0
0;0;0.0;0.0;0.0;0.0;0.0;0.0;0.0;0.0;0
0;0;1.58;0.0;0.0;0.0;0.0;0.07643928398645379;0.0;0.0;0
3;0;0.0;0.0;0.0;0.15;0.0;0.0;0.0;0.0;0
0;0;0.0;0.0;0.0;0.0;0.0;0.0;0.0;0.0;0
3;0;0.0;0.0;0.0;0.15;0.0;0.0;0.0;0.0;0
1;0;0.4;0.0;0.0;0.05;0.0;0.019351717464925013;0.0;0.0;0
4;0;0.0;0.0;0.0;0.2;0.0;0.0;0.0;0.0;0
2;0;0.0;0.0;0.0;0.1;0.0;0.0;0.0;0.0;0
0;0;0.0;0.0;0.0;0.0;0.0;0.0;0.0;0.0;0
15;0;0.0;0.0;0.0;0.75;0.0;0.0;0.0;0.0;0
0;0;0.0;0.0;0.0;0.0;0.0;0.0;0.0;0.0;0
3;0;0.0;0.0;0.0;0.15;0.0;0.0;0.0;0.0;0
0;0;0.0;0.0;0.0;0.0;0.0;0.0;0.0;0.0;0
1;0;0.0;0.0;0.0;0.05;0.0;0.0;0.0;0.0;0
1;0;0.0;0.0;0.0;0.05;0.0;0.0;0.0;0.0;0
0;0;0.0;0.0;0.0;0.0;0.0;0.0;0.0;0.0;0
0;0;0.0;0.0;0.0;0.0;0.0;0.0;0.0;0.0;0
0;0;0.0;0.0;0.0;0.0;0.0;0.0;0.0;0.0;0
1;0;0.0;0.0;0.0;0.05;0.0;0.0;0.0;0.0;0
0;0;0.0;0.0;0.0;0.0;0.0;0.0;0.0;0.0;0
0;0;0.0;0.0;0.0;0.0;0.0;0.0;0.0;0.0;0
2;0;0.0;0.0;0.0;0.1;0.0;0.0;0.0;0.0;0
2;0;0.0;0.0;0.0;0.1;0.0;0.0;0.0;0.0;0
2;0;0.0;0.0;0.0;0.1;0.0;0.0;0.0;0.0;0
0;0;0.0;0.0;0.0;0.0;0.0;0.0;0.0;0.0;0
0;0;0.0;0.0;0.0;0.0;0.0;0.0;0.0;0.0;0
0;0;0.0;0.0;0.0;0.0;0.0;0.0;0.0;0.0;0
1;0;0.0;0.0;0.0;0.05;0.0;0.0;0.0;0.0;0
0;0;0.0;0.0;0.0;0.0;0.0;0.0;0.0;0.0;0
2;0;0.0;0.0;0.0;0.1;0.0;0.0;0.0;0.0;0
0;0;0.0;0.0;0.0;0.0;0.0;0.0;0.0;0.0;0
0;0;0.0;0.0;0.0;0.0;0.0;0.0;0.0;0.0;0
0;0;0.0;0.0;0.0;0.0;0.0;0.0;0.0;0.0;0
4;0;0.2;0.0;0.0;0.2;0.0;0.009675858732462506;0.0;0.0;0
0;0;0.0;0.0;0.0;0.0;0.0;0.0;0.0;0.0;0
0;0;0.2;0.0;0.0;0.0;0.0;0.009675858732462506;0.0;0.0;0
1;0;0.0;0.0;0.0;0.05;0.0;0.0;0.0;0.0;0
2;0;0.0;0.0;0.0;0.1;0.0;0.0;0.0;0.0;0
2;0;0.2;0.0;0.0;0.1;0.0;0.009675858732462506;0.0;0.0;0
0;0;0.0;0.0;0.0;0.0;0.0;0.0;0.0;0.0;0
1;0;0.0;0.0;0.0;0.05;0.0;0.0;0.0;0.0;0
1;0;0.0;0.0;0.0;0.05;0.0;0.0;0.0;0.0;0
1;0;0.0;0.0;0.0;0.05;0.0;0.0;0.0;0.0;0
1;0;0.0;0.0;0.0;0.05;0.0;0.0;0.0;0.0;0
0;0;0.0;0.0;0.0;0.0;0.0;0.0;0.0;0.0;0
0;0;0.0;0.0;0.0;0.0;0.0;0.0;0.0;0.0;0
1;0;3.55;0.0;0.0;0.05;0.0;0.17174649250120946;0.0;0.0;1
0;0;0.0;0.0;0.0;0.0;0.0;0.0;0.0;0.0;0
0;0;0.0;0.0;0.0;0.0;0.0;0.0;0.0;0.0;0
2;0;0.0;0.0;0.0;0.1;0.0;0.0;0.0;0.0;0
0;0;0.0;0.0;0.0;0.0;0.0;0.0;0.0;0.0;0
1;0;0.0;0.0;0.0;0.05;0.0;0.0;0.0;0.0;0
1;0;0.0;0.0;0.0;0.05;0.0;0.0;0.0;0.0;0
0;0;1.97;0.0;0.0;0.0;0.0;0.09530720851475567;0.0;0.0;0
5;0;0.0;0.0;0.0;0.25;0.0;0.0;0.0;0.0;0
0;0;0.0;0.0;0.0;0.0;0.0;0.0;0.0;0.0;0
0;0;0.0;0.0;0.0;0.0;0.0;0.0;0.0;0.0;0
0;0;0.0;0.0;0.0;0.0;0.0;0.0;0.0;0.0;0
0;0;0.0;0.0;0.0;0.0;0.0;0.0;0.0;0.0;0
1;0;0.0;0.0;0.0;0.05;0.0;0.0;0.0;0.0;0
0;0;0.0;0.0;0.0;0.0;0.0;0.0;0.0;0.0;0
1;0;0.0;0.0;0.0;0.05;0.0;0.0;0.0;0.0;0
1;0;0.0;0.0;0.0;0.05;0.0;0.0;0.0;0.0;0
0;0;0.0;0.0;0.0;0.0;0.0;0.0;0.0;0.0;0
0;0;0.79;0.0;0.0;0.0;0.0;0.038219641993226895;0.0;0.0;0
1;0;0.0;0.0;0.0;0.05;0.0;0.0;0.0;0.0;0
0;0;0.0;0.0;0.0;0.0;0.0;0.0;0.0;0.0;0
0;0;0.0;0.0;0.0;0.0;0.0;0.0;0.0;0.0;0
0;0;0.0;0.0;0.0;0.0;0.0;0.0;0.0;0.0;0
0;0;0.0;0.0;0.0;0.0;0.0;0.0;0.0;0.0;0
0;0;0.0;0.0;0.0;0.0;0.0;0.0;0.0;0.0;0
0;0;0.0;0.0;0.0;0.0;0.0;0.0;0.0;0.0;0
1;0;0.0;0.0;0.0;0.05;0.0;0.0;0.0;0.0;0
1;0;0.0;0.0;0.0;0.05;0.0;0.0;0.0;0.0;0
1;0;0.0;0.0;0.0;0.05;0.0;0.0;0.0;0.0;0
0;0;0.0;0.0;0.0;0.0;0.0;0.0;0.0;0.0;0
0;0;0.59;0.0;0.0;0.0;0.0;0.02854378326076439;0.0;0.0;0
2;0;0.0;0.0;0.0;0.1;0.0;0.0;0.0;0.0;0
0;0;0.0;0.0;0.0;0.0;0.0;0.0;0.0;0.0;0
1;0;0.0;0.0;0.0;0.05;0.0;0.0;0.0;0.0;0
0;0;0.0;0.0;0.0;0.0;0.0;0.0;0.0;0.0;0
0;0;0.0;0.0;0.0;0.0;0.0;0.0;0.0;0.0;0
3;0;0.0;0.0;0.0;0.15;0.0;0.0;0.0;0.0;0
0;0;0.0;0.0;0.0;0.0;0.0;0.0;0.0;0.0;0
1;0;0.0;0.0;0.0;0.05;0.0;0.0;0.0;0.0;0
0;0;0.0;0.0;0.0;0.0;0.0;0.0;0.0;0.0;0
0;0;0.0;0.0;0.0;0.0;0.0;0.0;0.0;0.0;0
1;0;0.0;0.0;0.0;0.05;0.0;0.0;0.0;0.0;0
2;0;0.2;0.0;0.0;0.1;0.0;0.009675858732462506;0.0;0.0;0
2;0;0.0;0.0;0.0;0.1;0.0;0.0;0.0;0.0;0
3;0;0.0;0.0;0.0;0.15;0.0;0.0;0.0;0.0;0
3;0;0.0;0.0;0.0;0.15;0.0;0.0;0.0;0.0;0
0;0;0.0;0.0;0.0;0.0;0.0;0.0;0.0;0.0;0
0;0;0.0;0.0;0.0;0.0;0.0;0.0;0.0;0.0;0
0;0;7.49;0.0;0.0;0.0;0.0;0.3623609095307208;0.0;0.0;0
2;0;0.0;0.0;0.0;0.1;0.0;0.0;0.0;0.0;0
1;0;0.0;0.0;0.0;0.05;0.0;0.0;0.0;0.0;0
1;0;0.0;0.0;0.0;0.05;0.0;0.0;0.0;0.0;0
0;0;0.0;0.0;0.0;0.0;0.0;0.0;0.0;0.0;0
2;0;1.38;0.0;0.0;0.1;0.0;0.06676342525399129;0.0;0.0;0
0;0;0.0;0.0;0.0;0.0;0.0;0.0;0.0;0.0;0
3;0;0.0;0.0;0.0;0.15;0.0;0.0;0.0;0.0;0
0;0;0.0;0.0;0.0;0.0;0.0;0.0;0.0;0.0;0
0;0;0.0;0.0;0.0;0.0;0.0;0.0;0.0;0.0;0
0;0;0.0;0.0;0.0;0.0;0.0;0.0;0.0;0.0;0
0;0;0.0;0.0;0.0;0.0;0.0;0.0;0.0;0.0;0
0;0;0.0;0.0;0.0;0.0;0.0;0.0;0.0;0.0;0
0;0;0.0;0.0;0.0;0.0;0.0;0.0;0.0;0.0;0
0;0;0.0;0.0;0.0;0.0;0.0;0.0;0.0;0.0;0
3;0;0.0;0.0;0.0;0.15;0.0;0.0;0.0;0.0;0
1;0;0.0;0.0;0.0;0.05;0.0;0.0;0.0;0.0;0
1;0;0.0;0.0;0.0;0.05;0.0;0.0;0.0;0.0;0
0;0;0.0;0.0;0.0;0.0;0.0;0.0;0.0;0.0;0
0;0;0.0;0.0;0.0;0.0;0.0;0.0;0.0;0.0;0
3;0;0.0;0.0;0.0;0.15;0.0;0.0;0.0;0.0;0
0;0;0.2;0.0;0.0;0.0;0.0;0.009675858732462506;0.0;0.0;0
0;0;0.0;0.0;0.0;0.0;0.0;0.0;0.0;0.0;0
0;0;0.2;0.0;0.0;0.0;0.0;0.009675858732462506;0.0;0.0;0
0;0;0.0;0.0;0.0;0.0;0.0;0.0;0.0;0.0;0
3;0;0.0;0.0;0.0;0.15;0.0;0.0;0.0;0.0;0
1;0;0.0;0.0;0.0;0.05;0.0;0.0;0.0;0.0;0
0;0;0.0;0.0;0.0;0.0;0.0;0.0;0.0;0.0;0
0;0;0.0;0.0;0.0;0.0;0.0;0.0;0.0;0.0;0
0;0;0.0;0.0;0.0;0.0;0.0;0.0;0.0;0.0;0
3;0;0.0;0.0;0.0;0.15;0.0;0.0;0.0;0.0;0
1;0;0.0;0.0;0.0;0.05;0.0;0.0;0.0;0.0;0
1;0;0.98;0.0;0.0;0.05;0.0;0.047411707789066275;0.0;0.0;0
0;0;0.0;0.0;0.0;0.0;0.0;0.0;0.0;0.0;0
1;0;0.0;0.0;0.0;0.05;0.0;0.0;0.0;0.0;0
0;0;0.0;0.0;0.0;0.0;0.0;0.0;0.0;0.0;0
1;0;0.0;0.0;0.0;0.05;0.0;0.0;0.0;0.0;0
0;0;0.0;0.0;0.0;0.0;0.0;0.0;0.0;0.0;1
1;0;0.0;0.0;0.0;0.05;0.0;0.0;0.0;0.0;0
0;0;1.18;0.0;0.0;0.0;0.0;0.05708756652152878;0.0;0.0;0
1;0;0.0;0.0;0.0;0.05;0.0;0.0;0.0;0.0;0
0;0;0.0;0.0;0.0;0.0;0.0;0.0;0.0;0.0;0
0;0;0.0;0.0;0.0;0.0;0.0;0.0;0.0;0.0;0
1;0;0.0;0.0;0.0;0.05;0.0;0.0;0.0;0.0;0
0;0;0.0;0.0;0.0;0.0;0.0;0.0;0.0;0.0;0
0;0;0.0;0.0;0.0;0.0;0.0;0.0;0.0;0.0;0
4;0;0.0;0.0;0.0;0.2;0.0;0.0;0.0;0.0;0
2;0;0.0;0.0;0.0;0.1;0.0;0.0;0.0;0.0;0
1;0;0.0;0.0;0.0;0.05;0.0;0.0;0.0;0.0;0
2;0;0.0;0.0;0.0;0.1;0.0;0.0;0.0;0.0;0
2;0;0.0;0.0;0.0;0.1;0.0;0.0;0.0;0.0;0
0;0;0.0;0.0;0.0;0.0;0.0;0.0;0.0;0.0;0
0;0;0.0;0.0;0.0;0.0;0.0;0.0;0.0;0.0;0
4;0;0.0;0.0;0.0;0.2;0.0;0.0;0.0;0.0;0
1;0;0.0;0.0;0.0;0.05;0.0;0.0;0.0;0.0;0
0;0;0.0;0.0;0.0;0.0;0.0;0.0;0.0;0.0;0
0;0;0.0;0.0;0.0;0.0;0.0;0.0;0.0;0.0;0
0;0;0.0;0.0;0.0;0.0;0.0;0.0;0.0;0.0;0
0;0;0.0;0.0;0.0;0.0;0.0;0.0;0.0;0.0;0
0;0;0.0;0.0;0.0;0.0;0.0;0.0;0.0;0.0;0
0;0;0.2;0.0;0.0;0.0;0.0;0.009675858732462506;0.0;0.0;0
1;0;0.2;0.0;0.0;0.05;0.0;0.009675858732462506;0.0;0.0;1
0;0;0.0;0.0;0.0;0.0;0.0;0.0;0.0;0.0;0
1;0;0.0;0.0;0.0;0.05;0.0;0.0;0.0;0.0;0
2;0;0.98;0.0;0.0;0.1;0.0;0.047411707789066275;0.0;0.0;0
0;0;0.0;0.0;0.0;0.0;0.0;0.0;0.0;0.0;0
11;0;0.0;0.0;0.0;0.55;0.0;0.0;0.0;0.0;0
1;0;0.2;0.0;0.0;0.05;0.0;0.009675858732462506;0.0;0.0;0
0;0;0.0;0.0;0.0;0.0;0.0;0.0;0.0;0.0;0
0;0;0.0;0.0;0.0;0.0;0.0;0.0;0.0;0.0;0
1;0;0.0;0.0;0.0;0.05;0.0;0.0;0.0;0.0;0
0;0;0.0;0.0;0.0;0.0;0.0;0.0;0.0;0.0;0
2;0;0.0;0.0;0.0;0.1;0.0;0.0;0.0;0.0;0
1;0;0.4;0.0;0.0;0.05;0.0;0.019351717464925013;0.0;0.0;0
0;0;0.0;0.0;0.0;0.0;0.0;0.0;0.0;0.0;0
0;0;0.0;0.0;0.0;0.0;0.0;0.0;0.0;0.0;0
3;0;0.0;0.0;0.0;0.15;0.0;0.0;0.0;0.0;0
1;0;0.0;0.0;0.0;0.05;0.0;0.0;0.0;0.0;0
0;0;0.0;0.0;0.0;0.0;0.0;0.0;0.0;0.0;0
2;0;0.0;0.0;0.0;0.1;0.0;0.0;0.0;0.0;0
0;0;0.0;0.0;0.0;0.0;0.0;0.0;0.0;0.0;0
0;0;0.0;0.0;0.0;0.0;0.0;0.0;0.0;0.0;0
0;0;0.0;0.0;0.0;0.0;0.0;0.0;0.0;0.0;0
1;0;0.0;0.0;0.0;0.05;0.0;0.0;0.0;0.0;0
2;0;0.0;0.0;0.0;0.1;0.0;0.0;0.0;0.0;0
0;0;0.0;0.0;0.0;0.0;0.0;0.0;0.0;0.0;0
1;0;0.0;0.0;0.0;0.05;0.0;0.0;0.0;0.0;0
1;0;0.0;0.0;0.0;0.05;0.0;0.0;0.0;0.0;0
4;0;0.0;0.0;0.0;0.2;0.0;0.0;0.0;0.0;0
1;0;0.0;0.0;0.0;0.05;0.0;0.0;0.0;0.0;0
0;0;0.0;0.0;0.0;0.0;0.0;0.0;0.0;0.0;0
1;0;0.0;0.0;0.0;0.05;0.0;0.0;0.0;0.0;0
0;0;0.0;0.0;0.0;0.0;0.0;0.0;0.0;0.0;0
1;0;0.0;0.0;0.0;0.05;0.0;0.0;0.0;0.0;0
0;0;0.0;0.0;0.0;0.0;0.0;0.0;0.0;0.0;0
0;0;0.0;0.0;0.0;0.0;0.0;0.0;0.0;0.0;0
1;0;0.0;0.0;0.0;0.05;0.0;0.0;0.0;0.0;0
0;0;0.0;0.0;0.0;0.0;0.0;0.0;0.0;0.0;0
2;0;0.0;0.0;0.0;0.1;0.0;0.0;0.0;0.0;0
0;0;0.0;0.0;0.0;0.0;0.0;0.0;0.0;0.0;0
1;0;0.0;0.0;0.0;0.05;0.0;0.0;0.0;0.0;0
1;0;0.0;0.0;0.0;0.05;0.0;0.0;0.0;0.0;0
0;0;0.0;0.0;0.0;0.0;0.0;0.0;0.0;0.0;0
0;0;0.0;0.0;0.0;0.0;0.0;0.0;0.0;0.0;0
0;0;0.0;0.0;0.0;0.0;0.0;0.0;0.0;0.0;0
4;0;0.0;0.0;0.0;0.2;0.0;0.0;0.0;0.0;0
1;0;0.0;0.0;0.0;0.05;0.0;0.0;0.0;0.0;0
1;0;0.0;0.0;0.0;0.05;0.0;0.0;0.0;0.0;0
3;0;0.0;0.0;0.0;0.15;0.0;0.0;0.0;0.0;0
1;0;0.0;0.0;0.0;0.05;0.0;0.0;0.0;0.0;0
0;0;0.0;0.0;0.0;0.0;0.0;0.0;0.0;0.0;0
0;0;0.0;0.0;0.0;0.0;0.0;0.0;0.0;0.0;0
1;0;0.2;0.0;0.0;0.05;0.0;0.009675858732462506;0.0;0.0;0
0;0;0.0;0.0;0.0;0.0;0.0;0.0;0.0;0.0;0
0;0;0.0;0.0;0.0;0.0;0.0;0.0;0.0;0.0;0
2;0;0.0;0.0;0.0;0.1;0.0;0.0;0.0;0.0;0
0;0;0.0;0.0;0.0;0.0;0.0;0.0;0.0;0.0;0
1;0;0.0;0.0;0.0;0.05;0.0;0.0;0.0;0.0;0
1;0;0.0;0.0;0.0;0.05;0.0;0.0;0.0;0.0;0
0;0;0.0;0.0;0.0;0.0;0.0;0.0;0.0;0.0;0
0;0;0.0;0.0;0.0;0.0;0.0;0.0;0.0;0.0;0
1;0;0.0;0.0;0.0;0.05;0.0;0.0;0.0;0.0;0
0;0;0.0;0.0;0.0;0.0;0.0;0.0;0.0;0.0;0
2;0;0.0;0.0;0.0;0.1;0.0;0.0;0.0;0.0;0
0;0;0.0;0.0;0.0;0.0;0.0;0.0;0.0;0.0;0
0;0;0.0;0.0;0.0;0.0;0.0;0.0;0.0;0.0;0
1;0;0.0;0.0;0.0;0.05;0.0;0.0;0.0;0.0;0
1;0;0.4;0.0;0.0;0.05;0.0;0.019351717464925013;0.0;0.0;0
1;0;0.0;0.0;0.0;0.05;0.0;0.0;0.0;0.0;0
0;0;0.0;0.0;0.0;0.0;0.0;0.0;0.0;0.0;0
2;0;0.0;0.0;0.0;0.1;0.0;0.0;0.0;0.0;0
0;0;0.0;0.0;0.0;0.0;0.0;0.0;0.0;0.0;0
3;0;0.0;0.0;0.0;0.15;0.0;0.0;0.0;0.0;0
0;0;0.0;0.0;0.0;0.0;0.0;0.0;0.0;0.0;0
0;0;0.0;0.0;0.0;0.0;0.0;0.0;0.0;0.0;0
2;0;0.0;0.0;0.0;0.1;0.0;0.0;0.0;0.0;0
2;0;0.0;0.0;0.0;0.1;0.0;0.0;0.0;0.0;0
0;0;0.0;0.0;0.0;0.0;0.0;0.0;0.0;0.0;0
0;0;0.0;0.0;0.0;0.0;0.0;0.0;0.0;0.0;0
2;0;0.0;0.0;0.0;0.1;0.0;0.0;0.0;0.0;0
0;0;0.0;0.0;0.0;0.0;0.0;0.0;0.0;0.0;0
1;0;0.0;0.0;0.0;0.05;0.0;0.0;0.0;0.0;0
3;0;0.0;0.0;0.0;0.15;0.0;0.0;0.0;0.0;0
1;0;0.0;0.0;0.0;0.05;0.0;0.0;0.0;0.0;0
2;0;0.0;0.0;0.0;0.1;0.0;0.0;0.0;0.0;0
1;0;0.0;0.0;0.0;0.05;0.0;0.0;0.0;0.0;0
1;0;0.0;0.0;0.0;0.05;0.0;0.0;0.0;0.0;0
4;0;0.0;0.0;0.0;0.2;0.0;0.0;0.0;0.0;0
0;0;0.0;0.0;0.0;0.0;0.0;0.0;0.0;0.0;0
1;0;0.0;0.0;0.0;0.05;0.0;0.0;0.0;0.0;0
0;0;0.0;0.0;0.0;0.0;0.0;0.0;0.0;0.0;0
0;0;0.0;0.0;0.0;0.0;0.0;0.0;0.0;0.0;0
0;0;0.0;0.0;0.0;0.0;0.0;0.0;0.0;0.0;0
0;0;0.0;0.0;0.0;0.0;0.0;0.0;0.0;0.0;0
0;0;0.0;0.0;0.0;0.0;0.0;0.0;0.0;0.0;0
2;0;0.0;0.0;0.0;0.1;0.0;0.0;0.0;0.0;0
1;0;0.59;0.0;0.0;0.05;0.0;0.02854378326076439;0.0;0.0;0
1;0;0.0;0.0;0.0;0.05;0.0;0.0;0.0;0.0;0
2;0;0.0;0.0;0.0;0.1;0.0;0.0;0.0;0.0;0
1;0;0.0;0.0;0.0;0.05;0.0;0.0;0.0;0.0;0
1;0;0.0;0.0;0.0;0.05;0.0;0.0;0.0;0.0;0
0;0;0.0;0.0;0.0;0.0;0.0;0.0;0.0;0.0;0
0;0;0.0;0.0;0.0;0.0;0.0;0.0;0.0;0.0;0
0;0;0.0;0.0;0.0;0.0;0.0;0.0;0.0;0.0;0
1;0;0.0;0.0;0.0;0.05;0.0;0.0;0.0;0.0;0
0;0;0.0;0.0;0.0;0.0;0.0;0.0;0.0;0.0;0
0;0;0.0;0.0;0.0;0.0;0.0;0.0;0.0;0.0;0
2;0;0.0;0.0;0.0;0.1;0.0;0.0;0.0;0.0;0
3;0;0.0;0.0;0.0;0.15;0.0;0.0;0.0;0.0;0
0;0;0.0;0.0;0.0;0.0;0.0;0.0;0.0;0.0;0
3;0;0.0;0.0;0.0;0.15;0.0;0.0;0.0;0.0;0
0;0;0.0;0.0;0.0;0.0;0.0;0.0;0.0;0.0;0
1;0;0.0;0.0;0.0;0.05;0.0;0.0;0.0;0.0;1
1;0;0.0;0.0;0.0;0.05;0.0;0.0;0.0;0.0;0
2;0;0.0;0.0;0.0;0.1;0.0;0.0;0.0;0.0;0
1;0;0.0;0.0;0.0;0.05;0.0;0.0;0.0;0.0;0
2;0;0.0;0.0;0.0;0.1;0.0;0.0;0.0;0.0;0
0;0;0.0;0.0;0.0;0.0;0.0;0.0;0.0;0.0;0
0;0;0.0;0.0;0.0;0.0;0.0;0.0;0.0;0.0;0
0;0;0.0;0.0;0.0;0.0;0.0;0.0;0.0;0.0;0
0;0;4.34;0.0;0.0;0.0;0.0;0.20996613449443635;0.0;0.0;1
0;0;0.0;0.0;0.0;0.0;0.0;0.0;0.0;0.0;0
1;0;0.0;0.0;0.0;0.05;0.0;0.0;0.0;0.0;0
0;0;0.0;0.0;0.0;0.0;0.0;0.0;0.0;0.0;0
1;0;0.0;0.0;0.0;0.05;0.0;0.0;0.0;0.0;0
0;0;0.0;0.0;0.0;0.0;0.0;0.0;0.0;0.0;0
0;0;0.0;0.0;0.0;0.0;0.0;0.0;0.0;0.0;0
0;0;0.0;0.0;0.0;0.0;0.0;0.0;0.0;0.0;0
3;0;0.0;0.0;0.0;0.15;0.0;0.0;0.0;0.0;0
1;0;0.0;0.0;0.0;0.05;0.0;0.0;0.0;0.0;0
0;0;0.0;0.0;0.0;0.0;0.0;0.0;0.0;0.0;0
1;0;0.0;0.0;0.0;0.05;0.0;0.0;0.0;0.0;0
0;0;0.0;0.0;0.0;0.0;0.0;0.0;0.0;0.0;0
1;0;0.0;0.0;0.0;0.05;0.0;0.0;0.0;0.0;0
0;0;0.0;0.0;0.0;0.0;0.0;0.0;0.0;0.0;0
0;0;0.0;0.0;0.0;0.0;0.0;0.0;0.0;0.0;0
1;0;0.0;0.0;0.0;0.05;0.0;0.0;0.0;0.0;0
1;0;0.0;0.0;0.0;0.05;0.0;0.0;0.0;0.0;0
1;0;0.0;0.0;0.0;0.05;0.0;0.0;0.0;0.0;0
0;0;0.0;0.0;0.0;0.0;0.0;0.0;0.0;0.0;0
5;0;0.0;0.0;0.0;0.25;0.0;0.0;0.0;0.0;0
0;0;0.2;0.0;0.0;0.0;0.0;0.009675858732462506;0.0;0.0;0
0;0;0.0;0.0;0.0;0.0;0.0;0.0;0.0;0.0;0
0;0;0.0;0.0;0.0;0.0;0.0;0.0;0.0;0.0;0
0;0;0.0;0.0;0.0;0.0;0.0;0.0;0.0;0.0;0
0;0;0.0;0.0;0.0;0.0;0.0;0.0;0.0;0.0;0
3;0;0.0;0.0;0.0;0.15;0.0;0.0;0.0;0.0;0
0;0;0.0;0.0;0.0;0.0;0.0;0.0;0.0;0.0;0
1;0;0.0;0.0;0.0;0.05;0.0;0.0;0.0;0.0;0
3;0;0.0;0.0;0.0;0.15;0.0;0.0;0.0;0.0;0
0;0;0.0;0.0;0.0;0.0;0.0;0.0;0.0;0.0;0
2;0;0.0;0.0;0.0;0.1;0.0;0.0;0.0;0.0;0
0;0;0.0;0.0;0.0;0.0;0.0;0.0;0.0;0.0;0
1;0;0.0;0.0;0.0;0.05;0.0;0.0;0.0;0.0;0
1;0;0.0;0.0;0.0;0.05;0.0;0.0;0.0;0.0;0
2;0;3.34;0.0;0.0;0.1;0.0;0.16158684083212382;0.0;0.0;0
1;0;0.0;0.0;0.0;0.05;0.0;0.0;0.0;0.0;0
0;0;0.0;0.0;0.0;0.0;0.0;0.0;0.0;0.0;0
0;0;0.0;0.0;0.0;0.0;0.0;0.0;0.0;0.0;0
2;0;0.0;0.0;0.0;0.1;0.0;0.0;0.0;0.0;0
1;0;0.0;0.0;0.0;0.05;0.0;0.0;0.0;0.0;0
0;0;0.0;0.0;0.0;0.0;0.0;0.0;0.0;0.0;0
2;0;0.0;0.0;0.0;0.1;0.0;0.0;0.0;0.0;0
1;0;0.0;0.0;0.0;0.05;0.0;0.0;0.0;0.0;0
0;0;0.0;0.0;0.0;0.0;0.0;0.0;0.0;0.0;0
0;0;0.0;0.0;0.0;0.0;0.0;0.0;0.0;0.0;0
0;0;0.0;0.0;0.0;0.0;0.0;0.0;0.0;0.0;0
0;0;0.0;0.0;0.0;0.0;0.0;0.0;0.0;0.0;0
1;0;0.0;0.0;0.0;0.05;0.0;0.0;0.0;0.0;0
0;0;0.0;0.0;0.0;0.0;0.0;0.0;0.0;0.0;0
1;0;0.0;0.0;0.0;0.05;0.0;0.0;0.0;0.0;0
0;0;0.0;0.0;0.0;0.0;0.0;0.0;0.0;0.0;0
3;0;0.0;0.0;0.0;0.15;0.0;0.0;0.0;0.0;0
0;0;0.0;0.0;0.0;0.0;0.0;0.0;0.0;0.0;0
0;0;0.0;0.0;0.0;0.0;0.0;0.0;0.0;0.0;0
0;0;0.0;0.0;0.0;0.0;0.0;0.0;0.0;0.0;0
0;0;0.0;0.0;0.0;0.0;0.0;0.0;0.0;0.0;0
0;0;0.0;0.0;0.0;0.0;0.0;0.0;0.0;0.0;0
1;0;0.0;0.0;0.0;0.05;0.0;0.0;0.0;0.0;0
3;0;0.0;0.0;0.0;0.15;0.0;0.0;0.0;0.0;0
6;0;0.0;0.0;0.0;0.3;0.0;0.0;0.0;0.0;0
0;0;0.0;0.0;0.0;0.0;0.0;0.0;0.0;0.0;0
2;0;0.0;0.0;0.0;0.1;0.0;0.0;0.0;0.0;0
1;0;0.0;0.0;0.0;0.05;0.0;0.0;0.0;0.0;0
0;0;0.0;0.0;0.0;0.0;0.0;0.0;0.0;0.0;0
0;0;0.0;0.0;0.0;0.0;0.0;0.0;0.0;0.0;0
1;0;0.2;0.0;0.0;0.05;0.0;0.009675858732462506;0.0;0.0;0
0;0;0.6;0.0;0.0;0.0;0.0;0.029027576197387515;0.0;0.0;0
2;0;0.2;0.0;0.0;0.1;0.0;0.009675858732462506;0.0;0.0;0
1;0;0.0;0.0;0.0;0.05;0.0;0.0;0.0;0.0;0
0;0;0.0;0.0;0.0;0.0;0.0;0.0;0.0;0.0;0
3;0;0.0;0.0;0.0;0.15;0.0;0.0;0.0;0.0;0
0;0;0.0;0.0;0.0;0.0;0.0;0.0;0.0;0.0;0
0;0;0.0;0.0;0.0;0.0;0.0;0.0;0.0;0.0;0
0;0;0.0;0.0;0.0;0.0;0.0;0.0;0.0;0.0;0
5;0;0.0;0.0;0.0;0.25;0.0;0.0;0.0;0.0;0
3;0;0.0;0.0;0.0;0.15;0.0;0.0;0.0;0.0;0
1;0;0.0;0.0;0.0;0.05;0.0;0.0;0.0;0.0;0
0;0;0.0;0.0;0.0;0.0;0.0;0.0;0.0;0.0;0
0;0;0.0;0.0;0.0;0.0;0.0;0.0;0.0;0.0;0
1;0;0.0;0.0;0.0;0.05;0.0;0.0;0.0;0.0;0
0;0;0.0;0.0;0.0;0.0;0.0;0.0;0.0;0.0;0
0;0;0.0;0.0;0.0;0.0;0.0;0.0;0.0;0.0;0
0;0;2.95;0.0;0.0;0.0;0.0;0.14271891630382197;0.0;0.0;0
1;0;0.0;0.0;0.0;0.05;0.0;0.0;0.0;0.0;0
1;0;0.0;0.0;0.0;0.05;0.0;0.0;0.0;0.0;0
0;0;0.0;0.0;0.0;0.0;0.0;0.0;0.0;0.0;0
0;0;0.0;0.0;0.0;0.0;0.0;0.0;0.0;0.0;0
1;0;0.0;0.0;0.0;0.05;0.0;0.0;0.0;0.0;0
1;0;0.0;0.0;0.0;0.05;0.0;0.0;0.0;0.0;0
0;0;0.0;0.0;0.0;0.0;0.0;0.0;0.0;0.0;0
1;0;0.0;0.0;0.0;0.05;0.0;0.0;0.0;0.0;0
0;0;0.0;0.0;0.0;0.0;0.0;0.0;0.0;0.0;0
0;0;0.0;0.0;0.0;0.0;0.0;0.0;0.0;0.0;0
1;0;0.0;0.0;0.0;0.05;0.0;0.0;0.0;0.0;0
0;0;0.0;0.0;0.0;0.0;0.0;0.0;0.0;0.0;0
1;0;0.0;0.0;0.0;0.05;0.0;0.0;0.0;0.0;0
2;0;0.0;0.0;0.0;0.1;0.0;0.0;0.0;0.0;0
2;0;0.0;0.0;0.0;0.1;0.0;0.0;0.0;0.0;0
0;0;0.0;0.0;0.0;0.0;0.0;0.0;0.0;0.0;0
0;0;0.0;0.0;0.0;0.0;0.0;0.0;0.0;0.0;0
0;0;0.0;0.0;0.0;0.0;0.0;0.0;0.0;0.0;0
1;0;0.0;0.0;0.0;0.05;0.0;0.0;0.0;0.0;0
2;0;2.95;0.0;0.0;0.1;0.0;0.14271891630382197;0.0;0.0;0
0;0;0.0;0.0;0.0;0.0;0.0;0.0;0.0;0.0;0
0;0;0.0;0.0;0.0;0.0;0.0;0.0;0.0;0.0;0
5;0;0.0;0.0;0.0;0.25;0.0;0.0;0.0;0.0;0
2;0;0.0;0.0;0.0;0.1;0.0;0.0;0.0;0.0;0
3;0;0.0;0.0;0.0;0.15;0.0;0.0;0.0;0.0;0
0;0;0.0;0.0;0.0;0.0;0.0;0.0;0.0;0.0;0
1;0;0.0;0.0;0.0;0.05;0.0;0.0;0.0;0.0;0
1;0;0.0;0.0;0.0;0.05;0.0;0.0;0.0;0.0;0
0;0;0.0;0.0;0.0;0.0;0.0;0.0;0.0;0.0;0
2;0;0.0;0.0;0.0;0.1;0.0;0.0;0.0;0.0;0
1;0;0.0;0.0;0.0;0.05;0.0;0.0;0.0;0.0;0
1;0;0.0;0.0;0.0;0.05;0.0;0.0;0.0;0.0;0
1;0;0.0;0.0;0.0;0.05;0.0;0.0;0.0;0.0;0
2;0;0.0;0.0;0.0;0.1;0.0;0.0;0.0;0.0;0
1;0;0.0;0.0;0.0;0.05;0.0;0.0;0.0;0.0;0
2;0;0.0;0.0;0.0;0.1;0.0;0.0;0.0;0.0;0
0;0;0.0;0.0;0.0;0.0;0.0;0.0;0.0;0.0;0
0;0;0.0;0.0;0.0;0.0;0.0;0.0;0.0;0.0;0
0;0;0.0;0.0;0.0;0.0;0.0;0.0;0.0;0.0;0
3;0;0.0;0.0;0.0;0.15;0.0;0.0;0.0;0.0;0
1;0;0.0;0.0;0.0;0.05;0.0;0.0;0.0;0.0;0
1;0;0.0;0.0;0.0;0.05;0.0;0.0;0.0;0.0;0
0;0;0.2;0.0;0.0;0.0;0.0;0.009675858732462506;0.0;0.0;0
2;0;0.0;0.0;0.0;0.1;0.0;0.0;0.0;0.0;0
0;0;0.0;0.0;0.0;0.0;0.0;0.0;0.0;0.0;0
1;0;0.0;0.0;0.0;0.05;0.0;0.0;0.0;0.0;0
0;0;0.0;0.0;0.0;0.0;0.0;0.0;0.0;0.0;0
0;0;0.6;0.0;0.0;0.0;0.0;0.029027576197387515;0.0;0.0;0
2;0;0.0;0.0;0.0;0.1;0.0;0.0;0.0;0.0;0
1;0;0.0;0.0;0.0;0.05;0.0;0.0;0.0;0.0;0
0;0;0.0;0.0;0.0;0.0;0.0;0.0;0.0;0.0;0
1;0;0.0;0.0;0.0;0.05;0.0;0.0;0.0;0.0;0
0;0;0.0;0.0;0.0;0.0;0.0;0.0;0.0;0.0;0
0;0;0.0;0.0;0.0;0.0;0.0;0.0;0.0;0.0;0
1;0;0.0;0.0;0.0;0.05;0.0;0.0;0.0;0.0;0
0;0;0.0;0.0;0.0;0.0;0.0;0.0;0.0;0.0;0
4;0;0.0;0.0;0.0;0.2;0.0;0.0;0.0;0.0;0
0;0;0.4;0.0;0.0;0.0;0.0;0.019351717464925013;0.0;0.0;0
0;0;0.0;0.0;0.0;0.0;0.0;0.0;0.0;0.0;0
0;0;0.0;0.0;0.0;0.0;0.0;0.0;0.0;0.0;0
0;0;0.0;0.0;0.0;0.0;0.0;0.0;0.0;0.0;0
0;0;0.2;0.0;0.0;0.0;0.0;0.009675858732462506;0.0;0.0;0
1;0;0.0;0.0;0.0;0.05;0.0;0.0;0.0;0.0;0
7;0;0.0;0.0;0.0;0.35;0.0;0.0;0.0;0.0;0
0;0;0.0;0.0;0.0;0.0;0.0;0.0;0.0;0.0;0
1;0;0.0;0.0;0.0;0.05;0.0;0.0;0.0;0.0;0
0;0;0.0;0.0;0.0;0.0;0.0;0.0;0.0;0.0;0
1;0;0.0;0.0;0.0;0.05;0.0;0.0;0.0;0.0;0
0;0;0.0;0.0;0.0;0.0;0.0;0.0;0.0;0.0;0
0;0;0.0;0.0;0.0;0.0;0.0;0.0;0.0;0.0;0
1;0;0.0;0.0;0.0;0.05;0.0;0.0;0.0;0.0;0
3;0;0.0;0.0;0.0;0.15;0.0;0.0;0.0;0.0;0
0;0;0.0;0.0;0.0;0.0;0.0;0.0;0.0;0.0;0
0;0;0.0;0.0;0.0;0.0;0.0;0.0;0.0;0.0;0
0;0;1.57;0.0;0.0;0.0;0.0;0.07595549104983067;0.0;0.0;1
0;0;0.0;0.0;0.0;0.0;0.0;0.0;0.0;0.0;0
0;0;0.0;0.0;0.0;0.0;0.0;0.0;0.0;0.0;0
0;0;0.0;0.0;0.0;0.0;0.0;0.0;0.0;0.0;0
0;0;0.0;0.0;0.0;0.0;0.0;0.0;0.0;0.0;0
1;0;0.0;0.0;0.0;0.05;0.0;0.0;0.0;0.0;0
0;0;0.0;0.0;0.0;0.0;0.0;0.0;0.0;0.0;0
0;0;2.76;0.0;0.0;0.0;0.0;0.13352685050798258;0.0;0.0;0
0;0;0.0;0.0;0.0;0.0;0.0;0.0;0.0;0.0;0
0;0;0.0;0.0;0.0;0.0;0.0;0.0;0.0;0.0;0
0;0;0.0;0.0;0.0;0.0;0.0;0.0;0.0;0.0;0
1;0;0.0;0.0;0.0;0.05;0.0;0.0;0.0;0.0;0
1;0;0.0;0.0;0.0;0.05;0.0;0.0;0.0;0.0;0
1;0;0.0;0.0;0.0;0.05;0.0;0.0;0.0;0.0;0
1;0;0.0;0.0;0.0;0.05;0.0;0.0;0.0;0.0;0
0;0;0.0;0.0;0.0;0.0;0.0;0.0;0.0;0.0;0
0;0;0.0;0.0;0.0;0.0;0.0;0.0;0.0;0.0;0
1;0;0.0;0.0;0.0;0.05;0.0;0.0;0.0;0.0;0
2;0;0.0;0.0;0.0;0.1;0.0;0.0;0.0;0.0;0
0;0;0.0;0.0;0.0;0.0;0.0;0.0;0.0;0.0;0
2;0;0.0;0.0;0.0;0.1;0.0;0.0;0.0;0.0;0
1;0;0.0;0.0;0.0;0.05;0.0;0.0;0.0;0.0;0
0;0;0.0;0.0;0.0;0.0;0.0;0.0;0.0;0.0;0
0;0;0.0;0.0;0.0;0.0;0.0;0.0;0.0;0.0;0
0;0;0.0;0.0;0.0;0.0;0.0;0.0;0.0;0.0;0
5;0;0.0;0.0;0.0;0.25;0.0;0.0;0.0;0.0;0
1;0;0.0;0.0;0.0;0.05;0.0;0.0;0.0;0.0;0
0;0;0.0;0.0;0.0;0.0;0.0;0.0;0.0;0.0;0
1;0;0.0;0.0;0.0;0.05;0.0;0.0;0.0;0.0;0
0;0;0.0;0.0;0.0;0.0;0.0;0.0;0.0;0.0;0
1;0;0.0;0.0;0.0;0.05;0.0;0.0;0.0;0.0;0
0;0;0.79;0.0;0.0;0.0;0.0;0.038219641993226895;0.0;0.0;0
0;0;0.0;0.0;0.0;0.0;0.0;0.0;0.0;0.0;0
0;0;0.0;0.0;0.0;0.0;0.0;0.0;0.0;0.0;0
3;0;0.0;0.0;0.0;0.15;0.0;0.0;0.0;0.0;0
0;0;0.0;0.0;0.0;0.0;0.0;0.0;0.0;0.0;0
0;0;0.0;0.0;0.0;0.0;0.0;0.0;0.0;0.0;0
1;0;0.0;0.0;0.0;0.05;0.0;0.0;0.0;0.0;0
0;0;0.0;0.0;0.0;0.0;0.0;0.0;0.0;0.0;0
0;0;0.0;0.0;0.0;0.0;0.0;0.0;0.0;0.0;0
1;0;0.0;0.0;0.0;0.05;0.0;0.0;0.0;0.0;0
0;0;0.0;0.0;0.0;0.0;0.0;0.0;0.0;0.0;0
3;0;0.0;0.0;0.0;0.15;0.0;0.0;0.0;0.0;0
0;0;0.0;0.0;0.0;0.0;0.0;0.0;0.0;0.0;0
3;0;0.0;0.0;0.0;0.15;0.0;0.0;0.0;0.0;0
0;0;0.0;0.0;0.0;0.0;0.0;0.0;0.0;0.0;0
1;0;0.0;0.0;0.0;0.05;0.0;0.0;0.0;0.0;0
0;0;0.0;0.0;0.0;0.0;0.0;0.0;0.0;0.0;0
12;0;0.0;0.0;0.0;0.6;0.0;0.0;0.0;0.0;0
0;0;0.0;0.0;0.0;0.0;0.0;0.0;0.0;0.0;0
1;0;0.0;0.0;0.0;0.05;0.0;0.0;0.0;0.0;0
0;0;0.0;0.0;0.0;0.0;0.0;0.0;0.0;0.0;0
0;0;0.0;0.0;0.0;0.0;0.0;0.0;0.0;0.0;0
0;0;0.0;0.0;0.0;0.0;0.0;0.0;0.0;0.0;0
0;0;0.0;0.0;0.0;0.0;0.0;0.0;0.0;0.0;0
1;0;0.98;0.0;0.0;0.05;0.0;0.047411707789066275;0.0;0.0;0
0;0;0.0;0.0;0.0;0.0;0.0;0.0;0.0;0.0;0
0;0;0.0;0.0;0.0;0.0;0.0;0.0;0.0;0.0;0
0;0;0.0;0.0;0.0;0.0;0.0;0.0;0.0;0.0;0
0;0;0.0;0.0;0.0;0.0;0.0;0.0;0.0;0.0;0
1;0;0.0;0.0;0.0;0.05;0.0;0.0;0.0;0.0;0
2;0;0.2;0.0;0.0;0.1;0.0;0.009675858732462506;0.0;0.0;0
1;0;0.0;0.0;0.0;0.05;0.0;0.0;0.0;0.0;0
1;0;0.0;0.0;0.0;0.05;0.0;0.0;0.0;0.0;0
0;0;0.0;0.0;0.0;0.0;0.0;0.0;0.0;0.0;0
1;0;0.0;0.0;0.0;0.05;0.0;0.0;0.0;0.0;0
0;0;0.0;0.0;0.0;0.0;0.0;0.0;0.0;0.0;0
0;0;0.0;0.0;0.0;0.0;0.0;0.0;0.0;0.0;0
0;0;0.0;0.0;0.0;0.0;0.0;0.0;0.0;0.0;0
0;0;0.4;0.0;0.0;0.0;0.0;0.019351717464925013;0.0;0.0;0
6;0;0.0;0.0;0.0;0.3;0.0;0.0;0.0;0.0;0
0;0;0.0;0.0;0.0;0.0;0.0;0.0;0.0;0.0;0
8;0;0.0;0.0;0.0;0.4;0.0;0.0;0.0;0.0;0
0;0;0.0;0.0;0.0;0.0;0.0;0.0;0.0;0.0;0
0;0;0.0;0.0;0.0;0.0;0.0;0.0;0.0;0.0;0
0;0;0.0;0.0;0.0;0.0;0.0;0.0;0.0;0.0;0
2;0;0.0;0.0;0.0;0.1;0.0;0.0;0.0;0.0;0
1;0;0.0;0.0;0.0;0.05;0.0;0.0;0.0;0.0;0
1;0;0.0;0.0;0.0;0.05;0.0;0.0;0.0;0.0;0
0;0;0.0;0.0;0.0;0.0;0.0;0.0;0.0;0.0;0
0;0;0.0;0.0;0.0;0.0;0.0;0.0;0.0;0.0;0
0;0;0.0;0.0;0.0;0.0;0.0;0.0;0.0;0.0;0
0;0;0.0;0.0;0.0;0.0;0.0;0.0;0.0;0.0;0
0;0;0.0;0.0;0.0;0.0;0.0;0.0;0.0;0.0;0
0;0;0.0;0.0;0.0;0.0;0.0;0.0;0.0;0.0;0
1;0;0.0;0.0;0.0;0.05;0.0;0.0;0.0;0.0;0
1;0;0.0;0.0;0.0;0.05;0.0;0.0;0.0;0.0;0
1;0;0.0;0.0;0.0;0.05;0.0;0.0;0.0;0.0;0
1;0;0.0;0.0;0.0;0.05;0.0;0.0;0.0;0.0;0
2;0;0.0;0.0;0.0;0.1;0.0;0.0;0.0;0.0;0
7;0;0.0;0.0;0.0;0.35;0.0;0.0;0.0;0.0;0
1;0;0.4;0.0;0.0;0.05;0.0;0.019351717464925013;0.0;0.0;0
0;0;0.0;0.0;0.0;0.0;0.0;0.0;0.0;0.0;0
0;0;0.0;0.0;0.0;0.0;0.0;0.0;0.0;0.0;0
6;0;0.0;0.0;0.0;0.3;0.0;0.0;0.0;0.0;0
0;0;0.0;0.0;0.0;0.0;0.0;0.0;0.0;0.0;0
0;0;0.0;0.0;0.0;0.0;0.0;0.0;0.0;0.0;0
1;0;0.0;0.0;0.0;0.05;0.0;0.0;0.0;0.0;0
4;0;0.0;0.0;0.0;0.2;0.0;0.0;0.0;0.0;0
0;0;0.0;0.0;0.0;0.0;0.0;0.0;0.0;0.0;0
3;0;0.0;0.0;0.0;0.15;0.0;0.0;0.0;0.0;0
1;0;0.0;0.0;0.0;0.05;0.0;0.0;0.0;0.0;0
0;0;0.0;0.0;0.0;0.0;0.0;0.0;0.0;0.0;0
0;0;0.0;0.0;0.0;0.0;0.0;0.0;0.0;0.0;0
4;0;0.0;0.0;0.0;0.2;0.0;0.0;0.0;0.0;0
1;0;0.0;0.0;0.0;0.05;0.0;0.0;0.0;0.0;0
2;0;0.0;0.0;0.0;0.1;0.0;0.0;0.0;0.0;0
2;0;0.0;0.0;0.0;0.1;0.0;0.0;0.0;0.0;0
0;0;0.59;0.0;0.0;0.0;0.0;0.02854378326076439;0.0;0.0;0
0;0;0.0;0.0;0.0;0.0;0.0;0.0;0.0;0.0;0
1;0;0.0;0.0;0.0;0.05;0.0;0.0;0.0;0.0;0
8;0;0.59;0.0;0.0;0.4;0.0;0.02854378326076439;0.0;0.0;0
0;0;0.0;0.0;0.0;0.0;0.0;0.0;0.0;0.0;0
0;0;0.0;0.0;0.0;0.0;0.0;0.0;0.0;0.0;0
1;0;0.0;0.0;0.0;0.05;0.0;0.0;0.0;0.0;0
1;0;0.0;0.0;0.0;0.05;0.0;0.0;0.0;0.0;0
2;0;0.0;0.0;0.0;0.1;0.0;0.0;0.0;0.0;0
0;0;0.0;0.0;0.0;0.0;0.0;0.0;0.0;0.0;0
0;0;0.0;0.0;0.0;0.0;0.0;0.0;0.0;0.0;0
4;0;0.0;0.0;0.0;0.2;0.0;0.0;0.0;0.0;0
0;0;0.0;0.0;0.0;0.0;0.0;0.0;0.0;0.0;0
5;0;0.0;0.0;0.0;0.25;0.0;0.0;0.0;0.0;0
5;0;0.0;0.0;0.0;0.25;0.0;0.0;0.0;0.0;0
2;0;0.0;0.0;0.0;0.1;0.0;0.0;0.0;0.0;0
0;0;0.0;0.0;0.0;0.0;0.0;0.0;0.0;0.0;0
1;0;0.0;0.0;0.0;0.05;0.0;0.0;0.0;0.0;0
2;0;0.0;0.0;0.0;0.1;0.0;0.0;0.0;0.0;0
1;0;0.0;0.0;0.0;0.05;0.0;0.0;0.0;0.0;0
0;0;0.0;0.0;0.0;0.0;0.0;0.0;0.0;0.0;0
0;0;0.0;0.0;0.0;0.0;0.0;0.0;0.0;0.0;0
0;0;0.0;0.0;0.0;0.0;0.0;0.0;0.0;0.0;0
1;0;0.0;0.0;0.0;0.05;0.0;0.0;0.0;0.0;0
1;0;0.0;0.0;0.0;0.05;0.0;0.0;0.0;0.0;0
0;0;0.0;0.0;0.0;0.0;0.0;0.0;0.0;0.0;0
1;0;0.2;0.0;0.0;0.05;0.0;0.009675858732462506;0.0;0.0;0
0;0;0.0;0.0;0.0;0.0;0.0;0.0;0.0;0.0;0
0;0;0.0;0.0;0.0;0.0;0.0;0.0;0.0;0.0;0
0;0;0.0;0.0;0.0;0.0;0.0;0.0;0.0;0.0;0
1;0;0.0;0.0;0.0;0.05;0.0;0.0;0.0;0.0;0
0;0;0.0;0.0;0.0;0.0;0.0;0.0;0.0;0.0;0
1;0;0.0;0.0;0.0;0.05;0.0;0.0;0.0;0.0;0
0;0;0.0;0.0;0.0;0.0;0.0;0.0;0.0;0.0;0
3;0;0.0;0.0;0.0;0.15;0.0;0.0;0.0;0.0;0
0;0;0.0;0.0;0.0;0.0;0.0;0.0;0.0;0.0;0
0;0;0.0;0.0;0.0;0.0;0.0;0.0;0.0;0.0;0
2;0;0.0;0.0;0.0;0.1;0.0;0.0;0.0;0.0;0
2;0;0.0;0.0;0.0;0.1;0.0;0.0;0.0;0.0;0
3;0;0.0;0.0;0.0;0.15;0.0;0.0;0.0;0.0;0
0;0;0.0;0.0;0.0;0.0;0.0;0.0;0.0;0.0;0
1;0;0.0;0.0;0.0;0.05;0.0;0.0;0.0;0.0;0
0;0;0.0;0.0;0.0;0.0;0.0;0.0;0.0;0.0;0
1;0;0.0;0.0;0.0;0.05;0.0;0.0;0.0;0.0;0
3;0;0.0;0.0;0.0;0.15;0.0;0.0;0.0;0.0;0
2;0;0.0;0.0;0.0;0.1;0.0;0.0;0.0;0.0;0
0;0;0.0;0.0;0.0;0.0;0.0;0.0;0.0;0.0;0
3;0;0.0;0.0;0.0;0.15;0.0;0.0;0.0;0.0;0
0;0;0.0;0.0;0.0;0.0;0.0;0.0;0.0;0.0;0
0;0;0.0;0.0;0.0;0.0;0.0;0.0;0.0;0.0;0
1;0;0.2;0.0;0.0;0.05;0.0;0.009675858732462506;0.0;0.0;0
1;0;0.0;0.0;0.0;0.05;0.0;0.0;0.0;0.0;0
3;1;0.0;4.143978385008743e-06;0.0016129032258064516;0.15;1.0;0.0;1.0;1.0;0
0;0;0.0;0.0;0.0;0.0;0.0;0.0;0.0;0.0;0
1;0;0.0;0.0;0.0;0.05;0.0;0.0;0.0;0.0;0
0;0;0.0;0.0;0.0;0.0;0.0;0.0;0.0;0.0;0
0;0;0.0;0.0;0.0;0.0;0.0;0.0;0.0;0.0;0
2;0;0.0;0.0;0.0;0.1;0.0;0.0;0.0;0.0;0
0;0;0.0;0.0;0.0;0.0;0.0;0.0;0.0;0.0;0
1;0;0.2;0.0;0.0;0.05;0.0;0.009675858732462506;0.0;0.0;0
4;1;0.0;4.143978385008743e-06;0.0016129032258064516;0.2;1.0;0.0;1.0;1.0;0
2;0;0.0;0.0;0.0;0.1;0.0;0.0;0.0;0.0;0
0;0;0.0;0.0;0.0;0.0;0.0;0.0;0.0;0.0;0
1;0;0.0;0.0;0.0;0.05;0.0;0.0;0.0;0.0;0
1;0;0.6;0.0;0.0;0.05;0.0;0.029027576197387515;0.0;0.0;0
2;0;0.0;0.0;0.0;0.1;0.0;0.0;0.0;0.0;0
0;0;2.95;0.0;0.0;0.0;0.0;0.14271891630382197;0.0;0.0;0
0;0;0.0;0.0;0.0;0.0;0.0;0.0;0.0;0.0;0
1;0;0.0;0.0;0.0;0.05;0.0;0.0;0.0;0.0;0
1;0;0.0;0.0;0.0;0.05;0.0;0.0;0.0;0.0;0
0;0;0.0;0.0;0.0;0.0;0.0;0.0;0.0;0.0;0
1;0;0.0;0.0;0.0;0.05;0.0;0.0;0.0;0.0;0
0;0;0.0;0.0;0.0;0.0;0.0;0.0;0.0;0.0;0
0;0;0.2;0.0;0.0;0.0;0.0;0.009675858732462506;0.0;0.0;0
0;0;0.0;0.0;0.0;0.0;0.0;0.0;0.0;0.0;0
0;0;0.2;0.0;0.0;0.0;0.0;0.009675858732462506;0.0;0.0;0
0;0;0.0;0.0;0.0;0.0;0.0;0.0;0.0;0.0;0
1;0;0.0;0.0;0.0;0.05;0.0;0.0;0.0;0.0;0
0;0;0.0;0.0;0.0;0.0;0.0;0.0;0.0;0.0;0
0;0;0.0;0.0;0.0;0.0;0.0;0.0;0.0;0.0;0
4;0;0.0;0.0;0.0;0.2;0.0;0.0;0.0;0.0;0
3;0;0.0;0.0;0.0;0.15;0.0;0.0;0.0;0.0;0
1;0;0.0;0.0;0.0;0.05;0.0;0.0;0.0;0.0;0
3;0;0.2;0.0;0.0;0.15;0.0;0.009675858732462506;0.0;0.0;0
0;0;0.0;0.0;0.0;0.0;0.0;0.0;0.0;0.0;0
2;0;0.0;0.0;0.0;0.1;0.0;0.0;0.0;0.0;0
0;0;0.0;0.0;0.0;0.0;0.0;0.0;0.0;0.0;0
0;0;0.0;0.0;0.0;0.0;0.0;0.0;0.0;0.0;0
2;0;0.0;0.0;0.0;0.1;0.0;0.0;0.0;0.0;0
1;0;0.0;0.0;0.0;0.05;0.0;0.0;0.0;0.0;0
0;0;0.0;0.0;0.0;0.0;0.0;0.0;0.0;0.0;0
2;0;0.0;0.0;0.0;0.1;0.0;0.0;0.0;0.0;0
0;0;0.0;0.0;0.0;0.0;0.0;0.0;0.0;0.0;0
1;0;0.0;0.0;0.0;0.05;0.0;0.0;0.0;0.0;0
0;0;0.0;0.0;0.0;0.0;0.0;0.0;0.0;0.0;0
1;0;0.0;0.0;0.0;0.05;0.0;0.0;0.0;0.0;0
0;0;0.0;0.0;0.0;0.0;0.0;0.0;0.0;0.0;0
2;0;0.0;0.0;0.0;0.1;0.0;0.0;0.0;0.0;0
4;0;0.4;0.0;0.0;0.2;0.0;0.019351717464925013;0.0;0.0;0
0;0;0.0;0.0;0.0;0.0;0.0;0.0;0.0;0.0;0
3;0;0.0;0.0;0.0;0.15;0.0;0.0;0.0;0.0;0
0;0;0.0;0.0;0.0;0.0;0.0;0.0;0.0;0.0;0
0;0;0.0;0.0;0.0;0.0;0.0;0.0;0.0;0.0;0
0;0;0.0;0.0;0.0;0.0;0.0;0.0;0.0;0.0;0
0;0;0.0;0.0;0.0;0.0;0.0;0.0;0.0;0.0;0
4;0;0.99;0.0;0.0;0.2;0.0;0.0478955007256894;0.0;0.0;0
0;0;0.0;0.0;0.0;0.0;0.0;0.0;0.0;0.0;0
1;0;0.0;0.0;0.0;0.05;0.0;0.0;0.0;0.0;0
7;0;0.0;0.0;0.0;0.35;0.0;0.0;0.0;0.0;0
0;0;2.75;0.0;0.0;0.0;0.0;0.13304305757135945;0.0;0.0;0
2;0;0.0;0.0;0.0;0.1;0.0;0.0;0.0;0.0;0
0;0;0.0;0.0;0.0;0.0;0.0;0.0;0.0;0.0;0
0;0;0.0;0.0;0.0;0.0;0.0;0.0;0.0;0.0;0
0;0;0.0;0.0;0.0;0.0;0.0;0.0;0.0;0.0;0
1;0;0.0;0.0;0.0;0.05;0.0;0.0;0.0;0.0;0
6;0;0.0;0.0;0.0;0.3;0.0;0.0;0.0;0.0;0
0;0;0.0;0.0;0.0;0.0;0.0;0.0;0.0;0.0;0
0;0;0.2;0.0;0.0;0.0;0.0;0.009675858732462506;0.0;0.0;0
0;0;0.0;0.0;0.0;0.0;0.0;0.0;0.0;0.0;0
0;0;0.0;0.0;0.0;0.0;0.0;0.0;0.0;0.0;0
1;0;0.0;0.0;0.0;0.05;0.0;0.0;0.0;0.0;0
2;0;0.0;0.0;0.0;0.1;0.0;0.0;0.0;0.0;0
3;0;0.0;0.0;0.0;0.15;0.0;0.0;0.0;0.0;0
3;0;1.18;0.0;0.0;0.15;0.0;0.05708756652152878;0.0;0.0;0
0;0;0.0;0.0;0.0;0.0;0.0;0.0;0.0;0.0;0
1;0;0.0;0.0;0.0;0.05;0.0;0.0;0.0;0.0;0
0;0;0.2;0.0;0.0;0.0;0.0;0.009675858732462506;0.0;0.0;0
0;0;0.0;0.0;0.0;0.0;0.0;0.0;0.0;0.0;0
2;0;0.0;0.0;0.0;0.1;0.0;0.0;0.0;0.0;0
0;0;0.0;0.0;0.0;0.0;0.0;0.0;0.0;0.0;0
0;0;0.0;0.0;0.0;0.0;0.0;0.0;0.0;0.0;0
0;0;0.0;0.0;0.0;0.0;0.0;0.0;0.0;0.0;0
0;0;0.0;0.0;0.0;0.0;0.0;0.0;0.0;0.0;0
1;0;1.58;0.0;0.0;0.05;0.0;0.07643928398645379;0.0;0.0;1
0;0;0.0;0.0;0.0;0.0;0.0;0.0;0.0;0.0;0
1;0;0.0;0.0;0.0;0.05;0.0;0.0;0.0;0.0;0
0;0;0.0;0.0;0.0;0.0;0.0;0.0;0.0;0.0;0
1;0;0.0;0.0;0.0;0.05;0.0;0.0;0.0;0.0;0
0;0;0.4;0.0;0.0;0.0;0.0;0.019351717464925013;0.0;0.0;0
0;0;0.0;0.0;0.0;0.0;0.0;0.0;0.0;0.0;0
0;0;0.0;0.0;0.0;0.0;0.0;0.0;0.0;0.0;0
2;0;0.0;0.0;0.0;0.1;0.0;0.0;0.0;0.0;0
2;0;0.0;0.0;0.0;0.1;0.0;0.0;0.0;0.0;0
0;0;0.0;0.0;0.0;0.0;0.0;0.0;0.0;0.0;0
0;0;0.0;0.0;0.0;0.0;0.0;0.0;0.0;0.0;0
1;0;0.0;0.0;0.0;0.05;0.0;0.0;0.0;0.0;0
1;0;0.0;0.0;0.0;0.05;0.0;0.0;0.0;0.0;0
1;0;0.0;0.0;0.0;0.05;0.0;0.0;0.0;0.0;0
3;0;0.0;0.0;0.0;0.15;0.0;0.0;0.0;0.0;0
1;0;0.0;0.0;0.0;0.05;0.0;0.0;0.0;0.0;0
0;0;0.0;0.0;0.0;0.0;0.0;0.0;0.0;0.0;0
0;0;0.0;0.0;0.0;0.0;0.0;0.0;0.0;0.0;0
1;0;0.0;0.0;0.0;0.05;0.0;0.0;0.0;0.0;0
0;0;0.0;0.0;0.0;0.0;0.0;0.0;0.0;0.0;0
0;0;0.0;0.0;0.0;0.0;0.0;0.0;0.0;0.0;0
2;0;0.0;0.0;0.0;0.1;0.0;0.0;0.0;0.0;0
1;0;0.0;0.0;0.0;0.05;0.0;0.0;0.0;0.0;0
1;0;0.0;0.0;0.0;0.05;0.0;0.0;0.0;0.0;0
0;0;0.0;0.0;0.0;0.0;0.0;0.0;0.0;0.0;0
0;0;0.2;0.0;0.0;0.0;0.0;0.009675858732462506;0.0;0.0;0
0;0;0.0;0.0;0.0;0.0;0.0;0.0;0.0;0.0;0
0;0;0.0;0.0;0.0;0.0;0.0;0.0;0.0;0.0;0
0;0;0.0;0.0;0.0;0.0;0.0;0.0;0.0;0.0;0
7;0;0.0;0.0;0.0;0.35;0.0;0.0;0.0;0.0;0
2;0;0.0;0.0;0.0;0.1;0.0;0.0;0.0;0.0;0
1;0;0.0;0.0;0.0;0.05;0.0;0.0;0.0;0.0;0
2;0;0.0;0.0;0.0;0.1;0.0;0.0;0.0;0.0;0
1;0;0.0;0.0;0.0;0.05;0.0;0.0;0.0;0.0;0
0;0;0.0;0.0;0.0;0.0;0.0;0.0;0.0;0.0;0
0;0;0.0;0.0;0.0;0.0;0.0;0.0;0.0;0.0;0
2;0;0.0;0.0;0.0;0.1;0.0;0.0;0.0;0.0;0
2;0;0.0;0.0;0.0;0.1;0.0;0.0;0.0;0.0;0
1;0;0.0;0.0;0.0;0.05;0.0;0.0;0.0;0.0;0
0;0;0.0;0.0;0.0;0.0;0.0;0.0;0.0;0.0;0
0;0;0.0;0.0;0.0;0.0;0.0;0.0;0.0;0.0;0
2;0;0.0;0.0;0.0;0.1;0.0;0.0;0.0;0.0;0
1;0;0.0;0.0;0.0;0.05;0.0;0.0;0.0;0.0;0
0;0;0.0;0.0;0.0;0.0;0.0;0.0;0.0;0.0;0
0;0;0.0;0.0;0.0;0.0;0.0;0.0;0.0;0.0;0
3;0;0.0;0.0;0.0;0.15;0.0;0.0;0.0;0.0;0
1;0;0.0;0.0;0.0;0.05;0.0;0.0;0.0;0.0;0
0;0;0.0;0.0;0.0;0.0;0.0;0.0;0.0;0.0;0
1;0;0.0;0.0;0.0;0.05;0.0;0.0;0.0;0.0;0
4;0;0.0;0.0;0.0;0.2;0.0;0.0;0.0;0.0;0
0;0;0.0;0.0;0.0;0.0;0.0;0.0;0.0;0.0;0
0;0;0.0;0.0;0.0;0.0;0.0;0.0;0.0;0.0;0
1;0;0.0;0.0;0.0;0.05;0.0;0.0;0.0;0.0;0
0;0;0.0;0.0;0.0;0.0;0.0;0.0;0.0;0.0;0
1;0;0.0;0.0;0.0;0.05;0.0;0.0;0.0;0.0;0
1;0;0.0;0.0;0.0;0.05;0.0;0.0;0.0;0.0;0
0;0;0.0;0.0;0.0;0.0;0.0;0.0;0.0;0.0;0
0;0;0.0;0.0;0.0;0.0;0.0;0.0;0.0;0.0;0
0;0;0.0;0.0;0.0;0.0;0.0;0.0;0.0;0.0;0
2;0;0.0;0.0;0.0;0.1;0.0;0.0;0.0;0.0;0
0;0;0.0;0.0;0.0;0.0;0.0;0.0;0.0;0.0;0
0;0;0.0;0.0;0.0;0.0;0.0;0.0;0.0;0.0;0
0;0;0.0;0.0;0.0;0.0;0.0;0.0;0.0;0.0;0
0;0;0.0;0.0;0.0;0.0;0.0;0.0;0.0;0.0;0
0;0;0.0;0.0;0.0;0.0;0.0;0.0;0.0;0.0;0
0;0;0.0;0.0;0.0;0.0;0.0;0.0;0.0;0.0;0
0;0;0.0;0.0;0.0;0.0;0.0;0.0;0.0;0.0;0
1;0;0.0;0.0;0.0;0.05;0.0;0.0;0.0;0.0;0
0;0;0.0;0.0;0.0;0.0;0.0;0.0;0.0;0.0;0
0;0;0.0;0.0;0.0;0.0;0.0;0.0;0.0;0.0;0
0;0;0.0;0.0;0.0;0.0;0.0;0.0;0.0;0.0;0
0;0;0.0;0.0;0.0;0.0;0.0;0.0;0.0;0.0;0
1;0;0.0;0.0;0.0;0.05;0.0;0.0;0.0;0.0;0
0;0;0.2;0.0;0.0;0.0;0.0;0.009675858732462506;0.0;0.0;0
4;0;0.0;0.0;0.0;0.2;0.0;0.0;0.0;0.0;0
2;0;0.2;0.0;0.0;0.1;0.0;0.009675858732462506;0.0;0.0;0
0;0;0.0;0.0;0.0;0.0;0.0;0.0;0.0;0.0;0
1;0;0.0;0.0;0.0;0.05;0.0;0.0;0.0;0.0;0
0;0;0.0;0.0;0.0;0.0;0.0;0.0;0.0;0.0;0
2;0;0.0;0.0;0.0;0.1;0.0;0.0;0.0;0.0;0
2;0;0.0;0.0;0.0;0.1;0.0;0.0;0.0;0.0;0
1;0;0.0;0.0;0.0;0.05;0.0;0.0;0.0;0.0;0
0;0;0.2;0.0;0.0;0.0;0.0;0.009675858732462506;0.0;0.0;0
1;0;0.0;0.0;0.0;0.05;0.0;0.0;0.0;0.0;0
1;0;0.0;0.0;0.0;0.05;0.0;0.0;0.0;0.0;0
1;0;0.0;0.0;0.0;0.05;0.0;0.0;0.0;0.0;0
1;0;0.0;0.0;0.0;0.05;0.0;0.0;0.0;0.0;0
1;0;0.0;0.0;0.0;0.05;0.0;0.0;0.0;0.0;0
0;0;0.0;0.0;0.0;0.0;0.0;0.0;0.0;0.0;0
0;0;0.0;0.0;0.0;0.0;0.0;0.0;0.0;0.0;0
0;0;0.0;0.0;0.0;0.0;0.0;0.0;0.0;0.0;0
0;0;0.0;0.0;0.0;0.0;0.0;0.0;0.0;0.0;0
1;0;0.2;0.0;0.0;0.05;0.0;0.009675858732462506;0.0;0.0;0
0;0;0.2;0.0;0.0;0.0;0.0;0.009675858732462506;0.0;0.0;0
3;0;0.0;0.0;0.0;0.15;0.0;0.0;0.0;0.0;0
0;0;0.0;0.0;0.0;0.0;0.0;0.0;0.0;0.0;0
0;0;0.0;0.0;0.0;0.0;0.0;0.0;0.0;0.0;0
0;0;0.0;0.0;0.0;0.0;0.0;0.0;0.0;0.0;0
1;0;0.0;0.0;0.0;0.05;0.0;0.0;0.0;0.0;0
1;0;0.0;0.0;0.0;0.05;0.0;0.0;0.0;0.0;0
0;0;0.0;0.0;0.0;0.0;0.0;0.0;0.0;0.0;0
0;0;0.0;0.0;0.0;0.0;0.0;0.0;0.0;0.0;0
0;0;0.2;0.0;0.0;0.0;0.0;0.009675858732462506;0.0;0.0;0
1;0;0.0;0.0;0.0;0.05;0.0;0.0;0.0;0.0;0
2;0;0.0;0.0;0.0;0.1;0.0;0.0;0.0;0.0;0
0;0;0.0;0.0;0.0;0.0;0.0;0.0;0.0;0.0;0
1;0;0.0;0.0;0.0;0.05;0.0;0.0;0.0;0.0;0
1;0;0.0;0.0;0.0;0.05;0.0;0.0;0.0;0.0;0
1;0;0.0;0.0;0.0;0.05;0.0;0.0;0.0;0.0;0
0;0;0.0;0.0;0.0;0.0;0.0;0.0;0.0;0.0;0
0;0;0.0;0.0;0.0;0.0;0.0;0.0;0.0;0.0;0
0;0;0.0;0.0;0.0;0.0;0.0;0.0;0.0;0.0;0
3;0;0.0;0.0;0.0;0.15;0.0;0.0;0.0;0.0;0
0;0;0.0;0.0;0.0;0.0;0.0;0.0;0.0;0.0;0
5;0;0.0;0.0;0.0;0.25;0.0;0.0;0.0;0.0;0
1;0;0.0;0.0;0.0;0.05;0.0;0.0;0.0;0.0;0
1;0;0.0;0.0;0.0;0.05;0.0;0.0;0.0;0.0;0
0;0;0.0;0.0;0.0;0.0;0.0;0.0;0.0;0.0;0
0;0;0.0;0.0;0.0;0.0;0.0;0.0;0.0;0.0;0
1;0;0.0;0.0;0.0;0.05;0.0;0.0;0.0;0.0;0
0;0;0.0;0.0;0.0;0.0;0.0;0.0;0.0;0.0;0
1;0;0.0;0.0;0.0;0.05;0.0;0.0;0.0;0.0;0
0;0;0.0;0.0;0.0;0.0;0.0;0.0;0.0;0.0;0
1;0;0.0;0.0;0.0;0.05;0.0;0.0;0.0;0.0;0
0;0;0.0;0.0;0.0;0.0;0.0;0.0;0.0;0.0;0
1;0;0.0;0.0;0.0;0.05;0.0;0.0;0.0;0.0;0
0;0;0.0;0.0;0.0;0.0;0.0;0.0;0.0;0.0;0
0;0;0.0;0.0;0.0;0.0;0.0;0.0;0.0;0.0;0
0;0;0.0;0.0;0.0;0.0;0.0;0.0;0.0;0.0;0
0;0;0.0;0.0;0.0;0.0;0.0;0.0;0.0;0.0;0
3;0;0.0;0.0;0.0;0.15;0.0;0.0;0.0;0.0;0
1;0;0.0;0.0;0.0;0.05;0.0;0.0;0.0;0.0;0
1;0;0.0;0.0;0.0;0.05;0.0;0.0;0.0;0.0;0
1;0;20.67;0.0;0.0;0.05;0.0;1.0;0.0;0.0;1
0;0;0.0;0.0;0.0;0.0;0.0;0.0;0.0;0.0;0
0;0;0.0;0.0;0.0;0.0;0.0;0.0;0.0;0.0;0
1;0;0.0;0.0;0.0;0.05;0.0;0.0;0.0;0.0;0
2;0;0.0;0.0;0.0;0.1;0.0;0.0;0.0;0.0;0
0;0;0.2;0.0;0.0;0.0;0.0;0.009675858732462506;0.0;0.0;0
1;0;0.0;0.0;0.0;0.05;0.0;0.0;0.0;0.0;0
1;0;0.0;0.0;0.0;0.05;0.0;0.0;0.0;0.0;0
2;0;0.6;0.0;0.0;0.1;0.0;0.029027576197387515;0.0;0.0;0
3;0;0.0;0.0;0.0;0.15;0.0;0.0;0.0;0.0;0
0;0;0.0;0.0;0.0;0.0;0.0;0.0;0.0;0.0;0
0;0;0.0;0.0;0.0;0.0;0.0;0.0;0.0;0.0;0
1;0;0.0;0.0;0.0;0.05;0.0;0.0;0.0;0.0;0
1;0;0.0;0.0;0.0;0.05;0.0;0.0;0.0;0.0;0
0;0;0.0;0.0;0.0;0.0;0.0;0.0;0.0;0.0;0
1;0;0.0;0.0;0.0;0.05;0.0;0.0;0.0;0.0;0
0;0;0.0;0.0;0.0;0.0;0.0;0.0;0.0;0.0;0
2;0;0.0;0.0;0.0;0.1;0.0;0.0;0.0;0.0;0
0;0;0.2;0.0;0.0;0.0;0.0;0.009675858732462506;0.0;0.0;0
1;0;0.0;0.0;0.0;0.05;0.0;0.0;0.0;0.0;0
1;0;0.99;0.0;0.0;0.05;0.0;0.0478955007256894;0.0;0.0;0
2;0;0.0;0.0;0.0;0.1;0.0;0.0;0.0;0.0;0
1;0;0.0;0.0;0.0;0.05;0.0;0.0;0.0;0.0;0
1;0;0.0;0.0;0.0;0.05;0.0;0.0;0.0;0.0;0
2;0;0.0;0.0;0.0;0.1;0.0;0.0;0.0;0.0;0
0;0;0.0;0.0;0.0;0.0;0.0;0.0;0.0;0.0;0
0;0;0.0;0.0;0.0;0.0;0.0;0.0;0.0;0.0;0
0;0;0.0;0.0;0.0;0.0;0.0;0.0;0.0;0.0;0
0;0;0.0;0.0;0.0;0.0;0.0;0.0;0.0;0.0;0
2;0;0.0;0.0;0.0;0.1;0.0;0.0;0.0;0.0;0
0;0;0.0;0.0;0.0;0.0;0.0;0.0;0.0;0.0;0
0;0;0.0;0.0;0.0;0.0;0.0;0.0;0.0;0.0;0
0;0;0.0;0.0;0.0;0.0;0.0;0.0;0.0;0.0;0
2;0;0.0;0.0;0.0;0.1;0.0;0.0;0.0;0.0;0
0;0;0.0;0.0;0.0;0.0;0.0;0.0;0.0;0.0;0
0;0;0.0;0.0;0.0;0.0;0.0;0.0;0.0;0.0;0
0;0;0.0;0.0;0.0;0.0;0.0;0.0;0.0;0.0;0
3;0;0.0;0.0;0.0;0.15;0.0;0.0;0.0;0.0;0
0;0;0.0;0.0;0.0;0.0;0.0;0.0;0.0;0.0;0
1;0;0.0;0.0;0.0;0.05;0.0;0.0;0.0;0.0;0
0;0;0.0;0.0;0.0;0.0;0.0;0.0;0.0;0.0;0
1;0;0.0;0.0;0.0;0.05;0.0;0.0;0.0;0.0;0
0;0;0.0;0.0;0.0;0.0;0.0;0.0;0.0;0.0;0
0;0;0.0;0.0;0.0;0.0;0.0;0.0;0.0;0.0;0
0;0;0.0;0.0;0.0;0.0;0.0;0.0;0.0;0.0;0
1;0;0.0;0.0;0.0;0.05;0.0;0.0;0.0;0.0;0
0;0;0.0;0.0;0.0;0.0;0.0;0.0;0.0;0.0;0
1;0;0.0;0.0;0.0;0.05;0.0;0.0;0.0;0.0;0
0;0;0.0;0.0;0.0;0.0;0.0;0.0;0.0;0.0;0
1;0;0.0;0.0;0.0;0.05;0.0;0.0;0.0;0.0;0
2;0;0.0;0.0;0.0;0.1;0.0;0.0;0.0;0.0;0
1;0;0.2;0.0;0.0;0.05;0.0;0.009675858732462506;0.0;0.0;0
2;0;0.0;0.0;0.0;0.1;0.0;0.0;0.0;0.0;0
1;0;0.0;0.0;0.0;0.05;0.0;0.0;0.0;0.0;0
0;0;0.0;0.0;0.0;0.0;0.0;0.0;0.0;0.0;0
0;0;0.0;0.0;0.0;0.0;0.0;0.0;0.0;0.0;0
0;0;0.79;0.0;0.0;0.0;0.0;0.038219641993226895;0.0;0.0;0
0;0;0.0;0.0;0.0;0.0;0.0;0.0;0.0;0.0;0
3;0;0.0;0.0;0.0;0.15;0.0;0.0;0.0;0.0;0
1;0;0.0;0.0;0.0;0.05;0.0;0.0;0.0;0.0;0
0;0;0.4;0.0;0.0;0.0;0.0;0.019351717464925013;0.0;0.0;0
6;0;0.0;0.0;0.0;0.3;0.0;0.0;0.0;0.0;0
1;0;0.0;0.0;0.0;0.05;0.0;0.0;0.0;0.0;0
0;0;0.0;0.0;0.0;0.0;0.0;0.0;0.0;0.0;0
3;0;0.0;0.0;0.0;0.15;0.0;0.0;0.0;0.0;0
0;0;0.0;0.0;0.0;0.0;0.0;0.0;0.0;0.0;0
2;0;0.0;0.0;0.0;0.1;0.0;0.0;0.0;0.0;0
9;0;0.0;0.0;0.0;0.45;0.0;0.0;0.0;0.0;0
3;0;0.79;0.0;0.0;0.15;0.0;0.038219641993226895;0.0;0.0;0
2;0;0.0;0.0;0.0;0.1;0.0;0.0;0.0;0.0;0
2;0;0.0;0.0;0.0;0.1;0.0;0.0;0.0;0.0;0
1;0;0.0;0.0;0.0;0.05;0.0;0.0;0.0;0.0;0
1;0;0.0;0.0;0.0;0.05;0.0;0.0;0.0;0.0;0
1;0;0.0;0.0;0.0;0.05;0.0;0.0;0.0;0.0;0
3;0;0.0;0.0;0.0;0.15;0.0;0.0;0.0;0.0;0
0;0;0.0;0.0;0.0;0.0;0.0;0.0;0.0;0.0;0
1;0;0.0;0.0;0.0;0.05;0.0;0.0;0.0;0.0;0
0;0;0.0;0.0;0.0;0.0;0.0;0.0;0.0;0.0;0
0;0;0.0;0.0;0.0;0.0;0.0;0.0;0.0;0.0;0
0;0;1.97;0.0;0.0;0.0;0.0;0.09530720851475567;0.0;0.0;2
1;0;0.0;0.0;0.0;0.05;0.0;0.0;0.0;0.0;0
0;0;1.19;0.0;0.0;0.0;0.0;0.0575713594581519;0.0;0.0;0
1;0;0.2;0.0;0.0;0.05;0.0;0.009675858732462506;0.0;0.0;1
1;0;0.0;0.0;0.0;0.05;0.0;0.0;0.0;0.0;0
6;0;0.0;0.0;0.0;0.3;0.0;0.0;0.0;0.0;0
0;0;0.0;0.0;0.0;0.0;0.0;0.0;0.0;0.0;0
0;0;0.0;0.0;0.0;0.0;0.0;0.0;0.0;0.0;0
2;0;0.0;0.0;0.0;0.1;0.0;0.0;0.0;0.0;0
0;0;0.0;0.0;0.0;0.0;0.0;0.0;0.0;0.0;0
0;0;0.0;0.0;0.0;0.0;0.0;0.0;0.0;0.0;0
1;0;0.0;0.0;0.0;0.05;0.0;0.0;0.0;0.0;0
1;0;0.0;0.0;0.0;0.05;0.0;0.0;0.0;0.0;0
1;0;0.0;0.0;0.0;0.05;0.0;0.0;0.0;0.0;0
0;0;0.0;0.0;0.0;0.0;0.0;0.0;0.0;0.0;0
0;0;0.0;0.0;0.0;0.0;0.0;0.0;0.0;0.0;0
0;0;0.0;0.0;0.0;0.0;0.0;0.0;0.0;0.0;0
0;0;0.0;0.0;0.0;0.0;0.0;0.0;0.0;0.0;0
1;0;0.0;0.0;0.0;0.05;0.0;0.0;0.0;0.0;0
1;0;0.0;0.0;0.0;0.05;0.0;0.0;0.0;0.0;0
3;0;0.0;0.0;0.0;0.15;0.0;0.0;0.0;0.0;0
1;0;0.0;0.0;0.0;0.05;0.0;0.0;0.0;0.0;0
0;0;0.0;0.0;0.0;0.0;0.0;0.0;0.0;0.0;0
1;0;0.0;0.0;0.0;0.05;0.0;0.0;0.0;0.0;0
0;0;0.0;0.0;0.0;0.0;0.0;0.0;0.0;0.0;0
1;0;0.0;0.0;0.0;0.05;0.0;0.0;0.0;0.0;0
0;0;0.0;0.0;0.0;0.0;0.0;0.0;0.0;0.0;0
2;0;0.0;0.0;0.0;0.1;0.0;0.0;0.0;0.0;0
0;0;0.0;0.0;0.0;0.0;0.0;0.0;0.0;0.0;0
1;0;0.0;0.0;0.0;0.05;0.0;0.0;0.0;0.0;0
0;0;0.0;0.0;0.0;0.0;0.0;0.0;0.0;0.0;0
0;0;0.0;0.0;0.0;0.0;0.0;0.0;0.0;0.0;0
0;0;0.0;0.0;0.0;0.0;0.0;0.0;0.0;0.0;0
4;0;0.0;0.0;0.0;0.2;0.0;0.0;0.0;0.0;0
2;0;0.0;0.0;0.0;0.1;0.0;0.0;0.0;0.0;0
0;0;0.0;0.0;0.0;0.0;0.0;0.0;0.0;0.0;0
0;0;0.0;0.0;0.0;0.0;0.0;0.0;0.0;0.0;0
0;0;0.0;0.0;0.0;0.0;0.0;0.0;0.0;0.0;0
2;0;0.0;0.0;0.0;0.1;0.0;0.0;0.0;0.0;0
2;0;0.0;0.0;0.0;0.1;0.0;0.0;0.0;0.0;0
2;0;0.0;0.0;0.0;0.1;0.0;0.0;0.0;0.0;0
0;0;0.0;0.0;0.0;0.0;0.0;0.0;0.0;0.0;0
0;0;0.0;0.0;0.0;0.0;0.0;0.0;0.0;0.0;0
1;0;0.0;0.0;0.0;0.05;0.0;0.0;0.0;0.0;0
2;0;0.0;0.0;0.0;0.1;0.0;0.0;0.0;0.0;0
1;0;0.0;0.0;0.0;0.05;0.0;0.0;0.0;0.0;0
0;0;0.0;0.0;0.0;0.0;0.0;0.0;0.0;0.0;0
0;0;0.0;0.0;0.0;0.0;0.0;0.0;0.0;0.0;0
0;0;0.2;0.0;0.0;0.0;0.0;0.009675858732462506;0.0;0.0;0
3;0;0.0;0.0;0.0;0.15;0.0;0.0;0.0;0.0;0
0;0;0.0;0.0;0.0;0.0;0.0;0.0;0.0;0.0;0
0;0;0.0;0.0;0.0;0.0;0.0;0.0;0.0;0.0;0
2;0;0.0;0.0;0.0;0.1;0.0;0.0;0.0;0.0;0
1;0;0.0;0.0;0.0;0.05;0.0;0.0;0.0;0.0;0
0;0;0.0;0.0;0.0;0.0;0.0;0.0;0.0;0.0;0
4;0;0.0;0.0;0.0;0.2;0.0;0.0;0.0;0.0;0
2;0;0.0;0.0;0.0;0.1;0.0;0.0;0.0;0.0;0
1;0;0.0;0.0;0.0;0.05;0.0;0.0;0.0;0.0;0
0;0;0.0;0.0;0.0;0.0;0.0;0.0;0.0;0.0;0
2;0;0.0;0.0;0.0;0.1;0.0;0.0;0.0;0.0;0
1;0;0.0;0.0;0.0;0.05;0.0;0.0;0.0;0.0;0
1;0;0.0;0.0;0.0;0.05;0.0;0.0;0.0;0.0;0
1;0;0.0;0.0;0.0;0.05;0.0;0.0;0.0;0.0;0
1;0;0.0;0.0;0.0;0.05;0.0;0.0;0.0;0.0;0
0;0;0.0;0.0;0.0;0.0;0.0;0.0;0.0;0.0;0
3;0;0.2;0.0;0.0;0.15;0.0;0.009675858732462506;0.0;0.0;1
0;0;0.0;0.0;0.0;0.0;0.0;0.0;0.0;0.0;0
0;0;0.0;0.0;0.0;0.0;0.0;0.0;0.0;0.0;0
0;0;0.0;0.0;0.0;0.0;0.0;0.0;0.0;0.0;0
2;0;0.2;0.0;0.0;0.1;0.0;0.009675858732462506;0.0;0.0;0
1;0;0.0;0.0;0.0;0.05;0.0;0.0;0.0;0.0;0
7;0;0.0;0.0;0.0;0.35;0.0;0.0;0.0;0.0;0
0;0;0.0;0.0;0.0;0.0;0.0;0.0;0.0;0.0;0
0;0;0.0;0.0;0.0;0.0;0.0;0.0;0.0;0.0;0
2;0;0.0;0.0;0.0;0.1;0.0;0.0;0.0;0.0;0
0;0;0.0;0.0;0.0;0.0;0.0;0.0;0.0;0.0;0
0;0;0.0;0.0;0.0;0.0;0.0;0.0;0.0;0.0;0
0;0;0.0;0.0;0.0;0.0;0.0;0.0;0.0;0.0;0
0;0;0.0;0.0;0.0;0.0;0.0;0.0;0.0;0.0;0
4;0;0.0;0.0;0.0;0.2;0.0;0.0;0.0;0.0;0
1;0;0.0;0.0;0.0;0.05;0.0;0.0;0.0;0.0;0
1;0;0.0;0.0;0.0;0.05;0.0;0.0;0.0;0.0;0
0;0;0.0;0.0;0.0;0.0;0.0;0.0;0.0;0.0;0
1;0;0.0;0.0;0.0;0.05;0.0;0.0;0.0;0.0;0
0;0;0.0;0.0;0.0;0.0;0.0;0.0;0.0;0.0;0
1;0;0.0;0.0;0.0;0.05;0.0;0.0;0.0;0.0;0
0;0;0.0;0.0;0.0;0.0;0.0;0.0;0.0;0.0;1
2;0;0.0;0.0;0.0;0.1;0.0;0.0;0.0;0.0;0
1;0;0.0;0.0;0.0;0.05;0.0;0.0;0.0;0.0;0
0;0;0.0;0.0;0.0;0.0;0.0;0.0;0.0;0.0;0
1;0;0.0;0.0;0.0;0.05;0.0;0.0;0.0;0.0;0
0;0;0.0;0.0;0.0;0.0;0.0;0.0;0.0;0.0;0
1;0;0.0;0.0;0.0;0.05;0.0;0.0;0.0;0.0;0
0;0;0.0;0.0;0.0;0.0;0.0;0.0;0.0;0.0;0
1;0;0.0;0.0;0.0;0.05;0.0;0.0;0.0;0.0;0
0;0;0.0;0.0;0.0;0.0;0.0;0.0;0.0;0.0;0
0;0;0.0;0.0;0.0;0.0;0.0;0.0;0.0;0.0;0
0;0;0.0;0.0;0.0;0.0;0.0;0.0;0.0;0.0;0
1;0;0.0;0.0;0.0;0.05;0.0;0.0;0.0;0.0;0
0;0;0.0;0.0;0.0;0.0;0.0;0.0;0.0;0.0;0
0;0;0.0;0.0;0.0;0.0;0.0;0.0;0.0;0.0;0
1;0;0.0;0.0;0.0;0.05;0.0;0.0;0.0;0.0;0
0;0;0.2;0.0;0.0;0.0;0.0;0.009675858732462506;0.0;0.0;0
0;0;0.0;0.0;0.0;0.0;0.0;0.0;0.0;0.0;0
8;0;0.0;0.0;0.0;0.4;0.0;0.0;0.0;0.0;0
0;0;0.0;0.0;0.0;0.0;0.0;0.0;0.0;0.0;0
1;0;0.0;0.0;0.0;0.05;0.0;0.0;0.0;0.0;0
1;0;0.0;0.0;0.0;0.05;0.0;0.0;0.0;0.0;0
0;0;0.0;0.0;0.0;0.0;0.0;0.0;0.0;0.0;0
1;0;0.0;0.0;0.0;0.05;0.0;0.0;0.0;0.0;0
1;0;0.0;0.0;0.0;0.05;0.0;0.0;0.0;0.0;0
5;0;0.0;0.0;0.0;0.25;0.0;0.0;0.0;0.0;0
2;0;0.0;0.0;0.0;0.1;0.0;0.0;0.0;0.0;0
2;0;0.0;0.0;0.0;0.1;0.0;0.0;0.0;0.0;0
0;0;0.0;0.0;0.0;0.0;0.0;0.0;0.0;0.0;0
2;0;1.57;0.0;0.0;0.1;0.0;0.07595549104983067;0.0;0.0;0
0;0;0.0;0.0;0.0;0.0;0.0;0.0;0.0;0.0;0
0;0;0.0;0.0;0.0;0.0;0.0;0.0;0.0;0.0;0
1;0;0.0;0.0;0.0;0.05;0.0;0.0;0.0;0.0;0
2;0;0.0;0.0;0.0;0.1;0.0;0.0;0.0;0.0;0
0;0;0.0;0.0;0.0;0.0;0.0;0.0;0.0;0.0;0
0;0;0.0;0.0;0.0;0.0;0.0;0.0;0.0;0.0;0
1;0;0.0;0.0;0.0;0.05;0.0;0.0;0.0;0.0;0
4;0;0.0;0.0;0.0;0.2;0.0;0.0;0.0;0.0;0
0;0;0.0;0.0;0.0;0.0;0.0;0.0;0.0;0.0;0
0;0;0.0;0.0;0.0;0.0;0.0;0.0;0.0;0.0;0
1;0;0.0;0.0;0.0;0.05;0.0;0.0;0.0;0.0;0
3;0;0.0;0.0;0.0;0.15;0.0;0.0;0.0;0.0;0
2;0;0.0;0.0;0.0;0.1;0.0;0.0;0.0;0.0;0
2;0;0.0;0.0;0.0;0.1;0.0;0.0;0.0;0.0;0
0;0;0.0;0.0;0.0;0.0;0.0;0.0;0.0;0.0;0
3;0;0.0;0.0;0.0;0.15;0.0;0.0;0.0;0.0;0
2;0;0.0;0.0;0.0;0.1;0.0;0.0;0.0;0.0;0
0;0;0.0;0.0;0.0;0.0;0.0;0.0;0.0;0.0;0
0;0;0.0;0.0;0.0;0.0;0.0;0.0;0.0;0.0;0
1;0;0.0;0.0;0.0;0.05;0.0;0.0;0.0;0.0;0
0;0;0.0;0.0;0.0;0.0;0.0;0.0;0.0;0.0;0
1;0;0.0;0.0;0.0;0.05;0.0;0.0;0.0;0.0;0
6;0;0.0;0.0;0.0;0.3;0.0;0.0;0.0;0.0;0
3;0;0.0;0.0;0.0;0.15;0.0;0.0;0.0;0.0;0
3;0;0.0;0.0;0.0;0.15;0.0;0.0;0.0;0.0;0
0;0;0.0;0.0;0.0;0.0;0.0;0.0;0.0;0.0;0
