tweets;related;rainfall class;Normalized tweets;Normalized related;Normalized rainfall class;Next batch rainfall class
0;0;0.0;0.0;0.0;0.0;0
1;0;0.0;0.3333333333333333;0.0;0.0;0
0;0;0.0;0.0;0.0;0.0;0
0;0;0.0;0.0;0.0;0.0;0
0;0;0.0;0.0;0.0;0.0;0
0;0;0.0;0.0;0.0;0.0;0
2;0;0.0;0.6666666666666666;0.0;0.0;0
0;0;0.0;0.0;0.0;0.0;0
0;0;0.0;0.0;0.0;0.0;0
0;0;0.0;0.0;0.0;0.0;0
0;0;0.0;0.0;0.0;0.0;1
0;0;0.0;0.0;0.0;0.0;0
0;0;0.0;0.0;0.0;0.0;0
0;0;0.0;0.0;0.0;0.0;0
0;0;0.0;0.0;0.0;0.0;0
0;0;4.71;0.0;0.0;0.17290748898678415;1
0;0;0.0;0.0;0.0;0.0;0
0;0;0.0;0.0;0.0;0.0;0
0;0;0.0;0.0;0.0;0.0;0
0;0;0.0;0.0;0.0;0.0;0
0;0;0.0;0.0;0.0;0.0;0
0;0;0.0;0.0;0.0;0.0;0
0;0;0.0;0.0;0.0;0.0;0
0;0;0.0;0.0;0.0;0.0;0
0;0;0.0;0.0;0.0;0.0;0
1;0;0.0;0.3333333333333333;0.0;0.0;0
0;0;0.0;0.0;0.0;0.0;0
0;0;0.0;0.0;0.0;0.0;0
0;0;0.0;0.0;0.0;0.0;0
0;0;0.0;0.0;0.0;0.0;0
0;0;0.0;0.0;0.0;0.0;0
0;0;0.0;0.0;0.0;0.0;0
0;0;0.0;0.0;0.0;0.0;0
0;0;0.0;0.0;0.0;0.0;0
0;0;0.0;0.0;0.0;0.0;0
0;0;2.36;0.0;0.0;0.08663729809104259;0
0;0;0.4;0.0;0.0;0.014684287812041117;0
0;0;0.0;0.0;0.0;0.0;0
0;0;0.0;0.0;0.0;0.0;0
0;0;0.0;0.0;0.0;0.0;0
0;0;0.2;0.0;0.0;0.007342143906020559;0
0;0;0.0;0.0;0.0;0.0;0
0;0;0.0;0.0;0.0;0.0;0
0;0;0.0;0.0;0.0;0.0;0
0;0;0.0;0.0;0.0;0.0;0
0;0;0.0;0.0;0.0;0.0;0
0;0;0.0;0.0;0.0;0.0;0
0;0;0.0;0.0;0.0;0.0;0
0;0;0.0;0.0;0.0;0.0;0
0;0;0.0;0.0;0.0;0.0;0
1;0;0.0;0.3333333333333333;0.0;0.0;0
0;0;0.0;0.0;0.0;0.0;0
0;0;0.39;0.0;0.0;0.01431718061674009;0
1;0;0.0;0.3333333333333333;0.0;0.0;0
0;0;0.0;0.0;0.0;0.0;0
0;0;0.0;0.0;0.0;0.0;0
0;0;0.0;0.0;0.0;0.0;0
0;0;0.0;0.0;0.0;0.0;0
0;0;0.0;0.0;0.0;0.0;0
0;0;0.0;0.0;0.0;0.0;0
0;0;0.0;0.0;0.0;0.0;0
0;0;0.0;0.0;0.0;0.0;0
0;0;0.0;0.0;0.0;0.0;0
0;0;0.2;0.0;0.0;0.007342143906020559;0
0;0;0.0;0.0;0.0;0.0;0
0;0;0.0;0.0;0.0;0.0;0
0;0;0.0;0.0;0.0;0.0;0
0;0;0.0;0.0;0.0;0.0;0
0;0;0.0;0.0;0.0;0.0;0
0;0;0.0;0.0;0.0;0.0;0
0;0;0.0;0.0;0.0;0.0;0
1;0;0.0;0.3333333333333333;0.0;0.0;0
1;0;0.0;0.3333333333333333;0.0;0.0;0
0;0;0.0;0.0;0.0;0.0;0
0;0;0.0;0.0;0.0;0.0;0
0;0;0.0;0.0;0.0;0.0;0
0;0;0.0;0.0;0.0;0.0;0
0;0;0.0;0.0;0.0;0.0;0
0;0;0.0;0.0;0.0;0.0;0
0;0;3.14;0.0;0.0;0.11527165932452277;1
0;0;0.0;0.0;0.0;0.0;0
0;0;0.2;0.0;0.0;0.007342143906020559;0
0;0;0.2;0.0;0.0;0.007342143906020559;0
0;0;0.0;0.0;0.0;0.0;0
1;0;0.0;0.3333333333333333;0.0;0.0;0
0;0;0.0;0.0;0.0;0.0;0
0;0;7.69;0.0;0.0;0.2823054331864905;1
0;0;0.0;0.0;0.0;0.0;0
0;0;0.0;0.0;0.0;0.0;0
1;0;0.0;0.3333333333333333;0.0;0.0;0
0;0;0.0;0.0;0.0;0.0;0
0;0;0.0;0.0;0.0;0.0;0
1;0;0.0;0.3333333333333333;0.0;0.0;0
0;0;0.0;0.0;0.0;0.0;0
1;0;0.0;0.3333333333333333;0.0;0.0;0
0;0;0.0;0.0;0.0;0.0;0
0;0;4.52;0.0;0.0;0.1659324522760646;0
0;0;0.0;0.0;0.0;0.0;0
0;0;0.0;0.0;0.0;0.0;0
0;0;0.0;0.0;0.0;0.0;0
0;0;0.0;0.0;0.0;0.0;0
0;0;0.0;0.0;0.0;0.0;0
0;0;0.0;0.0;0.0;0.0;0
0;0;0.2;0.0;0.0;0.007342143906020559;0
0;0;7.67;0.0;0.0;0.2815712187958884;1
0;0;0.0;0.0;0.0;0.0;0
0;0;0.0;0.0;0.0;0.0;0
0;0;0.0;0.0;0.0;0.0;0
0;0;0.4;0.0;0.0;0.014684287812041117;0
0;0;0.2;0.0;0.0;0.007342143906020559;0
0;0;0.0;0.0;0.0;0.0;0
0;0;0.59;0.0;0.0;0.021659324522760648;1
0;0;0.59;0.0;0.0;0.021659324522760648;0
0;0;0.0;0.0;0.0;0.0;0
0;0;0.0;0.0;0.0;0.0;0
0;0;0.0;0.0;0.0;0.0;0
0;0;0.0;0.0;0.0;0.0;0
0;0;1.38;0.0;0.0;0.05066079295154185;0
0;0;0.0;0.0;0.0;0.0;0
0;0;0.0;0.0;0.0;0.0;0
1;0;0.0;0.3333333333333333;0.0;0.0;0
0;0;0.0;0.0;0.0;0.0;0
0;0;0.0;0.0;0.0;0.0;0
0;0;0.0;0.0;0.0;0.0;0
1;0;0.4;0.3333333333333333;0.0;0.014684287812041117;0
0;0;0.0;0.0;0.0;0.0;0
0;0;0.0;0.0;0.0;0.0;0
0;0;0.0;0.0;0.0;0.0;0
0;0;0.0;0.0;0.0;0.0;0
0;0;0.0;0.0;0.0;0.0;0
0;0;0.0;0.0;0.0;0.0;0
0;0;0.0;0.0;0.0;0.0;0
0;0;0.0;0.0;0.0;0.0;0
0;0;0.0;0.0;0.0;0.0;0
0;0;0.0;0.0;0.0;0.0;0
0;0;0.0;0.0;0.0;0.0;0
0;0;0.0;0.0;0.0;0.0;0
2;0;0.0;0.6666666666666666;0.0;0.0;0
0;0;0.0;0.0;0.0;0.0;0
1;0;0.2;0.3333333333333333;0.0;0.007342143906020559;0
0;0;2.75;0.0;0.0;0.10095447870778268;0
0;0;0.0;0.0;0.0;0.0;0
0;0;0.0;0.0;0.0;0.0;0
0;0;0.0;0.0;0.0;0.0;0
0;0;0.0;0.0;0.0;0.0;0
0;0;0.2;0.0;0.0;0.007342143906020559;0
0;0;0.0;0.0;0.0;0.0;0
1;0;0.0;0.3333333333333333;0.0;0.0;0
0;0;0.0;0.0;0.0;0.0;0
0;0;2.56;0.0;0.0;0.09397944199706315;1
0;0;0.0;0.0;0.0;0.0;0
0;0;0.0;0.0;0.0;0.0;0
0;0;0.0;0.0;0.0;0.0;0
0;0;0.0;0.0;0.0;0.0;0
0;0;0.0;0.0;0.0;0.0;0
0;0;0.2;0.0;0.0;0.007342143906020559;0
0;0;0.0;0.0;0.0;0.0;0
0;0;0.0;0.0;0.0;0.0;0
1;0;0.0;0.3333333333333333;0.0;0.0;0
0;0;0.0;0.0;0.0;0.0;0
0;0;0.0;0.0;0.0;0.0;0
0;0;0.2;0.0;0.0;0.007342143906020559;0
0;0;0.4;0.0;0.0;0.014684287812041117;0
0;0;0.2;0.0;0.0;0.007342143906020559;0
0;0;0.0;0.0;0.0;0.0;0
0;0;0.0;0.0;0.0;0.0;0
0;0;0.0;0.0;0.0;0.0;0
0;0;0.0;0.0;0.0;0.0;0
0;0;0.0;0.0;0.0;0.0;0
0;0;0.79;0.0;0.0;0.029001468428781207;0
0;0;0.0;0.0;0.0;0.0;0
0;0;0.0;0.0;0.0;0.0;0
0;0;0.0;0.0;0.0;0.0;0
0;0;0.0;0.0;0.0;0.0;0
0;0;0.59;0.0;0.0;0.021659324522760648;0
0;0;0.0;0.0;0.0;0.0;0
0;0;0.0;0.0;0.0;0.0;0
0;0;0.0;0.0;0.0;0.0;0
0;0;0.0;0.0;0.0;0.0;0
0;0;0.0;0.0;0.0;0.0;0
0;0;0.0;0.0;0.0;0.0;0
0;0;1.57;0.0;0.0;0.057635829662261384;0
0;0;0.0;0.0;0.0;0.0;0
0;0;5.1;0.0;0.0;0.1872246696035242;1
0;0;0.0;0.0;0.0;0.0;0
0;0;0.0;0.0;0.0;0.0;0
0;0;0.0;0.0;0.0;0.0;0
0;0;0.2;0.0;0.0;0.007342143906020559;0
0;0;0.2;0.0;0.0;0.007342143906020559;0
0;0;0.0;0.0;0.0;0.0;0
0;0;0.0;0.0;0.0;0.0;0
0;0;0.0;0.0;0.0;0.0;0
0;0;0.0;0.0;0.0;0.0;0
0;0;0.0;0.0;0.0;0.0;0
0;0;0.0;0.0;0.0;0.0;0
3;0;0.0;1.0;0.0;0.0;0
0;0;0.0;0.0;0.0;0.0;0
0;0;0.0;0.0;0.0;0.0;0
0;0;0.0;0.0;0.0;0.0;0
0;0;0.0;0.0;0.0;0.0;0
0;0;0.0;0.0;0.0;0.0;0
0;0;0.2;0.0;0.0;0.007342143906020559;0
2;0;0.0;0.6666666666666666;0.0;0.0;0
0;0;2.55;0.0;0.0;0.0936123348017621;1
1;0;0.0;0.3333333333333333;0.0;0.0;0
0;0;1.38;0.0;0.0;0.05066079295154185;0
0;0;0.0;0.0;0.0;0.0;0
0;0;0.0;0.0;0.0;0.0;0
0;0;0.0;0.0;0.0;0.0;0
0;0;0.0;0.0;0.0;0.0;0
0;0;0.0;0.0;0.0;0.0;0
0;0;0.0;0.0;0.0;0.0;0
0;0;0.0;0.0;0.0;0.0;0
0;0;0.4;0.0;0.0;0.014684287812041117;0
0;0;1.57;0.0;0.0;0.057635829662261384;0
0;0;0.0;0.0;0.0;0.0;0
1;0;0.0;0.3333333333333333;0.0;0.0;0
0;0;0.0;0.0;0.0;0.0;0
0;0;0.0;0.0;0.0;0.0;0
0;0;0.0;0.0;0.0;0.0;0
0;0;0.0;0.0;0.0;0.0;0
0;0;0.0;0.0;0.0;0.0;0
0;0;0.0;0.0;0.0;0.0;0
0;0;0.0;0.0;0.0;0.0;0
0;0;0.0;0.0;0.0;0.0;0
0;0;0.0;0.0;0.0;0.0;0
0;0;0.0;0.0;0.0;0.0;0
0;0;0.2;0.0;0.0;0.007342143906020559;0
0;0;0.0;0.0;0.0;0.0;0
0;0;0.0;0.0;0.0;0.0;0
0;0;0.4;0.0;0.0;0.014684287812041117;0
0;0;0.0;0.0;0.0;0.0;0
0;0;0.0;0.0;0.0;0.0;0
0;0;0.0;0.0;0.0;0.0;0
0;0;0.2;0.0;0.0;0.007342143906020559;0
0;0;0.0;0.0;0.0;0.0;0
0;0;0.0;0.0;0.0;0.0;0
0;0;0.2;0.0;0.0;0.007342143906020559;0
0;0;0.0;0.0;0.0;0.0;0
0;0;0.0;0.0;0.0;0.0;0
0;0;0.0;0.0;0.0;0.0;0
0;0;0.2;0.0;0.0;0.007342143906020559;0
0;0;0.0;0.0;0.0;0.0;0
1;0;0.0;0.3333333333333333;0.0;0.0;0
0;0;0.0;0.0;0.0;0.0;0
2;0;0.0;0.6666666666666666;0.0;0.0;0
0;0;0.0;0.0;0.0;0.0;0
0;0;0.2;0.0;0.0;0.007342143906020559;0
0;0;0.0;0.0;0.0;0.0;0
0;0;0.0;0.0;0.0;0.0;0
0;0;0.0;0.0;0.0;0.0;0
0;0;0.4;0.0;0.0;0.014684287812041117;0
0;0;0.0;0.0;0.0;0.0;0
0;0;0.0;0.0;0.0;0.0;0
0;0;0.0;0.0;0.0;0.0;0
0;0;0.79;0.0;0.0;0.029001468428781207;0
0;0;0.0;0.0;0.0;0.0;0
0;0;0.0;0.0;0.0;0.0;0
0;0;0.0;0.0;0.0;0.0;0
0;0;0.0;0.0;0.0;0.0;0
0;0;0.0;0.0;0.0;0.0;0
0;0;0.0;0.0;0.0;0.0;0
1;0;0.0;0.3333333333333333;0.0;0.0;0
0;0;0.0;0.0;0.0;0.0;0
0;0;0.0;0.0;0.0;0.0;0
0;0;0.0;0.0;0.0;0.0;0
0;0;0.0;0.0;0.0;0.0;0
0;0;0.0;0.0;0.0;0.0;0
0;0;0.0;0.0;0.0;0.0;0
0;0;0.0;0.0;0.0;0.0;0
1;0;0.0;0.3333333333333333;0.0;0.0;0
0;0;0.0;0.0;0.0;0.0;0
0;0;0.0;0.0;0.0;0.0;0
0;0;0.0;0.0;0.0;0.0;0
0;0;0.0;0.0;0.0;0.0;0
3;0;0.0;1.0;0.0;0.0;0
0;0;0.0;0.0;0.0;0.0;0
0;0;0.4;0.0;0.0;0.014684287812041117;0
0;0;0.0;0.0;0.0;0.0;0
0;0;0.0;0.0;0.0;0.0;0
0;0;0.0;0.0;0.0;0.0;0
1;0;0.0;0.3333333333333333;0.0;0.0;0
1;0;0.0;0.3333333333333333;0.0;0.0;0
0;0;0.0;0.0;0.0;0.0;0
0;0;0.0;0.0;0.0;0.0;0
0;0;0.79;0.0;0.0;0.029001468428781207;0
0;0;0.0;0.0;0.0;0.0;0
0;0;0.0;0.0;0.0;0.0;0
0;0;0.0;0.0;0.0;0.0;0
0;0;0.0;0.0;0.0;0.0;0
0;0;0.0;0.0;0.0;0.0;0
0;0;0.0;0.0;0.0;0.0;0
1;0;0.0;0.3333333333333333;0.0;0.0;0
0;0;0.0;0.0;0.0;0.0;0
0;0;0.0;0.0;0.0;0.0;0
0;0;0.0;0.0;0.0;0.0;0
0;0;0.0;0.0;0.0;0.0;0
0;0;0.0;0.0;0.0;0.0;0
0;0;0.0;0.0;0.0;0.0;0
0;0;0.0;0.0;0.0;0.0;0
0;0;0.0;0.0;0.0;0.0;0
0;0;0.0;0.0;0.0;0.0;0
0;0;0.0;0.0;0.0;0.0;0
0;0;0.0;0.0;0.0;0.0;0
0;0;0.2;0.0;0.0;0.007342143906020559;0
0;0;0.0;0.0;0.0;0.0;0
0;0;0.2;0.0;0.0;0.007342143906020559;0
0;0;0.2;0.0;0.0;0.007342143906020559;0
0;0;0.0;0.0;0.0;0.0;0
0;0;0.0;0.0;0.0;0.0;0
0;0;0.0;0.0;0.0;0.0;0
0;0;0.0;0.0;0.0;0.0;0
0;0;0.0;0.0;0.0;0.0;0
0;0;0.0;0.0;0.0;0.0;0
0;0;0.0;0.0;0.0;0.0;0
0;0;0.0;0.0;0.0;0.0;0
0;0;0.0;0.0;0.0;0.0;0
0;0;0.0;0.0;0.0;0.0;0
0;0;0.0;0.0;0.0;0.0;0
0;0;0.0;0.0;0.0;0.0;0
0;0;0.0;0.0;0.0;0.0;0
0;0;0.0;0.0;0.0;0.0;0
0;0;0.0;0.0;0.0;0.0;0
0;0;0.0;0.0;0.0;0.0;0
0;0;0.0;0.0;0.0;0.0;0
0;0;0.0;0.0;0.0;0.0;0
0;0;0.0;0.0;0.0;0.0;0
0;0;0.0;0.0;0.0;0.0;0
0;0;0.0;0.0;0.0;0.0;0
0;0;0.0;0.0;0.0;0.0;0
0;0;0.0;0.0;0.0;0.0;0
0;0;0.0;0.0;0.0;0.0;0
0;0;0.0;0.0;0.0;0.0;0
0;0;0.0;0.0;0.0;0.0;0
0;0;0.0;0.0;0.0;0.0;0
0;0;0.0;0.0;0.0;0.0;0
0;0;0.0;0.0;0.0;0.0;0
0;0;0.0;0.0;0.0;0.0;0
0;0;1.37;0.0;0.0;0.05029368575624083;1
0;0;0.0;0.0;0.0;0.0;0
0;0;4.31;0.0;0.0;0.15822320117474303;1
0;0;0.0;0.0;0.0;0.0;0
0;0;0.99;0.0;0.0;0.03634361233480177;0
0;0;0.0;0.0;0.0;0.0;0
0;0;0.2;0.0;0.0;0.007342143906020559;0
1;0;0.0;0.3333333333333333;0.0;0.0;0
0;0;0.0;0.0;0.0;0.0;0
0;0;0.0;0.0;0.0;0.0;0
0;0;0.0;0.0;0.0;0.0;0
0;0;0.0;0.0;0.0;0.0;0
0;0;0.2;0.0;0.0;0.007342143906020559;0
0;0;0.0;0.0;0.0;0.0;0
0;0;0.0;0.0;0.0;0.0;0
3;0;0.0;1.0;0.0;0.0;0
0;0;0.0;0.0;0.0;0.0;0
0;0;0.0;0.0;0.0;0.0;0
0;0;0.0;0.0;0.0;0.0;0
0;0;0.0;0.0;0.0;0.0;0
0;0;0.0;0.0;0.0;0.0;0
0;0;2.56;0.0;0.0;0.09397944199706315;0
0;0;0.0;0.0;0.0;0.0;0
0;0;0.0;0.0;0.0;0.0;0
0;0;0.0;0.0;0.0;0.0;0
0;0;0.0;0.0;0.0;0.0;0
0;0;5.3;0.0;0.0;0.1945668135095448;1
0;0;0.0;0.0;0.0;0.0;0
0;0;0.0;0.0;0.0;0.0;0
0;0;0.0;0.0;0.0;0.0;0
2;0;0.0;0.6666666666666666;0.0;0.0;0
0;0;0.0;0.0;0.0;0.0;0
1;0;0.0;0.3333333333333333;0.0;0.0;0
2;0;0.0;0.6666666666666666;0.0;0.0;0
0;0;0.0;0.0;0.0;0.0;0
0;0;0.0;0.0;0.0;0.0;0
0;0;0.0;0.0;0.0;0.0;0
0;0;1.58;0.0;0.0;0.058002936857562415;0
1;0;0.0;0.3333333333333333;0.0;0.0;0
0;0;0.0;0.0;0.0;0.0;0
0;0;0.0;0.0;0.0;0.0;0
0;0;0.2;0.0;0.0;0.007342143906020559;0
0;0;0.0;0.0;0.0;0.0;0
0;0;0.0;0.0;0.0;0.0;0
0;0;0.0;0.0;0.0;0.0;0
0;0;0.59;0.0;0.0;0.021659324522760648;0
0;0;0.0;0.0;0.0;0.0;0
0;0;0.0;0.0;0.0;0.0;0
0;0;0.0;0.0;0.0;0.0;0
0;0;0.2;0.0;0.0;0.007342143906020559;0
0;0;0.0;0.0;0.0;0.0;0
0;0;1.57;0.0;0.0;0.057635829662261384;0
0;0;0.0;0.0;0.0;0.0;0
0;0;0.0;0.0;0.0;0.0;0
0;0;0.98;0.0;0.0;0.035976505139500736;0
1;0;0.0;0.3333333333333333;0.0;0.0;0
0;0;6.48;0.0;0.0;0.2378854625550661;1
0;0;0.0;0.0;0.0;0.0;0
0;0;0.0;0.0;0.0;0.0;0
0;0;0.0;0.0;0.0;0.0;0
0;0;0.0;0.0;0.0;0.0;0
0;0;0.79;0.0;0.0;0.029001468428781207;0
0;0;0.0;0.0;0.0;0.0;0
0;0;7.49;0.0;0.0;0.2749632892804699;1
0;0;0.0;0.0;0.0;0.0;0
0;0;0.2;0.0;0.0;0.007342143906020559;0
1;0;0.0;0.3333333333333333;0.0;0.0;0
0;0;0.0;0.0;0.0;0.0;0
0;0;0.0;0.0;0.0;0.0;0
0;0;0.0;0.0;0.0;0.0;0
1;0;0.0;0.3333333333333333;0.0;0.0;0
0;0;0.0;0.0;0.0;0.0;0
0;0;0.0;0.0;0.0;0.0;0
0;0;0.0;0.0;0.0;0.0;0
0;0;0.0;0.0;0.0;0.0;0
0;0;0.0;0.0;0.0;0.0;0
1;0;0.0;0.3333333333333333;0.0;0.0;0
0;0;0.0;0.0;0.0;0.0;0
0;0;0.99;0.0;0.0;0.03634361233480177;1
1;0;0.2;0.3333333333333333;0.0;0.007342143906020559;0
0;0;0.0;0.0;0.0;0.0;0
1;0;0.0;0.3333333333333333;0.0;0.0;0
0;0;0.0;0.0;0.0;0.0;0
0;0;0.0;0.0;0.0;0.0;0
0;0;0.0;0.0;0.0;0.0;0
0;0;0.0;0.0;0.0;0.0;0
1;0;0.0;0.3333333333333333;0.0;0.0;0
0;0;0.2;0.0;0.0;0.007342143906020559;0
0;0;0.0;0.0;0.0;0.0;0
0;0;0.2;0.0;0.0;0.007342143906020559;0
0;0;0.0;0.0;0.0;0.0;0
0;0;0.0;0.0;0.0;0.0;0
0;0;0.0;0.0;0.0;0.0;0
0;0;0.0;0.0;0.0;0.0;0
0;0;0.0;0.0;0.0;0.0;0
0;0;0.0;0.0;0.0;0.0;0
0;0;0.0;0.0;0.0;0.0;0
0;0;0.0;0.0;0.0;0.0;0
0;0;0.0;0.0;0.0;0.0;0
0;0;0.0;0.0;0.0;0.0;0
0;0;0.0;0.0;0.0;0.0;0
0;0;0.0;0.0;0.0;0.0;0
0;0;0.0;0.0;0.0;0.0;0
0;0;0.0;0.0;0.0;0.0;0
0;0;0.0;0.0;0.0;0.0;0
0;0;0.0;0.0;0.0;0.0;0
0;0;0.0;0.0;0.0;0.0;0
2;0;0.0;0.6666666666666666;0.0;0.0;0
0;0;0.0;0.0;0.0;0.0;0
0;0;0.0;0.0;0.0;0.0;0
0;0;0.0;0.0;0.0;0.0;0
0;0;0.4;0.0;0.0;0.014684287812041117;0
0;0;0.0;0.0;0.0;0.0;0
0;0;0.0;0.0;0.0;0.0;0
0;0;0.0;0.0;0.0;0.0;0
0;0;0.0;0.0;0.0;0.0;0
0;0;0.0;0.0;0.0;0.0;0
0;0;0.0;0.0;0.0;0.0;0
0;0;0.0;0.0;0.0;0.0;0
0;0;0.0;0.0;0.0;0.0;0
0;0;0.0;0.0;0.0;0.0;0
0;0;5.3;0.0;0.0;0.1945668135095448;1
0;0;0.0;0.0;0.0;0.0;0
0;0;0.0;0.0;0.0;0.0;0
0;0;0.2;0.0;0.0;0.007342143906020559;0
2;0;0.0;0.6666666666666666;0.0;0.0;0
1;0;0.0;0.3333333333333333;0.0;0.0;0
0;0;0.0;0.0;0.0;0.0;0
0;0;0.0;0.0;0.0;0.0;0
0;0;0.0;0.0;0.0;0.0;0
0;0;0.0;0.0;0.0;0.0;0
0;0;0.4;0.0;0.0;0.014684287812041117;0
0;0;0.0;0.0;0.0;0.0;0
0;0;0.0;0.0;0.0;0.0;0
0;0;0.0;0.0;0.0;0.0;0
0;0;0.0;0.0;0.0;0.0;0
0;0;0.0;0.0;0.0;0.0;0
0;0;0.0;0.0;0.0;0.0;0
0;0;0.0;0.0;0.0;0.0;0
0;0;0.0;0.0;0.0;0.0;0
0;0;0.0;0.0;0.0;0.0;0
0;0;0.0;0.0;0.0;0.0;0
0;0;0.0;0.0;0.0;0.0;0
0;0;0.0;0.0;0.0;0.0;0
1;0;0.0;0.3333333333333333;0.0;0.0;0
0;0;0.0;0.0;0.0;0.0;0
1;0;0.0;0.3333333333333333;0.0;0.0;0
0;0;0.0;0.0;0.0;0.0;3
0;0;0.0;0.0;0.0;0.0;0
0;0;0.0;0.0;0.0;0.0;0
0;0;0.0;0.0;0.0;0.0;0
0;0;0.0;0.0;0.0;0.0;0
0;0;0.0;0.0;0.0;0.0;0
1;0;0.0;0.3333333333333333;0.0;0.0;0
1;0;0.0;0.3333333333333333;0.0;0.0;0
0;0;0.2;0.0;0.0;0.007342143906020559;0
1;0;0.0;0.3333333333333333;0.0;0.0;0
0;0;0.0;0.0;0.0;0.0;0
0;0;0.0;0.0;0.0;0.0;0
0;0;0.0;0.0;0.0;0.0;0
0;0;1.18;0.0;0.0;0.043318649045521296;0
3;0;0.0;1.0;0.0;0.0;0
0;0;0.0;0.0;0.0;0.0;0
0;0;0.39;0.0;0.0;0.01431718061674009;0
0;0;0.0;0.0;0.0;0.0;0
0;0;0.0;0.0;0.0;0.0;0
1;0;0.2;0.3333333333333333;0.0;0.007342143906020559;0
0;0;0.0;0.0;0.0;0.0;0
0;0;0.0;0.0;0.0;0.0;0
0;0;0.0;0.0;0.0;0.0;0
0;0;0.0;0.0;0.0;0.0;0
0;0;0.0;0.0;0.0;0.0;0
0;0;0.0;0.0;0.0;0.0;0
0;0;0.0;0.0;0.0;0.0;0
0;0;0.0;0.0;0.0;0.0;0
0;0;0.0;0.0;0.0;0.0;0
0;0;0.0;0.0;0.0;0.0;0
0;0;0.79;0.0;0.0;0.029001468428781207;0
0;0;0.0;0.0;0.0;0.0;0
0;0;0.0;0.0;0.0;0.0;0
0;0;0.0;0.0;0.0;0.0;0
0;0;0.0;0.0;0.0;0.0;0
1;0;0.2;0.3333333333333333;0.0;0.007342143906020559;0
0;0;0.0;0.0;0.0;0.0;0
0;0;0.0;0.0;0.0;0.0;0
1;0;0.0;0.3333333333333333;0.0;0.0;0
1;0;0.0;0.3333333333333333;0.0;0.0;0
1;0;0.0;0.3333333333333333;0.0;0.0;0
0;0;0.0;0.0;0.0;0.0;0
0;0;0.0;0.0;0.0;0.0;0
0;0;0.0;0.0;0.0;0.0;0
0;0;0.0;0.0;0.0;0.0;0
0;0;0.0;0.0;0.0;0.0;0
0;0;0.0;0.0;0.0;0.0;0
0;0;0.0;0.0;0.0;0.0;0
0;0;0.0;0.0;0.0;0.0;0
1;0;0.0;0.3333333333333333;0.0;0.0;0
0;0;0.0;0.0;0.0;0.0;0
0;0;0.0;0.0;0.0;0.0;0
0;0;0.0;0.0;0.0;0.0;0
0;0;0.0;0.0;0.0;0.0;0
0;0;0.4;0.0;0.0;0.014684287812041117;0
0;0;0.0;0.0;0.0;0.0;0
0;0;0.0;0.0;0.0;0.0;0
0;0;0.0;0.0;0.0;0.0;0
0;0;0.0;0.0;0.0;0.0;0
0;0;0.0;0.0;0.0;0.0;0
0;0;0.0;0.0;0.0;0.0;0
0;0;0.0;0.0;0.0;0.0;0
0;0;0.0;0.0;0.0;0.0;0
0;0;0.0;0.0;0.0;0.0;0
0;0;0.0;0.0;0.0;0.0;0
0;0;9.84;0.0;0.0;0.3612334801762115;1
0;0;0.0;0.0;0.0;0.0;0
0;0;0.0;0.0;0.0;0.0;0
0;0;0.0;0.0;0.0;0.0;0
1;0;0.0;0.3333333333333333;0.0;0.0;0
0;0;0.0;0.0;0.0;0.0;0
1;0;0.0;0.3333333333333333;0.0;0.0;0
0;0;0.2;0.0;0.0;0.007342143906020559;0
0;0;0.0;0.0;0.0;0.0;0
0;0;0.0;0.0;0.0;0.0;0
0;0;0.0;0.0;0.0;0.0;0
0;0;0.0;0.0;0.0;0.0;0
0;0;0.0;0.0;0.0;0.0;0
0;0;0.0;0.0;0.0;0.0;0
0;0;0.0;0.0;0.0;0.0;0
0;0;0.0;0.0;0.0;0.0;0
0;0;0.0;0.0;0.0;0.0;0
0;0;0.0;0.0;0.0;0.0;0
0;0;0.0;0.0;0.0;0.0;0
0;0;0.0;0.0;0.0;0.0;0
0;0;0.0;0.0;0.0;0.0;0
0;0;0.0;0.0;0.0;0.0;0
0;0;0.0;0.0;0.0;0.0;0
0;0;0.0;0.0;0.0;0.0;0
0;0;0.0;0.0;0.0;0.0;0
0;0;0.0;0.0;0.0;0.0;0
0;0;0.0;0.0;0.0;0.0;0
0;0;0.0;0.0;0.0;0.0;0
0;0;0.0;0.0;0.0;0.0;0
0;0;0.0;0.0;0.0;0.0;0
0;0;0.0;0.0;0.0;0.0;0
0;0;0.2;0.0;0.0;0.007342143906020559;0
0;0;0.0;0.0;0.0;0.0;0
0;0;0.0;0.0;0.0;0.0;0
0;0;0.0;0.0;0.0;0.0;0
0;0;0.0;0.0;0.0;0.0;0
0;0;0.0;0.0;0.0;0.0;0
0;0;0.0;0.0;0.0;0.0;0
0;0;0.0;0.0;0.0;0.0;0
0;0;0.0;0.0;0.0;0.0;0
0;0;0.0;0.0;0.0;0.0;0
0;0;0.0;0.0;0.0;0.0;0
0;0;0.0;0.0;0.0;0.0;0
0;0;0.0;0.0;0.0;0.0;0
0;0;0.79;0.0;0.0;0.029001468428781207;0
0;0;0.0;0.0;0.0;0.0;0
0;0;8.06;0.0;0.0;0.2958883994126285;1
0;0;0.0;0.0;0.0;0.0;0
0;0;0.0;0.0;0.0;0.0;0
0;0;0.0;0.0;0.0;0.0;0
0;0;0.0;0.0;0.0;0.0;0
0;0;0.0;0.0;0.0;0.0;0
0;0;0.0;0.0;0.0;0.0;0
0;0;0.0;0.0;0.0;0.0;0
0;0;0.0;0.0;0.0;0.0;0
0;0;0.0;0.0;0.0;0.0;0
0;0;0.0;0.0;0.0;0.0;0
0;0;0.0;0.0;0.0;0.0;0
0;0;0.0;0.0;0.0;0.0;0
0;0;0.0;0.0;0.0;0.0;0
0;0;0.0;0.0;0.0;0.0;0
0;0;0.2;0.0;0.0;0.007342143906020559;0
0;0;0.0;0.0;0.0;0.0;0
0;0;0.0;0.0;0.0;0.0;0
1;0;0.0;0.3333333333333333;0.0;0.0;0
0;0;0.0;0.0;0.0;0.0;0
0;0;0.99;0.0;0.0;0.03634361233480177;0
0;0;0.0;0.0;0.0;0.0;0
0;0;0.0;0.0;0.0;0.0;0
0;0;0.0;0.0;0.0;0.0;0
0;0;0.0;0.0;0.0;0.0;0
0;0;0.0;0.0;0.0;0.0;0
0;0;0.0;0.0;0.0;0.0;0
0;0;0.0;0.0;0.0;0.0;0
0;0;0.0;0.0;0.0;0.0;0
0;0;0.2;0.0;0.0;0.007342143906020559;0
0;0;0.0;0.0;0.0;0.0;0
0;0;0.0;0.0;0.0;0.0;0
0;0;0.0;0.0;0.0;0.0;0
0;0;0.0;0.0;0.0;0.0;0
0;0;0.0;0.0;0.0;0.0;0
0;0;0.0;0.0;0.0;0.0;0
0;0;0.0;0.0;0.0;0.0;0
1;0;0.0;0.3333333333333333;0.0;0.0;0
0;0;0.0;0.0;0.0;0.0;0
0;0;0.0;0.0;0.0;0.0;0
0;0;0.0;0.0;0.0;0.0;0
0;0;0.0;0.0;0.0;0.0;0
0;0;0.0;0.0;0.0;0.0;0
0;0;0.0;0.0;0.0;0.0;0
0;0;0.0;0.0;0.0;0.0;0
0;0;0.0;0.0;0.0;0.0;0
2;0;0.0;0.6666666666666666;0.0;0.0;0
0;0;0.0;0.0;0.0;0.0;0
0;0;0.0;0.0;0.0;0.0;0
0;0;0.0;0.0;0.0;0.0;0
0;0;3.94;0.0;0.0;0.144640234948605;0
0;0;0.0;0.0;0.0;0.0;0
0;0;0.0;0.0;0.0;0.0;0
0;0;0.0;0.0;0.0;0.0;0
0;0;0.0;0.0;0.0;0.0;0
1;0;0.0;0.3333333333333333;0.0;0.0;0
0;0;0.0;0.0;0.0;0.0;0
0;0;0.59;0.0;0.0;0.021659324522760648;0
0;0;0.0;0.0;0.0;0.0;0
0;0;0.0;0.0;0.0;0.0;0
0;0;0.0;0.0;0.0;0.0;0
0;0;0.0;0.0;0.0;0.0;0
0;0;0.0;0.0;0.0;0.0;0
0;0;0.0;0.0;0.0;0.0;0
0;0;0.0;0.0;0.0;0.0;0
0;0;0.0;0.0;0.0;0.0;0
0;0;0.0;0.0;0.0;0.0;0
0;0;0.0;0.0;0.0;0.0;0
0;0;0.0;0.0;0.0;0.0;0
0;0;0.0;0.0;0.0;0.0;0
0;0;0.0;0.0;0.0;0.0;0
0;0;0.0;0.0;0.0;0.0;0
0;0;0.0;0.0;0.0;0.0;0
0;0;0.0;0.0;0.0;0.0;0
0;0;0.0;0.0;0.0;0.0;0
2;0;0.0;0.6666666666666666;0.0;0.0;0
0;0;0.0;0.0;0.0;0.0;0
0;0;0.0;0.0;0.0;0.0;0
0;0;0.0;0.0;0.0;0.0;0
0;0;0.0;0.0;0.0;0.0;0
0;0;0.0;0.0;0.0;0.0;0
0;0;0.0;0.0;0.0;0.0;0
0;0;0.0;0.0;0.0;0.0;0
0;0;0.0;0.0;0.0;0.0;0
0;0;0.0;0.0;0.0;0.0;0
0;0;0.0;0.0;0.0;0.0;0
0;0;0.0;0.0;0.0;0.0;0
0;0;0.0;0.0;0.0;0.0;0
0;0;0.0;0.0;0.0;0.0;0
0;0;0.0;0.0;0.0;0.0;0
0;0;0.2;0.0;0.0;0.007342143906020559;0
0;0;0.0;0.0;0.0;0.0;0
0;0;0.0;0.0;0.0;0.0;0
0;0;0.0;0.0;0.0;0.0;0
0;0;0.0;0.0;0.0;0.0;0
0;0;0.0;0.0;0.0;0.0;0
0;0;0.2;0.0;0.0;0.007342143906020559;0
0;0;0.0;0.0;0.0;0.0;0
0;0;0.0;0.0;0.0;0.0;0
0;0;0.0;0.0;0.0;0.0;0
0;0;0.0;0.0;0.0;0.0;0
0;0;0.0;0.0;0.0;0.0;0
0;0;0.0;0.0;0.0;0.0;0
0;0;0.0;0.0;0.0;0.0;0
0;0;0.0;0.0;0.0;0.0;0
0;0;0.0;0.0;0.0;0.0;0
0;0;0.4;0.0;0.0;0.014684287812041117;0
0;0;0.0;0.0;0.0;0.0;0
0;0;0.0;0.0;0.0;0.0;0
0;0;0.0;0.0;0.0;0.0;0
0;0;4.12;0.0;0.0;0.1512481644640235;0
0;0;0.0;0.0;0.0;0.0;0
0;0;0.0;0.0;0.0;0.0;0
1;0;0.0;0.3333333333333333;0.0;0.0;0
0;0;0.0;0.0;0.0;0.0;0
0;0;0.0;0.0;0.0;0.0;0
0;0;0.0;0.0;0.0;0.0;0
0;0;0.0;0.0;0.0;0.0;0
0;0;0.2;0.0;0.0;0.007342143906020559;0
0;0;0.0;0.0;0.0;0.0;0
0;0;10.24;0.0;0.0;0.3759177679882526;0
0;0;0.0;0.0;0.0;0.0;0
1;0;0.0;0.3333333333333333;0.0;0.0;0
0;0;0.0;0.0;0.0;0.0;0
0;0;0.0;0.0;0.0;0.0;0
2;0;0.79;0.6666666666666666;0.0;0.029001468428781207;0
0;0;0.0;0.0;0.0;0.0;0
0;0;0.0;0.0;0.0;0.0;0
1;0;0.0;0.3333333333333333;0.0;0.0;0
0;0;7.08;0.0;0.0;0.2599118942731278;1
0;0;0.0;0.0;0.0;0.0;0
0;0;0.0;0.0;0.0;0.0;0
0;0;0.0;0.0;0.0;0.0;0
1;0;0.59;0.3333333333333333;0.0;0.021659324522760648;1
0;0;0.0;0.0;0.0;0.0;0
0;0;0.0;0.0;0.0;0.0;0
0;0;0.0;0.0;0.0;0.0;0
0;0;0.0;0.0;0.0;0.0;0
0;0;0.0;0.0;0.0;0.0;0
0;0;0.0;0.0;0.0;0.0;0
0;0;0.0;0.0;0.0;0.0;0
0;0;0.0;0.0;0.0;0.0;0
0;0;0.0;0.0;0.0;0.0;0
0;0;0.0;0.0;0.0;0.0;0
0;0;0.0;0.0;0.0;0.0;0
0;0;0.0;0.0;0.0;0.0;0
0;0;0.0;0.0;0.0;0.0;0
0;0;0.79;0.0;0.0;0.029001468428781207;0
0;0;0.0;0.0;0.0;0.0;0
0;0;0.0;0.0;0.0;0.0;0
0;0;0.0;0.0;0.0;0.0;0
0;0;0.0;0.0;0.0;0.0;0
0;0;0.0;0.0;0.0;0.0;0
0;0;0.0;0.0;0.0;0.0;0
0;0;1.38;0.0;0.0;0.05066079295154185;0
0;0;0.0;0.0;0.0;0.0;0
0;0;0.0;0.0;0.0;0.0;0
0;0;0.0;0.0;0.0;0.0;0
0;0;0.0;0.0;0.0;0.0;0
0;0;0.0;0.0;0.0;0.0;0
0;0;0.0;0.0;0.0;0.0;0
0;0;0.0;0.0;0.0;0.0;0
0;0;0.0;0.0;0.0;0.0;0
0;0;0.0;0.0;0.0;0.0;0
0;0;0.0;0.0;0.0;0.0;0
0;0;1.77;0.0;0.0;0.06497797356828194;0
0;0;0.0;0.0;0.0;0.0;0
0;0;0.0;0.0;0.0;0.0;0
3;0;0.0;1.0;0.0;0.0;0
0;0;0.2;0.0;0.0;0.007342143906020559;0
0;0;0.2;0.0;0.0;0.007342143906020559;0
0;0;0.0;0.0;0.0;0.0;0
0;0;0.0;0.0;0.0;0.0;0
0;0;0.0;0.0;0.0;0.0;0
0;0;0.0;0.0;0.0;0.0;0
0;0;0.0;0.0;0.0;0.0;0
0;0;0.0;0.0;0.0;0.0;0
3;0;0.0;1.0;0.0;0.0;0
0;0;0.0;0.0;0.0;0.0;0
0;0;0.0;0.0;0.0;0.0;0
1;0;0.0;0.3333333333333333;0.0;0.0;0
0;0;0.0;0.0;0.0;0.0;0
1;0;0.0;0.3333333333333333;0.0;0.0;0
0;0;0.0;0.0;0.0;0.0;0
0;0;2.17;0.0;0.0;0.07966226138032306;1
0;0;0.0;0.0;0.0;0.0;0
0;0;0.0;0.0;0.0;0.0;0
0;0;0.0;0.0;0.0;0.0;0
0;0;0.0;0.0;0.0;0.0;0
0;0;0.0;0.0;0.0;0.0;0
0;0;0.0;0.0;0.0;0.0;0
0;0;0.0;0.0;0.0;0.0;0
0;0;0.0;0.0;0.0;0.0;0
0;0;0.0;0.0;0.0;0.0;0
0;0;0.0;0.0;0.0;0.0;0
0;0;0.0;0.0;0.0;0.0;0
0;0;0.59;0.0;0.0;0.021659324522760648;0
0;0;0.0;0.0;0.0;0.0;0
0;0;0.2;0.0;0.0;0.007342143906020559;0
0;0;0.0;0.0;0.0;0.0;0
0;0;0.0;0.0;0.0;0.0;0
0;0;0.0;0.0;0.0;0.0;0
0;0;0.0;0.0;0.0;0.0;0
0;0;0.0;0.0;0.0;0.0;0
0;0;0.0;0.0;0.0;0.0;0
0;0;0.0;0.0;0.0;0.0;0
0;0;0.0;0.0;0.0;0.0;0
0;0;0.0;0.0;0.0;0.0;0
1;0;0.0;0.3333333333333333;0.0;0.0;0
0;0;0.2;0.0;0.0;0.007342143906020559;0
0;0;0.0;0.0;0.0;0.0;0
0;0;0.0;0.0;0.0;0.0;0
0;0;0.2;0.0;0.0;0.007342143906020559;0
0;0;0.0;0.0;0.0;0.0;0
0;0;0.4;0.0;0.0;0.014684287812041117;0
0;0;0.0;0.0;0.0;0.0;0
0;0;0.0;0.0;0.0;0.0;0
1;0;0.0;0.3333333333333333;0.0;0.0;0
0;0;0.2;0.0;0.0;0.007342143906020559;0
0;0;0.0;0.0;0.0;0.0;0
0;0;0.0;0.0;0.0;0.0;0
0;0;0.0;0.0;0.0;0.0;0
0;0;0.0;0.0;0.0;0.0;0
0;0;0.0;0.0;0.0;0.0;0
0;0;0.0;0.0;0.0;0.0;0
0;0;0.0;0.0;0.0;0.0;0
0;0;0.2;0.0;0.0;0.007342143906020559;0
0;0;0.0;0.0;0.0;0.0;0
0;0;0.59;0.0;0.0;0.021659324522760648;0
0;0;0.0;0.0;0.0;0.0;0
0;0;0.0;0.0;0.0;0.0;1
0;0;0.2;0.0;0.0;0.007342143906020559;0
0;0;0.0;0.0;0.0;0.0;0
0;0;0.0;0.0;0.0;0.0;0
0;0;0.0;0.0;0.0;0.0;0
0;0;0.0;0.0;0.0;0.0;0
0;0;0.0;0.0;0.0;0.0;0
0;0;0.0;0.0;0.0;0.0;0
0;0;0.2;0.0;0.0;0.007342143906020559;0
0;0;0.0;0.0;0.0;0.0;0
0;0;0.0;0.0;0.0;0.0;0
0;0;0.0;0.0;0.0;0.0;0
0;0;0.0;0.0;0.0;0.0;0
0;0;0.78;0.0;0.0;0.02863436123348018;0
0;0;0.0;0.0;0.0;0.0;0
0;0;0.0;0.0;0.0;0.0;0
0;0;0.0;0.0;0.0;0.0;0
0;0;0.0;0.0;0.0;0.0;0
0;0;0.2;0.0;0.0;0.007342143906020559;1
1;0;0.0;0.3333333333333333;0.0;0.0;0
1;0;0.0;0.3333333333333333;0.0;0.0;0
0;0;0.0;0.0;0.0;0.0;0
0;0;0.0;0.0;0.0;0.0;0
0;0;0.0;0.0;0.0;0.0;0
0;0;0.0;0.0;0.0;0.0;0
2;0;0.0;0.6666666666666666;0.0;0.0;0
0;0;0.0;0.0;0.0;0.0;0
0;0;0.59;0.0;0.0;0.021659324522760648;0
0;0;0.0;0.0;0.0;0.0;0
0;0;0.4;0.0;0.0;0.014684287812041117;0
0;0;0.0;0.0;0.0;0.0;0
0;0;0.0;0.0;0.0;0.0;0
0;0;0.0;0.0;0.0;0.0;0
1;0;0.0;0.3333333333333333;0.0;0.0;0
0;0;0.0;0.0;0.0;0.0;0
0;0;0.4;0.0;0.0;0.014684287812041117;0
0;0;0.2;0.0;0.0;0.007342143906020559;0
0;0;0.0;0.0;0.0;0.0;0
0;0;0.0;0.0;0.0;0.0;0
0;0;0.0;0.0;0.0;0.0;0
0;0;0.0;0.0;0.0;0.0;0
0;0;0.0;0.0;0.0;0.0;0
0;0;0.98;0.0;0.0;0.035976505139500736;0
0;0;0.0;0.0;0.0;0.0;0
0;0;0.0;0.0;0.0;0.0;0
0;0;0.0;0.0;0.0;0.0;0
1;0;0.0;0.3333333333333333;0.0;0.0;0
0;0;0.0;0.0;0.0;0.0;0
0;0;0.2;0.0;0.0;0.007342143906020559;0
0;0;0.0;0.0;0.0;0.0;0
0;0;0.0;0.0;0.0;0.0;0
1;0;0.0;0.3333333333333333;0.0;0.0;0
0;0;0.0;0.0;0.0;0.0;0
0;0;0.0;0.0;0.0;0.0;0
0;0;0.0;0.0;0.0;0.0;0
0;0;2.15;0.0;0.0;0.078928046989721;1
0;0;1.37;0.0;0.0;0.05029368575624083;0
0;0;0.0;0.0;0.0;0.0;0
0;0;0.0;0.0;0.0;0.0;0
1;0;0.0;0.3333333333333333;0.0;0.0;0
0;0;0.0;0.0;0.0;0.0;0
0;0;0.0;0.0;0.0;0.0;0
0;0;0.0;0.0;0.0;0.0;0
0;0;0.2;0.0;0.0;0.007342143906020559;0
0;0;0.0;0.0;0.0;0.0;0
1;0;0.0;0.3333333333333333;0.0;0.0;0
0;0;0.59;0.0;0.0;0.021659324522760648;0
0;0;0.0;0.0;0.0;0.0;0
0;0;0.4;0.0;0.0;0.014684287812041117;0
0;0;0.2;0.0;0.0;0.007342143906020559;0
0;0;0.0;0.0;0.0;0.0;0
0;0;0.2;0.0;0.0;0.007342143906020559;0
0;0;0.0;0.0;0.0;0.0;0
0;0;0.0;0.0;0.0;0.0;0
1;0;0.0;0.3333333333333333;0.0;0.0;0
1;0;0.0;0.3333333333333333;0.0;0.0;0
0;0;0.0;0.0;0.0;0.0;0
0;0;0.0;0.0;0.0;0.0;0
0;0;0.0;0.0;0.0;0.0;0
0;0;0.0;0.0;0.0;0.0;0
1;0;0.59;0.3333333333333333;0.0;0.021659324522760648;0
0;0;0.0;0.0;0.0;0.0;0
0;0;0.0;0.0;0.0;0.0;0
0;0;0.0;0.0;0.0;0.0;0
1;0;0.2;0.3333333333333333;0.0;0.007342143906020559;0
0;0;0.0;0.0;0.0;0.0;0
0;0;0.0;0.0;0.0;0.0;0
0;0;0.0;0.0;0.0;0.0;0
0;0;0.0;0.0;0.0;0.0;0
1;0;0.0;0.3333333333333333;0.0;0.0;0
0;0;0.0;0.0;0.0;0.0;0
0;0;0.0;0.0;0.0;0.0;0
0;0;0.0;0.0;0.0;0.0;0
0;0;0.0;0.0;0.0;0.0;0
0;0;0.0;0.0;0.0;0.0;0
0;0;0.0;0.0;0.0;0.0;0
1;0;0.79;0.3333333333333333;0.0;0.029001468428781207;0
0;0;0.0;0.0;0.0;0.0;0
0;0;0.0;0.0;0.0;0.0;0
0;0;0.2;0.0;0.0;0.007342143906020559;0
1;0;0.0;0.3333333333333333;0.0;0.0;0
1;0;0.0;0.3333333333333333;0.0;0.0;0
0;0;0.0;0.0;0.0;0.0;0
0;0;0.0;0.0;0.0;0.0;0
0;0;0.0;0.0;0.0;0.0;0
0;0;0.0;0.0;0.0;0.0;0
0;0;0.0;0.0;0.0;0.0;0
0;0;0.6;0.0;0.0;0.022026431718061675;0
0;0;0.0;0.0;0.0;0.0;0
0;0;0.2;0.0;0.0;0.007342143906020559;0
1;0;0.0;0.3333333333333333;0.0;0.0;0
0;0;0.0;0.0;0.0;0.0;0
0;0;0.0;0.0;0.0;0.0;0
0;0;0.0;0.0;0.0;0.0;0
0;0;0.2;0.0;0.0;0.007342143906020559;0
0;0;0.79;0.0;0.0;0.029001468428781207;0
0;0;0.0;0.0;0.0;0.0;0
0;0;0.0;0.0;0.0;0.0;0
0;0;0.0;0.0;0.0;0.0;0
0;0;0.0;0.0;0.0;0.0;0
0;0;0.0;0.0;0.0;0.0;0
0;0;0.0;0.0;0.0;0.0;0
0;0;0.0;0.0;0.0;0.0;0
0;0;0.59;0.0;0.0;0.021659324522760648;0
0;0;0.0;0.0;0.0;0.0;0
0;0;0.0;0.0;0.0;0.0;0
0;0;1.37;0.0;0.0;0.05029368575624083;0
0;0;0.0;0.0;0.0;0.0;0
0;0;0.0;0.0;0.0;0.0;0
0;0;0.0;0.0;0.0;0.0;0
0;0;0.0;0.0;0.0;0.0;0
0;0;0.0;0.0;0.0;0.0;0
0;0;0.0;0.0;0.0;0.0;0
0;0;0.0;0.0;0.0;0.0;0
0;0;0.0;0.0;0.0;0.0;0
0;0;0.0;0.0;0.0;0.0;0
0;0;0.0;0.0;0.0;0.0;0
0;0;0.0;0.0;0.0;0.0;0
0;0;0.0;0.0;0.0;0.0;0
0;0;0.0;0.0;0.0;0.0;0
0;0;3.92;0.0;0.0;0.14390602055800295;1
0;0;0.4;0.0;0.0;0.014684287812041117;0
0;0;0.0;0.0;0.0;0.0;0
0;0;0.6;0.0;0.0;0.022026431718061675;0
0;0;0.0;0.0;0.0;0.0;0
1;0;0.0;0.3333333333333333;0.0;0.0;0
0;0;0.0;0.0;0.0;0.0;0
0;0;0.0;0.0;0.0;0.0;0
0;0;0.0;0.0;0.0;0.0;0
0;0;0.2;0.0;0.0;0.007342143906020559;0
1;0;3.94;0.3333333333333333;0.0;0.144640234948605;0
0;0;0.0;0.0;0.0;0.0;0
0;0;0.2;0.0;0.0;0.007342143906020559;0
0;0;0.0;0.0;0.0;0.0;0
0;0;0.0;0.0;0.0;0.0;0
0;0;0.0;0.0;0.0;0.0;0
0;0;0.0;0.0;0.0;0.0;0
0;0;0.2;0.0;0.0;0.007342143906020559;0
0;0;0.0;0.0;0.0;0.0;0
0;0;1.18;0.0;0.0;0.043318649045521296;0
1;0;0.0;0.3333333333333333;0.0;0.0;0
0;0;0.99;0.0;0.0;0.03634361233480177;0
0;0;0.2;0.0;0.0;0.007342143906020559;0
0;0;0.0;0.0;0.0;0.0;0
0;0;0.0;0.0;0.0;0.0;0
0;0;0.0;0.0;0.0;0.0;0
0;0;0.0;0.0;0.0;0.0;0
0;0;0.0;0.0;0.0;0.0;0
0;0;0.0;0.0;0.0;0.0;0
0;0;0.0;0.0;0.0;0.0;0
0;0;0.0;0.0;0.0;0.0;0
0;0;0.0;0.0;0.0;0.0;0
1;0;0.0;0.3333333333333333;0.0;0.0;0
0;0;0.0;0.0;0.0;0.0;0
0;0;0.0;0.0;0.0;0.0;0
0;0;0.0;0.0;0.0;0.0;0
0;0;0.0;0.0;0.0;0.0;0
1;0;0.0;0.3333333333333333;0.0;0.0;0
0;0;0.0;0.0;0.0;0.0;0
0;0;0.0;0.0;0.0;0.0;0
0;0;0.0;0.0;0.0;0.0;0
0;0;2.95;0.0;0.0;0.10829662261380324;1
0;0;0.0;0.0;0.0;0.0;0
0;0;0.0;0.0;0.0;0.0;0
0;0;0.0;0.0;0.0;0.0;0
0;0;0.0;0.0;0.0;0.0;0
0;0;0.0;0.0;0.0;0.0;0
0;0;0.0;0.0;0.0;0.0;0
0;0;0.2;0.0;0.0;0.007342143906020559;0
1;0;0.0;0.3333333333333333;0.0;0.0;0
0;0;0.0;0.0;0.0;0.0;0
0;0;0.0;0.0;0.0;0.0;0
0;0;0.0;0.0;0.0;0.0;0
0;0;1.18;0.0;0.0;0.043318649045521296;0
0;0;0.0;0.0;0.0;0.0;0
0;0;0.0;0.0;0.0;0.0;0
0;0;0.0;0.0;0.0;0.0;0
0;0;27.24;0.0;0.0;1.0;1
0;0;0.0;0.0;0.0;0.0;0
0;0;0.0;0.0;0.0;0.0;0
0;0;0.0;0.0;0.0;0.0;0
0;0;0.0;0.0;0.0;0.0;0
0;0;0.0;0.0;0.0;0.0;0
0;0;0.0;0.0;0.0;0.0;0
1;0;0.0;0.3333333333333333;0.0;0.0;0
0;0;0.0;0.0;0.0;0.0;0
0;0;0.0;0.0;0.0;0.0;0
0;0;0.0;0.0;0.0;0.0;0
0;0;0.0;0.0;0.0;0.0;0
0;0;0.0;0.0;0.0;0.0;0
0;0;0.0;0.0;0.0;0.0;0
0;0;0.0;0.0;0.0;0.0;0
0;0;0.0;0.0;0.0;0.0;0
0;0;0.0;0.0;0.0;0.0;0
0;0;0.0;0.0;0.0;0.0;0
0;0;0.0;0.0;0.0;0.0;0
0;0;0.0;0.0;0.0;0.0;0
1;0;0.0;0.3333333333333333;0.0;0.0;0
0;0;0.4;0.0;0.0;0.014684287812041117;0
0;0;0.0;0.0;0.0;0.0;0
0;0;0.0;0.0;0.0;0.0;0
0;0;0.0;0.0;0.0;0.0;0
0;0;0.0;0.0;0.0;0.0;0
0;0;0.0;0.0;0.0;0.0;0
0;0;0.0;0.0;0.0;0.0;0
0;0;0.0;0.0;0.0;0.0;0
0;0;0.0;0.0;0.0;0.0;0
0;0;0.0;0.0;0.0;0.0;0
0;0;0.0;0.0;0.0;0.0;0
0;0;0.0;0.0;0.0;0.0;0
0;0;4.31;0.0;0.0;0.15822320117474303;0
0;0;6.68;0.0;0.0;0.24522760646108663;1
0;0;3.94;0.0;0.0;0.144640234948605;0
0;0;0.0;0.0;0.0;0.0;0
1;0;0.0;0.3333333333333333;0.0;0.0;0
0;0;0.0;0.0;0.0;0.0;0
0;0;0.0;0.0;0.0;0.0;0
0;0;0.2;0.0;0.0;0.007342143906020559;0
0;0;0.0;0.0;0.0;0.0;0
0;0;0.0;0.0;0.0;0.0;0
0;0;0.0;0.0;0.0;0.0;0
0;0;0.0;0.0;0.0;0.0;0
0;0;0.0;0.0;0.0;0.0;0
0;0;0.59;0.0;0.0;0.021659324522760648;0
0;0;0.0;0.0;0.0;0.0;0
0;0;0.0;0.0;0.0;0.0;0
0;0;0.0;0.0;0.0;0.0;0
0;0;0.0;0.0;0.0;0.0;0
0;0;0.0;0.0;0.0;0.0;0
0;0;0.0;0.0;0.0;0.0;0
0;0;0.0;0.0;0.0;0.0;0
0;0;0.0;0.0;0.0;0.0;0
1;0;0.2;0.3333333333333333;0.0;0.007342143906020559;0
0;0;0.2;0.0;0.0;0.007342143906020559;0
0;0;0.0;0.0;0.0;0.0;0
0;0;2.55;0.0;0.0;0.0936123348017621;0
1;0;0.0;0.3333333333333333;0.0;0.0;0
0;0;0.0;0.0;0.0;0.0;0
0;0;0.0;0.0;0.0;0.0;0
0;0;0.2;0.0;0.0;0.007342143906020559;0
0;0;0.0;0.0;0.0;0.0;0
0;0;3.73;0.0;0.0;0.13693098384728342;1
0;0;0.0;0.0;0.0;0.0;0
0;0;0.2;0.0;0.0;0.007342143906020559;0
0;0;0.0;0.0;0.0;0.0;0
0;0;0.0;0.0;0.0;0.0;0
0;0;0.0;0.0;0.0;0.0;0
0;0;0.0;0.0;0.0;0.0;0
0;0;0.0;0.0;0.0;0.0;0
0;0;0.0;0.0;0.0;0.0;0
0;0;0.0;0.0;0.0;0.0;0
0;0;0.0;0.0;0.0;0.0;0
1;0;0.0;0.3333333333333333;0.0;0.0;0
0;0;0.0;0.0;0.0;0.0;0
0;0;0.4;0.0;0.0;0.014684287812041117;0
0;0;0.0;0.0;0.0;0.0;0
0;0;0.0;0.0;0.0;0.0;0
0;0;0.0;0.0;0.0;0.0;0
0;0;0.0;0.0;0.0;0.0;0
0;0;0.2;0.0;0.0;0.007342143906020559;0
0;0;0.0;0.0;0.0;0.0;0
0;0;0.0;0.0;0.0;0.0;0
0;0;0.0;0.0;0.0;0.0;0
0;0;0.0;0.0;0.0;0.0;0
0;0;0.2;0.0;0.0;0.007342143906020559;0
0;0;0.0;0.0;0.0;0.0;0
0;0;0.0;0.0;0.0;0.0;0
0;0;0.0;0.0;0.0;0.0;0
0;0;0.0;0.0;0.0;0.0;0
0;0;0.0;0.0;0.0;0.0;0
0;0;0.0;0.0;0.0;0.0;0
0;0;0.0;0.0;0.0;0.0;0
0;0;0.0;0.0;0.0;0.0;0
0;0;0.0;0.0;0.0;0.0;0
0;0;0.0;0.0;0.0;0.0;0
0;0;0.2;0.0;0.0;0.007342143906020559;0
0;0;0.0;0.0;0.0;0.0;0
0;0;0.0;0.0;0.0;0.0;0
1;0;0.0;0.3333333333333333;0.0;0.0;0
0;0;0.0;0.0;0.0;0.0;0
0;0;0.0;0.0;0.0;0.0;0
0;0;0.0;0.0;0.0;0.0;0
0;0;0.0;0.0;0.0;0.0;0
0;0;0.39;0.0;0.0;0.01431718061674009;0
0;0;0.0;0.0;0.0;0.0;0
0;0;0.0;0.0;0.0;0.0;0
0;0;0.4;0.0;0.0;0.014684287812041117;0
0;0;0.0;0.0;0.0;0.0;0
0;0;2.75;0.0;0.0;0.10095447870778268;0
0;0;0.0;0.0;0.0;0.0;0
0;0;0.0;0.0;0.0;0.0;0
1;0;0.0;0.3333333333333333;0.0;0.0;0
0;0;0.0;0.0;0.0;0.0;0
0;0;0.0;0.0;0.0;0.0;0
0;0;0.0;0.0;0.0;0.0;0
0;0;0.0;0.0;0.0;0.0;0
3;0;5.73;1.0;0.0;0.210352422907489;0
0;0;0.0;0.0;0.0;0.0;0
0;0;0.0;0.0;0.0;0.0;0
0;0;0.0;0.0;0.0;0.0;0
1;0;0.0;0.3333333333333333;0.0;0.0;0
0;0;0.0;0.0;0.0;0.0;0
0;0;0.0;0.0;0.0;0.0;0
1;0;0.0;0.3333333333333333;0.0;0.0;0
0;0;0.0;0.0;0.0;0.0;0
0;0;0.0;0.0;0.0;0.0;0
0;0;0.0;0.0;0.0;0.0;0
0;0;0.0;0.0;0.0;0.0;0
0;0;0.0;0.0;0.0;0.0;0
0;0;0.0;0.0;0.0;0.0;0
0;0;0.0;0.0;0.0;0.0;0
0;0;0.0;0.0;0.0;0.0;0
0;0;0.0;0.0;0.0;0.0;0
0;0;0.0;0.0;0.0;0.0;0
0;0;0.0;0.0;0.0;0.0;0
0;0;0.0;0.0;0.0;0.0;0
1;0;0.0;0.3333333333333333;0.0;0.0;0
0;0;0.0;0.0;0.0;0.0;0
0;0;0.0;0.0;0.0;0.0;0
1;0;0.0;0.3333333333333333;0.0;0.0;0
0;0;0.0;0.0;0.0;0.0;0
2;0;0.0;0.6666666666666666;0.0;0.0;0
0;0;0.0;0.0;0.0;0.0;0
0;0;0.0;0.0;0.0;0.0;0
0;0;0.0;0.0;0.0;0.0;0
0;0;0.0;0.0;0.0;0.0;0
0;0;0.0;0.0;0.0;0.0;0
0;0;0.0;0.0;0.0;0.0;0
0;0;0.0;0.0;0.0;0.0;0
0;0;0.0;0.0;0.0;0.0;0
1;0;0.0;0.3333333333333333;0.0;0.0;0
0;0;0.0;0.0;0.0;0.0;0
0;0;0.0;0.0;0.0;0.0;0
0;0;0.0;0.0;0.0;0.0;0
0;0;0.0;0.0;0.0;0.0;0
0;0;0.0;0.0;0.0;0.0;0
0;0;0.0;0.0;0.0;0.0;0
0;0;0.0;0.0;0.0;0.0;0
0;0;0.0;0.0;0.0;0.0;0
1;0;0.0;0.3333333333333333;0.0;0.0;0
1;0;0.0;0.3333333333333333;0.0;0.0;0
0;0;0.0;0.0;0.0;0.0;0
0;0;0.0;0.0;0.0;0.0;0
0;0;0.0;0.0;0.0;0.0;0
0;0;0.0;0.0;0.0;0.0;0
0;0;0.0;0.0;0.0;0.0;0
0;0;0.0;0.0;0.0;0.0;0
0;0;0.0;0.0;0.0;0.0;0
0;0;0.0;0.0;0.0;0.0;0
0;0;0.0;0.0;0.0;0.0;0
0;0;0.0;0.0;0.0;0.0;0
0;0;0.2;0.0;0.0;0.007342143906020559;0
0;0;0.79;0.0;0.0;0.029001468428781207;0
0;0;0.0;0.0;0.0;0.0;0
1;0;0.0;0.3333333333333333;0.0;0.0;0
0;0;0.0;0.0;0.0;0.0;0
0;0;0.0;0.0;0.0;0.0;0
0;0;0.0;0.0;0.0;0.0;0
0;0;0.0;0.0;0.0;0.0;0
0;0;0.0;0.0;0.0;0.0;0
0;0;0.0;0.0;0.0;0.0;0
0;0;4.12;0.0;0.0;0.1512481644640235;1
0;0;0.0;0.0;0.0;0.0;0
0;0;0.79;0.0;0.0;0.029001468428781207;0
0;0;0.0;0.0;0.0;0.0;0
0;0;0.0;0.0;0.0;0.0;0
0;0;0.0;0.0;0.0;0.0;0
0;0;0.2;0.0;0.0;0.007342143906020559;0
0;0;0.0;0.0;0.0;0.0;0
0;0;0.0;0.0;0.0;0.0;0
0;0;0.0;0.0;0.0;0.0;0
0;0;0.0;0.0;0.0;0.0;0
0;0;0.0;0.0;0.0;0.0;0
0;0;0.2;0.0;0.0;0.007342143906020559;0
0;0;0.0;0.0;0.0;0.0;0
0;0;0.0;0.0;0.0;0.0;0
0;0;0.0;0.0;0.0;0.0;0
0;0;0.0;0.0;0.0;0.0;0
0;0;0.0;0.0;0.0;0.0;0
0;0;0.0;0.0;0.0;0.0;0
0;0;0.0;0.0;0.0;0.0;0
0;0;0.0;0.0;0.0;0.0;0
0;0;0.0;0.0;0.0;0.0;0
0;0;0.4;0.0;0.0;0.014684287812041117;0
1;0;0.0;0.3333333333333333;0.0;0.0;0
1;0;0.0;0.3333333333333333;0.0;0.0;0
0;0;0.0;0.0;0.0;0.0;0
0;0;0.0;0.0;0.0;0.0;0
0;0;0.0;0.0;0.0;0.0;0
0;0;0.0;0.0;0.0;0.0;0
0;0;0.2;0.0;0.0;0.007342143906020559;0
0;0;0.0;0.0;0.0;0.0;0
0;0;0.39;0.0;0.0;0.01431718061674009;0
0;0;0.0;0.0;0.0;0.0;0
0;0;0.0;0.0;0.0;0.0;0
0;0;0.0;0.0;0.0;0.0;0
0;0;0.2;0.0;0.0;0.007342143906020559;0
0;0;0.0;0.0;0.0;0.0;0
0;0;0.0;0.0;0.0;0.0;0
0;0;0.2;0.0;0.0;0.007342143906020559;0
1;0;0.0;0.3333333333333333;0.0;0.0;0
0;0;0.0;0.0;0.0;0.0;0
0;0;0.0;0.0;0.0;0.0;0
0;0;0.0;0.0;0.0;0.0;0
0;0;0.0;0.0;0.0;0.0;0
2;0;0.0;0.6666666666666666;0.0;0.0;0
1;0;0.0;0.3333333333333333;0.0;0.0;0
2;0;0.0;0.6666666666666666;0.0;0.0;0
0;0;0.0;0.0;0.0;0.0;0
1;0;0.0;0.3333333333333333;0.0;0.0;0
0;0;0.0;0.0;0.0;0.0;0
0;0;0.0;0.0;0.0;0.0;0
0;0;0.0;0.0;0.0;0.0;0
0;0;0.0;0.0;0.0;0.0;0
0;0;0.0;0.0;0.0;0.0;0
0;0;0.0;0.0;0.0;0.0;0
0;0;0.0;0.0;0.0;0.0;0
0;0;0.0;0.0;0.0;0.0;0
0;0;0.0;0.0;0.0;0.0;0
1;0;0.2;0.3333333333333333;0.0;0.007342143906020559;0
0;0;0.0;0.0;0.0;0.0;0
0;0;0.2;0.0;0.0;0.007342143906020559;0
0;0;0.0;0.0;0.0;0.0;0
0;0;0.0;0.0;0.0;0.0;0
0;0;0.0;0.0;0.0;0.0;0
0;0;0.0;0.0;0.0;0.0;0
0;0;0.0;0.0;0.0;0.0;0
0;0;0.0;0.0;0.0;0.0;0
0;0;0.0;0.0;0.0;0.0;0
0;0;0.0;0.0;0.0;0.0;0
0;0;3.55;0.0;0.0;0.13032305433186492;1
0;0;0.0;0.0;0.0;0.0;0
1;0;0.0;0.3333333333333333;0.0;0.0;0
0;0;0.0;0.0;0.0;0.0;0
1;0;0.0;0.3333333333333333;0.0;0.0;0
0;0;0.0;0.0;0.0;0.0;0
0;0;0.0;0.0;0.0;0.0;0
0;0;0.0;0.0;0.0;0.0;0
0;0;0.0;0.0;0.0;0.0;0
1;0;0.0;0.3333333333333333;0.0;0.0;0
0;0;0.0;0.0;0.0;0.0;0
0;0;0.2;0.0;0.0;0.007342143906020559;0
0;0;0.0;0.0;0.0;0.0;0
0;0;0.0;0.0;0.0;0.0;0
0;0;0.0;0.0;0.0;0.0;0
0;0;0.0;0.0;0.0;0.0;0
0;0;0.0;0.0;0.0;0.0;0
0;0;0.0;0.0;0.0;0.0;0
0;0;0.0;0.0;0.0;0.0;0
0;0;0.0;0.0;0.0;0.0;0
0;0;0.4;0.0;0.0;0.014684287812041117;0
0;0;0.0;0.0;0.0;0.0;0
0;0;0.4;0.0;0.0;0.014684287812041117;0
0;0;0.0;0.0;0.0;0.0;0
0;0;0.4;0.0;0.0;0.014684287812041117;0
0;0;0.0;0.0;0.0;0.0;0
0;0;0.99;0.0;0.0;0.03634361233480177;0
0;0;0.0;0.0;0.0;0.0;0
0;0;0.0;0.0;0.0;0.0;0
0;0;0.0;0.0;0.0;0.0;0
0;0;0.0;0.0;0.0;0.0;0
0;0;0.0;0.0;0.0;0.0;0
0;0;0.4;0.0;0.0;0.014684287812041117;0
0;0;0.2;0.0;0.0;0.007342143906020559;0
0;0;0.0;0.0;0.0;0.0;0
0;0;0.0;0.0;0.0;0.0;0
0;0;0.0;0.0;0.0;0.0;0
0;0;0.0;0.0;0.0;0.0;0
0;0;0.0;0.0;0.0;0.0;0
0;0;0.0;0.0;0.0;0.0;0
0;0;0.0;0.0;0.0;0.0;0
1;0;0.0;0.3333333333333333;0.0;0.0;0
0;0;0.0;0.0;0.0;0.0;0
0;0;0.0;0.0;0.0;0.0;0
0;0;1.37;0.0;0.0;0.05029368575624083;0
0;0;0.0;0.0;0.0;0.0;0
0;0;0.0;0.0;0.0;0.0;0
0;0;0.4;0.0;0.0;0.014684287812041117;0
0;0;0.0;0.0;0.0;0.0;0
0;0;0.0;0.0;0.0;0.0;0
0;0;0.0;0.0;0.0;0.0;0
0;0;0.0;0.0;0.0;0.0;0
0;0;0.0;0.0;0.0;0.0;0
2;0;0.0;0.6666666666666666;0.0;0.0;0
0;0;0.0;0.0;0.0;0.0;0
0;0;0.0;0.0;0.0;0.0;0
0;0;0.0;0.0;0.0;0.0;0
0;0;0.0;0.0;0.0;0.0;0
0;0;0.0;0.0;0.0;0.0;0
0;0;0.0;0.0;0.0;0.0;0
0;0;0.0;0.0;0.0;0.0;0
0;0;0.0;0.0;0.0;0.0;0
