year;month;day;hour;minute;tweets;related;rainfall (mm/30min);Normalized year;Normalized month;Normalized day;Normalized hour;Normalized minute;Normalized tweets;Normalized related;Normalized rainfall (mm/30min);Next batch rainfall (mm/30min);Next batch rainfall class
2016;1;13;7;0;0;0;0.0;1.0;0.5;0.41935483870967744;0.30434782608695654;0.0;0.0;0.0;0.0;0.0;0
2016;1;22;16;0;1;0;0.0;1.0;0.5;0.7096774193548387;0.6956521739130435;0.0;0.012345679012345678;0.0;0.0;0.0;0
2016;1;8;17;30;2;0;0.0;1.0;0.5;0.25806451612903225;0.7391304347826086;1.0;0.024691358024691357;0.0;0.0;0.0;0
2016;1;13;13;30;0;0;0.0;1.0;0.5;0.41935483870967744;0.5652173913043478;1.0;0.0;0.0;0.0;0.0;0
2016;1;25;4;30;0;0;0.0;1.0;0.5;0.8064516129032258;0.17391304347826086;1.0;0.0;0.0;0.0;0.0;0
2016;1;24;9;30;0;0;5.12;1.0;0.5;0.7741935483870968;0.391304347826087;1.0;0.0;0.0;0.12367149758454107;0.0;0
2016;1;8;6;0;0;0;0.0;1.0;0.5;0.25806451612903225;0.2608695652173913;0.0;0.0;0.0;0.0;0.0;0
2016;1;4;12;0;2;0;0.0;1.0;0.5;0.12903225806451613;0.5217391304347826;0.0;0.024691358024691357;0.0;0.0;0.0;0
2016;1;17;3;0;1;0;0.0;1.0;0.5;0.5483870967741935;0.13043478260869565;0.0;0.012345679012345678;0.0;0.0;0.0;0
2016;1;4;13;30;0;0;0.0;1.0;0.5;0.12903225806451613;0.5652173913043478;1.0;0.0;0.0;0.0;0.0;0
2016;1;2;0;0;1;0;0.2;1.0;0.5;0.06451612903225806;0.0;0.0;0.012345679012345678;0.0;0.004830917874396136;0.0;0
2016;1;9;23;0;0;0;0.0;1.0;0.5;0.2903225806451613;1.0;0.0;0.0;0.0;0.0;0.0;0
2016;1;20;0;0;1;0;0.0;1.0;0.5;0.6451612903225806;0.0;0.0;0.012345679012345678;0.0;0.0;0.0;0
2016;1;28;5;30;1;0;0.0;1.0;0.5;0.9032258064516129;0.21739130434782608;1.0;0.012345679012345678;0.0;0.0;0.0;0
2016;1;28;17;0;1;0;0.0;1.0;0.5;0.9032258064516129;0.7391304347826086;0.0;0.012345679012345678;0.0;0.0;0.0;0
2016;1;14;0;0;2;0;0.0;1.0;0.5;0.45161290322580644;0.0;0.0;0.024691358024691357;0.0;0.0;0.0;0
2016;1;15;23;0;1;0;0.0;1.0;0.5;0.4838709677419355;1.0;0.0;0.012345679012345678;0.0;0.0;0.0;0
2016;1;12;22;0;4;0;0.0;1.0;0.5;0.3870967741935484;0.9565217391304348;0.0;0.04938271604938271;0.0;0.0;0.0;0
2016;1;11;3;30;0;0;0.0;1.0;0.5;0.3548387096774194;0.13043478260869565;1.0;0.0;0.0;0.0;0.0;0
2016;1;7;17;0;2;0;0.0;1.0;0.5;0.22580645161290322;0.7391304347826086;0.0;0.024691358024691357;0.0;0.0;0.0;0
2016;1;10;11;0;5;0;0.0;1.0;0.5;0.3225806451612903;0.4782608695652174;0.0;0.06172839506172839;0.0;0.0;0.0;0
2016;1;27;19;0;0;0;0.0;1.0;0.5;0.8709677419354839;0.8260869565217391;0.0;0.0;0.0;0.0;0.0;0
2016;1;16;21;30;2;0;0.0;1.0;0.5;0.5161290322580645;0.9130434782608695;1.0;0.024691358024691357;0.0;0.0;0.0;0
2016;1;13;17;30;3;0;0.0;1.0;0.5;0.41935483870967744;0.7391304347826086;1.0;0.037037037037037035;0.0;0.0;0.0;0
2016;1;20;18;0;0;0;0.0;1.0;0.5;0.6451612903225806;0.782608695652174;0.0;0.0;0.0;0.0;0.0;0
2016;1;16;8;0;0;0;0.0;1.0;0.5;0.5161290322580645;0.34782608695652173;0.0;0.0;0.0;0.0;0.0;0
2016;1;7;21;0;2;0;0.0;1.0;0.5;0.22580645161290322;0.9130434782608695;0.0;0.024691358024691357;0.0;0.0;0.0;0
2016;1;25;9;0;1;0;0.0;1.0;0.5;0.8064516129032258;0.391304347826087;0.0;0.012345679012345678;0.0;0.0;0.0;0
2016;1;5;7;0;0;0;0.0;1.0;0.5;0.16129032258064516;0.30434782608695654;0.0;0.0;0.0;0.0;0.0;0
2016;1;21;10;0;0;0;0.0;1.0;0.5;0.6774193548387096;0.43478260869565216;0.0;0.0;0.0;0.0;0.0;0
2016;1;15;7;30;0;0;0.0;1.0;0.5;0.4838709677419355;0.30434782608695654;1.0;0.0;0.0;0.0;0.0;0
2016;1;8;18;30;0;0;0.0;1.0;0.5;0.25806451612903225;0.782608695652174;1.0;0.0;0.0;0.0;0.0;0
2016;1;8;3;30;0;0;0.0;1.0;0.5;0.25806451612903225;0.13043478260869565;1.0;0.0;0.0;0.0;0.0;0
2016;1;16;20;0;1;0;0.0;1.0;0.5;0.5161290322580645;0.8695652173913043;0.0;0.012345679012345678;0.0;0.0;0.0;0
2016;1;16;23;30;3;0;0.0;1.0;0.5;0.5161290322580645;1.0;1.0;0.037037037037037035;0.0;0.0;0.0;0
2016;1;2;4;30;0;0;0.0;1.0;0.5;0.06451612903225806;0.17391304347826086;1.0;0.0;0.0;0.0;0.0;0
2016;1;9;13;30;2;0;0.0;1.0;0.5;0.2903225806451613;0.5652173913043478;1.0;0.024691358024691357;0.0;0.0;0.0;0
2016;1;12;20;30;2;0;0.0;1.0;0.5;0.3870967741935484;0.8695652173913043;1.0;0.024691358024691357;0.0;0.0;0.0;0
2016;1;8;22;30;3;0;0.0;1.0;0.5;0.25806451612903225;0.9565217391304348;1.0;0.037037037037037035;0.0;0.0;0.0;0
2016;1;31;10;0;0;0;0.0;1.0;0.5;1.0;0.43478260869565216;0.0;0.0;0.0;0.0;0.0;0
2016;1;21;3;30;2;0;0.0;1.0;0.5;0.6774193548387096;0.13043478260869565;1.0;0.024691358024691357;0.0;0.0;0.0;0
2016;1;17;0;0;3;0;0.0;1.0;0.5;0.5483870967741935;0.0;0.0;0.037037037037037035;0.0;0.0;0.0;0
2016;1;4;10;30;0;0;0.0;1.0;0.5;0.12903225806451613;0.43478260869565216;1.0;0.0;0.0;0.0;0.0;0
2016;1;26;12;0;1;0;0.0;1.0;0.5;0.8387096774193549;0.5217391304347826;0.0;0.012345679012345678;0.0;0.0;0.0;0
2016;1;16;6;0;0;0;0.0;1.0;0.5;0.5161290322580645;0.2608695652173913;0.0;0.0;0.0;0.0;0.0;0
2016;1;27;10;0;0;0;0.0;1.0;0.5;0.8709677419354839;0.43478260869565216;0.0;0.0;0.0;0.0;0.0;0
2016;1;11;4;0;0;0;0.0;1.0;0.5;0.3548387096774194;0.17391304347826086;0.0;0.0;0.0;0.0;0.0;0
2016;1;30;11;30;3;0;0.0;1.0;0.5;0.967741935483871;0.4782608695652174;1.0;0.037037037037037035;0.0;0.0;0.0;0
2016;1;12;21;30;1;0;0.0;1.0;0.5;0.3870967741935484;0.9130434782608695;1.0;0.012345679012345678;0.0;0.0;0.0;0
2016;1;18;12;0;4;0;0.0;1.0;0.5;0.5806451612903226;0.5217391304347826;0.0;0.04938271604938271;0.0;0.0;0.0;0
2016;1;31;8;0;0;0;0.0;1.0;0.5;1.0;0.34782608695652173;0.0;0.0;0.0;0.0;0.0;0
2016;1;7;18;30;1;0;0.0;1.0;0.5;0.22580645161290322;0.782608695652174;1.0;0.012345679012345678;0.0;0.0;0.0;0
2016;1;15;5;0;0;0;0.0;1.0;0.5;0.4838709677419355;0.21739130434782608;0.0;0.0;0.0;0.0;0.0;0
2016;1;29;4;0;0;0;0.0;1.0;0.5;0.9354838709677419;0.17391304347826086;0.0;0.0;0.0;0.0;0.0;0
2016;1;15;11;0;4;1;0.0;1.0;0.5;0.4838709677419355;0.4782608695652174;0.0;0.04938271604938271;0.5;0.0;0.0;0
2016;1;29;2;30;0;0;0.0;1.0;0.5;0.9354838709677419;0.08695652173913043;1.0;0.0;0.0;0.0;0.0;0
2016;1;10;22;0;1;0;0.0;1.0;0.5;0.3225806451612903;0.9565217391304348;0.0;0.012345679012345678;0.0;0.0;0.0;0
2016;1;17;12;30;2;0;0.0;1.0;0.5;0.5483870967741935;0.5217391304347826;1.0;0.024691358024691357;0.0;0.0;0.0;0
2016;1;31;20;30;1;0;0.0;1.0;0.5;1.0;0.8695652173913043;1.0;0.012345679012345678;0.0;0.0;0.0;0
2016;1;20;10;30;0;0;0.0;1.0;0.5;0.6451612903225806;0.43478260869565216;1.0;0.0;0.0;0.0;0.0;0
2016;1;4;3;30;0;0;0.0;1.0;0.5;0.12903225806451613;0.13043478260869565;1.0;0.0;0.0;0.0;0.0;0
2016;1;26;22;30;4;0;0.0;1.0;0.5;0.8387096774193549;0.9565217391304348;1.0;0.04938271604938271;0.0;0.0;0.0;0
2016;1;14;7;30;0;0;0.0;1.0;0.5;0.45161290322580644;0.30434782608695654;1.0;0.0;0.0;0.0;0.0;0
2016;1;6;6;0;0;0;0.0;1.0;0.5;0.1935483870967742;0.2608695652173913;0.0;0.0;0.0;0.0;0.0;0
2016;1;8;14;0;0;0;0.0;1.0;0.5;0.25806451612903225;0.6086956521739131;0.0;0.0;0.0;0.0;0.0;0
2016;1;4;21;30;0;0;0.0;1.0;0.5;0.12903225806451613;0.9130434782608695;1.0;0.0;0.0;0.0;0.0;0
2016;1;3;22;30;2;0;0.0;1.0;0.5;0.0967741935483871;0.9565217391304348;1.0;0.024691358024691357;0.0;0.0;0.0;0
2016;1;9;10;30;5;0;0.0;1.0;0.5;0.2903225806451613;0.43478260869565216;1.0;0.06172839506172839;0.0;0.0;0.0;0
2016;1;29;22;0;1;0;0.0;1.0;0.5;0.9354838709677419;0.9565217391304348;0.0;0.012345679012345678;0.0;0.0;0.0;0
2016;1;8;2;0;0;0;0.0;1.0;0.5;0.25806451612903225;0.08695652173913043;0.0;0.0;0.0;0.0;0.0;0
2016;1;23;9;30;0;0;0.0;1.0;0.5;0.7419354838709677;0.391304347826087;1.0;0.0;0.0;0.0;0.0;0
2016;1;12;2;0;0;0;0.0;1.0;0.5;0.3870967741935484;0.08695652173913043;0.0;0.0;0.0;0.0;0.0;0
2016;1;18;22;0;1;0;0.0;1.0;0.5;0.5806451612903226;0.9565217391304348;0.0;0.012345679012345678;0.0;0.0;0.0;0
2016;1;22;8;30;0;0;0.0;1.0;0.5;0.7096774193548387;0.34782608695652173;1.0;0.0;0.0;0.0;0.0;0
2016;1;22;2;30;0;0;0.0;1.0;0.5;0.7096774193548387;0.08695652173913043;1.0;0.0;0.0;0.0;0.0;0
2016;1;29;18;0;1;0;0.0;1.0;0.5;0.9354838709677419;0.782608695652174;0.0;0.012345679012345678;0.0;0.0;0.0;0
2016;1;9;15;0;2;0;0.0;1.0;0.5;0.2903225806451613;0.6521739130434783;0.0;0.024691358024691357;0.0;0.0;0.0;0
2016;1;13;6;0;0;0;0.0;1.0;0.5;0.41935483870967744;0.2608695652173913;0.0;0.0;0.0;0.0;0.0;0
2016;1;14;13;0;1;0;0.0;1.0;0.5;0.45161290322580644;0.5652173913043478;0.0;0.012345679012345678;0.0;0.0;0.0;0
2016;1;15;0;0;0;0;0.0;1.0;0.5;0.4838709677419355;0.0;0.0;0.0;0.0;0.0;0.0;0
2016;1;9;5;30;0;0;0.0;1.0;0.5;0.2903225806451613;0.21739130434782608;1.0;0.0;0.0;0.0;0.0;0
2016;1;30;18;30;0;0;0.0;1.0;0.5;0.967741935483871;0.782608695652174;1.0;0.0;0.0;0.0;0.0;0
2016;1;13;23;30;0;0;0.0;1.0;0.5;0.41935483870967744;1.0;1.0;0.0;0.0;0.0;0.0;0
2016;1;3;14;30;0;0;0.0;1.0;0.5;0.0967741935483871;0.6086956521739131;1.0;0.0;0.0;0.0;0.0;0
2016;1;10;1;0;0;0;0.0;1.0;0.5;0.3225806451612903;0.043478260869565216;0.0;0.0;0.0;0.0;0.0;0
2016;1;7;4;30;0;0;0.0;1.0;0.5;0.22580645161290322;0.17391304347826086;1.0;0.0;0.0;0.0;0.0;0
2016;1;5;9;0;0;0;0.0;1.0;0.5;0.16129032258064516;0.391304347826087;0.0;0.0;0.0;0.0;0.0;0
2016;1;30;9;0;0;0;0.0;1.0;0.5;0.967741935483871;0.391304347826087;0.0;0.0;0.0;0.0;0.0;0
2016;1;19;4;30;0;0;0.0;1.0;0.5;0.6129032258064516;0.17391304347826086;1.0;0.0;0.0;0.0;0.0;0
2016;1;2;22;0;0;0;0.0;1.0;0.5;0.06451612903225806;0.9565217391304348;0.0;0.0;0.0;0.0;0.0;0
2016;1;3;1;30;0;0;0.0;1.0;0.5;0.0967741935483871;0.043478260869565216;1.0;0.0;0.0;0.0;0.0;0
2016;1;20;3;30;0;0;0.0;1.0;0.5;0.6451612903225806;0.13043478260869565;1.0;0.0;0.0;0.0;0.0;0
2016;1;13;2;30;0;0;0.0;1.0;0.5;0.41935483870967744;0.08695652173913043;1.0;0.0;0.0;0.0;0.0;0
2016;1;9;16;30;0;0;0.0;1.0;0.5;0.2903225806451613;0.6956521739130435;1.0;0.0;0.0;0.0;0.0;0
2016;1;30;9;30;0;0;0.0;1.0;0.5;0.967741935483871;0.391304347826087;1.0;0.0;0.0;0.0;0.0;0
2016;1;19;14;30;2;0;0.0;1.0;0.5;0.6129032258064516;0.6086956521739131;1.0;0.024691358024691357;0.0;0.0;0.0;0
2016;1;23;0;30;0;0;0.0;1.0;0.5;0.7419354838709677;0.0;1.0;0.0;0.0;0.0;0.0;0
2016;1;11;21;0;1;0;0.0;1.0;0.5;0.3548387096774194;0.9130434782608695;0.0;0.012345679012345678;0.0;0.0;0.0;0
2016;1;6;5;0;0;0;0.0;1.0;0.5;0.1935483870967742;0.21739130434782608;0.0;0.0;0.0;0.0;0.0;0
2016;1;28;5;0;1;0;0.0;1.0;0.5;0.9032258064516129;0.21739130434782608;0.0;0.012345679012345678;0.0;0.0;0.0;0
2016;1;30;4;0;0;0;0.0;1.0;0.5;0.967741935483871;0.17391304347826086;0.0;0.0;0.0;0.0;0.0;0
2016;1;1;23;30;0;0;0.99;1.0;0.5;0.03225806451612903;1.0;1.0;0.0;0.0;0.02391304347826087;0.2;0
2016;1;28;2;30;0;0;0.0;1.0;0.5;0.9032258064516129;0.08695652173913043;1.0;0.0;0.0;0.0;0.0;0
2016;1;27;10;30;2;0;0.0;1.0;0.5;0.8709677419354839;0.43478260869565216;1.0;0.024691358024691357;0.0;0.0;0.0;0
2016;1;18;3;0;4;0;0.0;1.0;0.5;0.5806451612903226;0.13043478260869565;0.0;0.04938271604938271;0.0;0.0;0.0;0
2016;1;10;14;30;3;0;0.0;1.0;0.5;0.3225806451612903;0.6086956521739131;1.0;0.037037037037037035;0.0;0.0;0.0;0
2016;1;7;10;30;0;0;0.0;1.0;0.5;0.22580645161290322;0.43478260869565216;1.0;0.0;0.0;0.0;0.0;0
2016;1;31;10;30;2;0;0.0;1.0;0.5;1.0;0.43478260869565216;1.0;0.024691358024691357;0.0;0.0;0.0;0
2016;1;25;2;30;0;0;0.0;1.0;0.5;0.8064516129032258;0.08695652173913043;1.0;0.0;0.0;0.0;0.0;0
2016;1;14;0;30;0;0;0.0;1.0;0.5;0.45161290322580644;0.0;1.0;0.0;0.0;0.0;0.0;0
2016;1;1;11;0;0;0;0.0;1.0;0.5;0.03225806451612903;0.4782608695652174;0.0;0.0;0.0;0.0;0.0;0
2016;1;16;17;30;0;0;0.0;1.0;0.5;0.5161290322580645;0.7391304347826086;1.0;0.0;0.0;0.0;0.0;0
2016;1;26;4;30;0;0;0.0;1.0;0.5;0.8387096774193549;0.17391304347826086;1.0;0.0;0.0;0.0;0.0;0
2016;1;15;13;30;2;0;0.0;1.0;0.5;0.4838709677419355;0.5652173913043478;1.0;0.024691358024691357;0.0;0.0;0.0;0
2016;1;23;7;30;1;0;0.0;1.0;0.5;0.7419354838709677;0.30434782608695654;1.0;0.012345679012345678;0.0;0.0;0.0;0
2016;1;27;6;30;0;0;0.0;1.0;0.5;0.8709677419354839;0.2608695652173913;1.0;0.0;0.0;0.0;0.0;0
2016;1;6;8;30;0;0;0.0;1.0;0.5;0.1935483870967742;0.34782608695652173;1.0;0.0;0.0;0.0;0.0;0
2016;1;17;9;30;2;0;0.0;1.0;0.5;0.5483870967741935;0.391304347826087;1.0;0.024691358024691357;0.0;0.0;0.0;0
2016;1;24;2;0;0;0;0.0;1.0;0.5;0.7741935483870968;0.08695652173913043;0.0;0.0;0.0;0.0;0.0;0
2016;1;14;1;30;0;0;0.0;1.0;0.5;0.45161290322580644;0.043478260869565216;1.0;0.0;0.0;0.0;0.0;0
2016;1;7;1;0;0;0;0.0;1.0;0.5;0.22580645161290322;0.043478260869565216;0.0;0.0;0.0;0.0;0.0;0
2016;1;21;17;0;4;0;0.0;1.0;0.5;0.6774193548387096;0.7391304347826086;0.0;0.04938271604938271;0.0;0.0;0.0;0
2016;1;25;12;0;0;0;0.0;1.0;0.5;0.8064516129032258;0.5217391304347826;0.0;0.0;0.0;0.0;0.0;0
2016;1;28;18;0;0;0;0.0;1.0;0.5;0.9032258064516129;0.782608695652174;0.0;0.0;0.0;0.0;0.0;0
2016;1;21;17;30;1;0;0.0;1.0;0.5;0.6774193548387096;0.7391304347826086;1.0;0.012345679012345678;0.0;0.0;0.0;0
2016;1;20;23;0;3;0;0.0;1.0;0.5;0.6451612903225806;1.0;0.0;0.037037037037037035;0.0;0.0;0.0;0
2016;1;13;12;30;1;0;0.0;1.0;0.5;0.41935483870967744;0.5217391304347826;1.0;0.012345679012345678;0.0;0.0;0.0;0
2016;1;13;0;0;12;0;0.0;1.0;0.5;0.41935483870967744;0.0;0.0;0.14814814814814814;0.0;0.0;0.0;0
2016;1;22;9;0;2;0;0.0;1.0;0.5;0.7096774193548387;0.391304347826087;0.0;0.024691358024691357;0.0;0.0;0.0;0
2016;1;22;15;0;2;0;0.0;1.0;0.5;0.7096774193548387;0.6521739130434783;0.0;0.024691358024691357;0.0;0.0;0.0;0
2016;1;11;11;0;0;0;0.0;1.0;0.5;0.3548387096774194;0.4782608695652174;0.0;0.0;0.0;0.0;0.0;0
2016;1;7;15;30;0;0;0.0;1.0;0.5;0.22580645161290322;0.6521739130434783;1.0;0.0;0.0;0.0;0.0;0
2016;1;24;4;0;0;0;0.0;1.0;0.5;0.7741935483870968;0.17391304347826086;0.0;0.0;0.0;0.0;0.0;0
2016;1;12;17;0;1;0;0.0;1.0;0.5;0.3870967741935484;0.7391304347826086;0.0;0.012345679012345678;0.0;0.0;0.0;0
2016;1;21;8;0;0;0;0.0;1.0;0.5;0.6774193548387096;0.34782608695652173;0.0;0.0;0.0;0.0;0.0;0
2016;1;12;23;0;4;0;0.0;1.0;0.5;0.3870967741935484;1.0;0.0;0.04938271604938271;0.0;0.0;0.0;0
2016;1;28;18;30;4;0;0.0;1.0;0.5;0.9032258064516129;0.782608695652174;1.0;0.04938271604938271;0.0;0.0;0.0;0
2016;1;14;23;0;2;0;0.0;1.0;0.5;0.45161290322580644;1.0;0.0;0.024691358024691357;0.0;0.0;0.0;0
2016;1;13;19;30;6;0;0.0;1.0;0.5;0.41935483870967744;0.8260869565217391;1.0;0.07407407407407407;0.0;0.0;0.0;0
2016;1;22;23;0;1;0;0.0;1.0;0.5;0.7096774193548387;1.0;0.0;0.012345679012345678;0.0;0.0;0.0;0
2016;1;14;19;0;1;0;0.0;1.0;0.5;0.45161290322580644;0.8260869565217391;0.0;0.012345679012345678;0.0;0.0;0.0;0
2016;1;20;16;30;1;0;0.0;1.0;0.5;0.6451612903225806;0.6956521739130435;1.0;0.012345679012345678;0.0;0.0;0.0;0
2016;1;16;8;30;0;0;0.0;1.0;0.5;0.5161290322580645;0.34782608695652173;1.0;0.0;0.0;0.0;0.0;0
2016;1;25;6;0;1;0;0.0;1.0;0.5;0.8064516129032258;0.2608695652173913;0.0;0.012345679012345678;0.0;0.0;0.0;0
2016;1;30;16;0;0;0;0.0;1.0;0.5;0.967741935483871;0.6956521739130435;0.0;0.0;0.0;0.0;0.0;0
2016;1;1;13;0;0;0;0.0;1.0;0.5;0.03225806451612903;0.5652173913043478;0.0;0.0;0.0;0.0;0.0;0
2016;1;22;16;30;3;0;0.0;1.0;0.5;0.7096774193548387;0.6956521739130435;1.0;0.037037037037037035;0.0;0.0;0.0;0
2016;1;25;7;0;0;0;0.0;1.0;0.5;0.8064516129032258;0.30434782608695654;0.0;0.0;0.0;0.0;0.0;0
2016;1;4;14;30;0;0;0.0;1.0;0.5;0.12903225806451613;0.6086956521739131;1.0;0.0;0.0;0.0;0.0;0
2016;1;28;19;0;1;0;0.0;1.0;0.5;0.9032258064516129;0.8260869565217391;0.0;0.012345679012345678;0.0;0.0;0.0;0
2016;1;1;18;0;2;0;0.0;1.0;0.5;0.03225806451612903;0.782608695652174;0.0;0.024691358024691357;0.0;0.0;0.0;0
2016;1;10;3;0;0;0;0.0;1.0;0.5;0.3225806451612903;0.13043478260869565;0.0;0.0;0.0;0.0;0.0;0
2016;1;5;17;0;0;0;0.0;1.0;0.5;0.16129032258064516;0.7391304347826086;0.0;0.0;0.0;0.0;0.0;0
2016;1;4;1;0;0;0;0.0;1.0;0.5;0.12903225806451613;0.043478260869565216;0.0;0.0;0.0;0.0;0.0;0
2016;1;17;2;0;0;0;0.0;1.0;0.5;0.5483870967741935;0.08695652173913043;0.0;0.0;0.0;0.0;0.0;0
2016;1;24;3;0;0;0;0.0;1.0;0.5;0.7741935483870968;0.13043478260869565;0.0;0.0;0.0;0.0;0.0;0
2016;1;9;22;30;0;0;0.0;1.0;0.5;0.2903225806451613;0.9565217391304348;1.0;0.0;0.0;0.0;0.0;0
2016;1;18;18;0;1;0;0.0;1.0;0.5;0.5806451612903226;0.782608695652174;0.0;0.012345679012345678;0.0;0.0;0.0;0
2016;1;14;16;30;0;0;0.0;1.0;0.5;0.45161290322580644;0.6956521739130435;1.0;0.0;0.0;0.0;0.0;0
2016;1;4;2;0;0;0;0.0;1.0;0.5;0.12903225806451613;0.08695652173913043;0.0;0.0;0.0;0.0;0.0;0
2016;1;20;15;0;0;0;0.0;1.0;0.5;0.6451612903225806;0.6521739130434783;0.0;0.0;0.0;0.0;0.0;0
2016;1;25;21;30;0;0;0.0;1.0;0.5;0.8064516129032258;0.9130434782608695;1.0;0.0;0.0;0.0;0.0;0
2016;1;31;16;0;2;0;0.0;1.0;0.5;1.0;0.6956521739130435;0.0;0.024691358024691357;0.0;0.0;0.0;0
2016;1;19;14;0;0;0;0.0;1.0;0.5;0.6129032258064516;0.6086956521739131;0.0;0.0;0.0;0.0;0.0;0
2016;1;16;14;0;1;0;0.0;1.0;0.5;0.5161290322580645;0.6086956521739131;0.0;0.012345679012345678;0.0;0.0;0.0;0
2016;1;10;18;0;2;0;0.0;1.0;0.5;0.3225806451612903;0.782608695652174;0.0;0.024691358024691357;0.0;0.0;0.0;0
2016;1;25;3;30;0;0;0.0;1.0;0.5;0.8064516129032258;0.13043478260869565;1.0;0.0;0.0;0.0;0.0;0
2016;1;18;17;0;0;0;0.0;1.0;0.5;0.5806451612903226;0.7391304347826086;0.0;0.0;0.0;0.0;0.0;0
2016;1;2;5;0;0;0;0.0;1.0;0.5;0.06451612903225806;0.21739130434782608;0.0;0.0;0.0;0.0;0.0;0
2016;1;30;20;0;1;0;0.0;1.0;0.5;0.967741935483871;0.8695652173913043;0.0;0.012345679012345678;0.0;0.0;0.0;0
2016;1;16;14;30;0;0;0.0;1.0;0.5;0.5161290322580645;0.6086956521739131;1.0;0.0;0.0;0.0;0.0;0
2016;1;18;1;0;0;0;0.0;1.0;0.5;0.5806451612903226;0.043478260869565216;0.0;0.0;0.0;0.0;0.0;0
2016;1;30;10;0;1;0;0.0;1.0;0.5;0.967741935483871;0.43478260869565216;0.0;0.012345679012345678;0.0;0.0;0.0;0
2016;1;3;0;0;0;0;0.0;1.0;0.5;0.0967741935483871;0.0;0.0;0.0;0.0;0.0;0.0;0
2016;1;14;10;0;1;0;0.0;1.0;0.5;0.45161290322580644;0.43478260869565216;0.0;0.012345679012345678;0.0;0.0;0.0;0
2016;1;16;0;30;0;0;0.0;1.0;0.5;0.5161290322580645;0.0;1.0;0.0;0.0;0.0;0.0;0
2016;1;24;10;30;0;0;0.0;1.0;0.5;0.7741935483870968;0.43478260869565216;1.0;0.0;0.0;0.0;0.0;0
2016;1;3;21;0;1;0;0.0;1.0;0.5;0.0967741935483871;0.9130434782608695;0.0;0.012345679012345678;0.0;0.0;0.0;0
2016;1;2;17;30;1;0;0.4;1.0;0.5;0.06451612903225806;0.7391304347826086;1.0;0.012345679012345678;0.0;0.009661835748792272;2.97;1
2016;1;8;21;0;0;0;0.0;1.0;0.5;0.25806451612903225;0.9130434782608695;0.0;0.0;0.0;0.0;0.0;0
2016;1;5;3;30;0;0;0.0;1.0;0.5;0.16129032258064516;0.13043478260869565;1.0;0.0;0.0;0.0;0.0;0
2016;1;28;6;0;1;0;0.0;1.0;0.5;0.9032258064516129;0.2608695652173913;0.0;0.012345679012345678;0.0;0.0;0.0;0
2016;1;4;19;30;2;0;0.0;1.0;0.5;0.12903225806451613;0.8260869565217391;1.0;0.024691358024691357;0.0;0.0;0.0;0
2016;1;20;4;0;0;0;0.0;1.0;0.5;0.6451612903225806;0.17391304347826086;0.0;0.0;0.0;0.0;0.0;0
2016;1;17;13;30;0;0;0.0;1.0;0.5;0.5483870967741935;0.5652173913043478;1.0;0.0;0.0;0.0;0.0;0
2016;1;6;15;30;1;0;0.0;1.0;0.5;0.1935483870967742;0.6521739130434783;1.0;0.012345679012345678;0.0;0.0;0.0;0
2016;1;26;16;30;2;0;0.0;1.0;0.5;0.8387096774193549;0.6956521739130435;1.0;0.024691358024691357;0.0;0.0;0.0;0
2016;1;24;0;0;0;0;0.0;1.0;0.5;0.7741935483870968;0.0;0.0;0.0;0.0;0.0;0.0;0
2016;1;8;6;30;0;0;0.0;1.0;0.5;0.25806451612903225;0.2608695652173913;1.0;0.0;0.0;0.0;0.0;0
2016;1;26;3;30;0;0;0.0;1.0;0.5;0.8387096774193549;0.13043478260869565;1.0;0.0;0.0;0.0;0.0;0
2016;1;7;13;30;0;0;0.0;1.0;0.5;0.22580645161290322;0.5652173913043478;1.0;0.0;0.0;0.0;0.0;0
2016;1;14;12;0;1;0;0.0;1.0;0.5;0.45161290322580644;0.5217391304347826;0.0;0.012345679012345678;0.0;0.0;0.0;0
2016;1;29;20;0;0;0;0.0;1.0;0.5;0.9354838709677419;0.8695652173913043;0.0;0.0;0.0;0.0;0.0;0
2016;1;11;22;30;6;0;0.0;1.0;0.5;0.3548387096774194;0.9565217391304348;1.0;0.07407407407407407;0.0;0.0;0.0;0
2016;1;11;2;0;0;0;0.0;1.0;0.5;0.3548387096774194;0.08695652173913043;0.0;0.0;0.0;0.0;0.0;0
2016;1;4;11;30;0;0;0.0;1.0;0.5;0.12903225806451613;0.4782608695652174;1.0;0.0;0.0;0.0;0.0;0
2016;1;12;9;30;0;0;0.0;1.0;0.5;0.3870967741935484;0.391304347826087;1.0;0.0;0.0;0.0;0.0;0
2016;1;1;7;0;0;0;0.0;1.0;0.5;0.03225806451612903;0.30434782608695654;0.0;0.0;0.0;0.0;0.0;0
2016;1;5;14;0;1;0;0.0;1.0;0.5;0.16129032258064516;0.6086956521739131;0.0;0.012345679012345678;0.0;0.0;0.0;0
2016;1;31;2;0;0;0;0.0;1.0;0.5;1.0;0.08695652173913043;0.0;0.0;0.0;0.0;0.0;0
2016;1;4;18;0;0;0;0.0;1.0;0.5;0.12903225806451613;0.782608695652174;0.0;0.0;0.0;0.0;0.0;0
2016;1;27;4;0;0;0;0.0;1.0;0.5;0.8709677419354839;0.17391304347826086;0.0;0.0;0.0;0.0;0.0;0
2016;1;19;9;30;0;0;0.0;1.0;0.5;0.6129032258064516;0.391304347826087;1.0;0.0;0.0;0.0;0.0;0
2016;1;21;2;30;0;0;0.0;1.0;0.5;0.6774193548387096;0.08695652173913043;1.0;0.0;0.0;0.0;0.0;0
2016;1;29;13;30;2;0;0.0;1.0;0.5;0.9354838709677419;0.5652173913043478;1.0;0.024691358024691357;0.0;0.0;0.0;0
2016;1;24;21;30;0;0;0.0;1.0;0.5;0.7741935483870968;0.9130434782608695;1.0;0.0;0.0;0.0;0.0;0
2016;1;6;1;0;0;0;0.0;1.0;0.5;0.1935483870967742;0.043478260869565216;0.0;0.0;0.0;0.0;0.0;0
2016;1;24;13;30;0;0;0.0;1.0;0.5;0.7741935483870968;0.5652173913043478;1.0;0.0;0.0;0.0;0.0;0
2016;1;26;6;0;0;0;0.0;1.0;0.5;0.8387096774193549;0.2608695652173913;0.0;0.0;0.0;0.0;0.0;0
2016;1;2;10;0;0;0;0.0;1.0;0.5;0.06451612903225806;0.43478260869565216;0.0;0.0;0.0;0.0;0.0;0
2016;1;13;10;0;0;0;0.0;1.0;0.5;0.41935483870967744;0.43478260869565216;0.0;0.0;0.0;0.0;0.0;0
2016;1;19;16;0;0;0;0.0;1.0;0.5;0.6129032258064516;0.6956521739130435;0.0;0.0;0.0;0.0;0.0;0
2016;1;30;21;0;3;0;0.0;1.0;0.5;0.967741935483871;0.9130434782608695;0.0;0.037037037037037035;0.0;0.0;0.0;0
2016;1;26;23;0;1;0;0.0;1.0;0.5;0.8387096774193549;1.0;0.0;0.012345679012345678;0.0;0.0;0.0;0
2016;1;16;13;30;1;0;0.0;1.0;0.5;0.5161290322580645;0.5652173913043478;1.0;0.012345679012345678;0.0;0.0;0.0;0
2016;1;6;14;30;3;0;0.0;1.0;0.5;0.1935483870967742;0.6086956521739131;1.0;0.037037037037037035;0.0;0.0;0.0;0
2016;1;13;7;30;1;0;0.0;1.0;0.5;0.41935483870967744;0.30434782608695654;1.0;0.012345679012345678;0.0;0.0;0.0;0
2016;1;23;9;0;1;0;0.0;1.0;0.5;0.7419354838709677;0.391304347826087;0.0;0.012345679012345678;0.0;0.0;0.0;0
2016;1;16;6;30;0;0;0.0;1.0;0.5;0.5161290322580645;0.2608695652173913;1.0;0.0;0.0;0.0;0.0;0
2016;1;28;11;30;1;0;0.0;1.0;0.5;0.9032258064516129;0.4782608695652174;1.0;0.012345679012345678;0.0;0.0;0.0;0
2016;1;3;10;0;1;0;0.0;1.0;0.5;0.0967741935483871;0.43478260869565216;0.0;0.012345679012345678;0.0;0.0;0.0;0
2016;1;26;12;30;0;0;0.0;1.0;0.5;0.8387096774193549;0.5217391304347826;1.0;0.0;0.0;0.0;0.0;0
2016;1;25;9;30;0;0;0.0;1.0;0.5;0.8064516129032258;0.391304347826087;1.0;0.0;0.0;0.0;0.0;0
2016;1;26;21;0;3;0;0.0;1.0;0.5;0.8387096774193549;0.9130434782608695;0.0;0.037037037037037035;0.0;0.0;0.0;0
2016;1;8;20;30;1;0;0.0;1.0;0.5;0.25806451612903225;0.8695652173913043;1.0;0.012345679012345678;0.0;0.0;0.0;0
2016;1;7;11;30;0;0;0.0;1.0;0.5;0.22580645161290322;0.4782608695652174;1.0;0.0;0.0;0.0;0.0;0
2016;1;11;11;30;1;0;0.0;1.0;0.5;0.3548387096774194;0.4782608695652174;1.0;0.012345679012345678;0.0;0.0;0.0;0
2016;1;4;17;0;1;0;0.0;1.0;0.5;0.12903225806451613;0.7391304347826086;0.0;0.012345679012345678;0.0;0.0;0.0;0
2016;1;17;6;30;0;0;0.0;1.0;0.5;0.5483870967741935;0.2608695652173913;1.0;0.0;0.0;0.0;0.0;0
2016;1;9;18;30;0;0;0.0;1.0;0.5;0.2903225806451613;0.782608695652174;1.0;0.0;0.0;0.0;0.0;0
2016;1;23;21;30;0;0;0.0;1.0;0.5;0.7419354838709677;0.9130434782608695;1.0;0.0;0.0;0.0;0.0;0
2016;1;16;9;30;0;0;0.0;1.0;0.5;0.5161290322580645;0.391304347826087;1.0;0.0;0.0;0.0;0.0;0
2016;1;23;15;30;0;0;0.0;1.0;0.5;0.7419354838709677;0.6521739130434783;1.0;0.0;0.0;0.0;0.0;0
2016;1;23;3;0;0;0;0.0;1.0;0.5;0.7419354838709677;0.13043478260869565;0.0;0.0;0.0;0.0;0.0;0
2016;1;7;5;30;0;0;0.0;1.0;0.5;0.22580645161290322;0.21739130434782608;1.0;0.0;0.0;0.0;0.0;0
2016;1;8;7;30;3;0;0.0;1.0;0.5;0.25806451612903225;0.30434782608695654;1.0;0.037037037037037035;0.0;0.0;0.0;0
2016;1;5;15;0;0;0;0.0;1.0;0.5;0.16129032258064516;0.6521739130434783;0.0;0.0;0.0;0.0;0.0;0
2016;1;19;22;30;3;0;0.0;1.0;0.5;0.6129032258064516;0.9565217391304348;1.0;0.037037037037037035;0.0;0.0;0.0;0
2016;1;3;21;30;0;0;0.0;1.0;0.5;0.0967741935483871;0.9130434782608695;1.0;0.0;0.0;0.0;0.0;0
2016;1;17;21;0;1;0;0.0;1.0;0.5;0.5483870967741935;0.9130434782608695;0.0;0.012345679012345678;0.0;0.0;0.0;0
2016;1;20;22;0;3;0;0.0;1.0;0.5;0.6451612903225806;0.9565217391304348;0.0;0.037037037037037035;0.0;0.0;0.0;0
2016;1;26;9;0;1;0;0.0;1.0;0.5;0.8387096774193549;0.391304347826087;0.0;0.012345679012345678;0.0;0.0;0.0;0
2016;1;31;3;0;0;0;0.0;1.0;0.5;1.0;0.13043478260869565;0.0;0.0;0.0;0.0;0.0;0
2016;1;18;9;0;1;0;0.0;1.0;0.5;0.5806451612903226;0.391304347826087;0.0;0.012345679012345678;0.0;0.0;0.0;0
2016;1;23;13;0;1;0;0.0;1.0;0.5;0.7419354838709677;0.5652173913043478;0.0;0.012345679012345678;0.0;0.0;0.0;0
2016;1;1;5;30;1;0;0.0;1.0;0.5;0.03225806451612903;0.21739130434782608;1.0;0.012345679012345678;0.0;0.0;0.0;0
2016;1;25;12;30;3;0;0.0;1.0;0.5;0.8064516129032258;0.5217391304347826;1.0;0.037037037037037035;0.0;0.0;0.0;0
2016;1;23;3;30;1;0;0.0;1.0;0.5;0.7419354838709677;0.13043478260869565;1.0;0.012345679012345678;0.0;0.0;0.0;0
2016;1;21;7;30;3;0;0.0;1.0;0.5;0.6774193548387096;0.30434782608695654;1.0;0.037037037037037035;0.0;0.0;0.0;0
2016;1;18;15;30;2;1;0.0;1.0;0.5;0.5806451612903226;0.6521739130434783;1.0;0.024691358024691357;0.5;0.0;0.0;0
2016;1;4;5;30;2;0;0.0;1.0;0.5;0.12903225806451613;0.21739130434782608;1.0;0.024691358024691357;0.0;0.0;0.0;0
2016;1;12;0;30;0;0;0.0;1.0;0.5;0.3870967741935484;0.0;1.0;0.0;0.0;0.0;0.0;0
2016;1;6;7;30;1;0;0.0;1.0;0.5;0.1935483870967742;0.30434782608695654;1.0;0.012345679012345678;0.0;0.0;0.0;0
2016;1;25;15;30;0;0;0.0;1.0;0.5;0.8064516129032258;0.6521739130434783;1.0;0.0;0.0;0.0;0.0;0
2016;1;13;18;30;2;0;0.0;1.0;0.5;0.41935483870967744;0.782608695652174;1.0;0.024691358024691357;0.0;0.0;0.0;0
2016;1;11;20;0;2;0;0.0;1.0;0.5;0.3548387096774194;0.8695652173913043;0.0;0.024691358024691357;0.0;0.0;0.0;0
2016;1;14;3;0;0;0;0.0;1.0;0.5;0.45161290322580644;0.13043478260869565;0.0;0.0;0.0;0.0;0.0;0
2016;1;17;18;0;3;0;0.0;1.0;0.5;0.5483870967741935;0.782608695652174;0.0;0.037037037037037035;0.0;0.0;0.0;0
2016;1;5;5;0;0;0;0.0;1.0;0.5;0.16129032258064516;0.21739130434782608;0.0;0.0;0.0;0.0;0.0;0
2016;1;6;2;30;1;0;0.0;1.0;0.5;0.1935483870967742;0.08695652173913043;1.0;0.012345679012345678;0.0;0.0;0.0;0
2016;1;31;5;30;1;0;0.0;1.0;0.5;1.0;0.21739130434782608;1.0;0.012345679012345678;0.0;0.0;0.0;0
2016;1;8;21;30;2;0;0.0;1.0;0.5;0.25806451612903225;0.9130434782608695;1.0;0.024691358024691357;0.0;0.0;0.0;0
2016;1;20;9;30;0;0;0.0;1.0;0.5;0.6451612903225806;0.391304347826087;1.0;0.0;0.0;0.0;0.0;0
2016;1;3;2;30;0;0;0.0;1.0;0.5;0.0967741935483871;0.08695652173913043;1.0;0.0;0.0;0.0;0.0;0
2016;1;7;6;30;1;0;0.0;1.0;0.5;0.22580645161290322;0.2608695652173913;1.0;0.012345679012345678;0.0;0.0;0.0;0
2016;1;16;7;0;0;0;0.0;1.0;0.5;0.5161290322580645;0.30434782608695654;0.0;0.0;0.0;0.0;0.0;0
2016;1;29;23;30;0;0;0.0;1.0;0.5;0.9354838709677419;1.0;1.0;0.0;0.0;0.0;0.0;0
2016;1;9;0;30;3;2;0.0;1.0;0.5;0.2903225806451613;0.0;1.0;0.037037037037037035;1.0;0.0;0.0;0
2016;1;15;8;30;1;0;0.0;1.0;0.5;0.4838709677419355;0.34782608695652173;1.0;0.012345679012345678;0.0;0.0;0.0;0
2016;1;25;15;0;2;0;0.0;1.0;0.5;0.8064516129032258;0.6521739130434783;0.0;0.024691358024691357;0.0;0.0;0.0;0
2016;1;19;20;0;1;0;0.0;1.0;0.5;0.6129032258064516;0.8695652173913043;0.0;0.012345679012345678;0.0;0.0;0.0;0
2016;1;1;21;30;1;0;1.17;1.0;0.5;0.03225806451612903;0.9130434782608695;1.0;0.012345679012345678;0.0;0.02826086956521739;0.98;0
2016;1;7;2;0;1;0;0.0;1.0;0.5;0.22580645161290322;0.08695652173913043;0.0;0.012345679012345678;0.0;0.0;0.0;0
2016;1;24;1;30;0;0;0.0;1.0;0.5;0.7741935483870968;0.043478260869565216;1.0;0.0;0.0;0.0;0.0;0
2016;1;6;10;0;0;0;0.0;1.0;0.5;0.1935483870967742;0.43478260869565216;0.0;0.0;0.0;0.0;0.0;0
2016;1;28;20;0;2;0;0.0;1.0;0.5;0.9032258064516129;0.8695652173913043;0.0;0.024691358024691357;0.0;0.0;0.0;0
2016;1;11;2;30;1;0;0.0;1.0;0.5;0.3548387096774194;0.08695652173913043;1.0;0.012345679012345678;0.0;0.0;0.0;0
2016;1;14;23;30;3;1;0.0;1.0;0.5;0.45161290322580644;1.0;1.0;0.037037037037037035;0.5;0.0;0.0;0
2016;1;28;23;30;2;0;0.0;1.0;0.5;0.9032258064516129;1.0;1.0;0.024691358024691357;0.0;0.0;0.0;0
2016;1;3;17;0;0;0;0.0;1.0;0.5;0.0967741935483871;0.7391304347826086;0.0;0.0;0.0;0.0;0.0;0
2016;1;28;20;30;1;0;0.0;1.0;0.5;0.9032258064516129;0.8695652173913043;1.0;0.012345679012345678;0.0;0.0;0.0;0
2016;1;27;11;30;1;0;0.0;1.0;0.5;0.8709677419354839;0.4782608695652174;1.0;0.012345679012345678;0.0;0.0;0.0;0
2016;1;3;9;0;1;0;0.0;1.0;0.5;0.0967741935483871;0.391304347826087;0.0;0.012345679012345678;0.0;0.0;0.0;0
2016;1;8;10;0;1;0;0.0;1.0;0.5;0.25806451612903225;0.43478260869565216;0.0;0.012345679012345678;0.0;0.0;0.0;0
2016;1;21;11;0;1;0;0.0;1.0;0.5;0.6774193548387096;0.4782608695652174;0.0;0.012345679012345678;0.0;0.0;0.0;0
2016;1;10;15;0;0;0;0.0;1.0;0.5;0.3225806451612903;0.6521739130434783;0.0;0.0;0.0;0.0;0.0;0
2016;1;29;16;0;1;0;0.0;1.0;0.5;0.9354838709677419;0.6956521739130435;0.0;0.012345679012345678;0.0;0.0;0.0;0
2016;1;4;21;0;1;0;0.0;1.0;0.5;0.12903225806451613;0.9130434782608695;0.0;0.012345679012345678;0.0;0.0;0.0;0
2016;1;31;18;0;1;0;0.0;1.0;0.5;1.0;0.782608695652174;0.0;0.012345679012345678;0.0;0.0;0.0;0
2016;1;13;4;30;0;0;0.0;1.0;0.5;0.41935483870967744;0.17391304347826086;1.0;0.0;0.0;0.0;0.0;0
2016;1;15;19;0;0;0;0.0;1.0;0.5;0.4838709677419355;0.8260869565217391;0.0;0.0;0.0;0.0;0.0;0
2016;1;28;8;30;0;0;0.0;1.0;0.5;0.9032258064516129;0.34782608695652173;1.0;0.0;0.0;0.0;0.0;0
2016;1;30;13;30;0;0;0.0;1.0;0.5;0.967741935483871;0.5652173913043478;1.0;0.0;0.0;0.0;0.0;0
2016;1;19;17;30;1;0;0.0;1.0;0.5;0.6129032258064516;0.7391304347826086;1.0;0.012345679012345678;0.0;0.0;0.0;0
2016;1;25;13;0;0;0;0.0;1.0;0.5;0.8064516129032258;0.5652173913043478;0.0;0.0;0.0;0.0;0.0;0
2016;1;5;6;0;0;0;0.0;1.0;0.5;0.16129032258064516;0.2608695652173913;0.0;0.0;0.0;0.0;0.0;0
2016;1;15;21;30;3;0;0.0;1.0;0.5;0.4838709677419355;0.9130434782608695;1.0;0.037037037037037035;0.0;0.0;0.0;0
2016;1;12;23;30;4;0;0.0;1.0;0.5;0.3870967741935484;1.0;1.0;0.04938271604938271;0.0;0.0;0.0;0
2016;1;12;11;30;0;0;0.0;1.0;0.5;0.3870967741935484;0.4782608695652174;1.0;0.0;0.0;0.0;0.0;0
2016;1;5;16;0;0;0;0.0;1.0;0.5;0.16129032258064516;0.6956521739130435;0.0;0.0;0.0;0.0;0.0;0
2016;1;21;1;0;1;0;0.0;1.0;0.5;0.6774193548387096;0.043478260869565216;0.0;0.012345679012345678;0.0;0.0;0.0;0
2016;1;21;0;30;1;0;0.0;1.0;0.5;0.6774193548387096;0.0;1.0;0.012345679012345678;0.0;0.0;0.0;0
2016;1;3;7;0;0;0;0.0;1.0;0.5;0.0967741935483871;0.30434782608695654;0.0;0.0;0.0;0.0;0.0;0
2016;1;12;19;30;1;0;0.0;1.0;0.5;0.3870967741935484;0.8260869565217391;1.0;0.012345679012345678;0.0;0.0;0.0;0
2016;1;7;12;30;0;0;0.0;1.0;0.5;0.22580645161290322;0.5217391304347826;1.0;0.0;0.0;0.0;0.0;0
2016;1;27;8;30;1;0;0.0;1.0;0.5;0.8709677419354839;0.34782608695652173;1.0;0.012345679012345678;0.0;0.0;0.0;0
2016;1;29;15;30;1;0;0.0;1.0;0.5;0.9354838709677419;0.6521739130434783;1.0;0.012345679012345678;0.0;0.0;0.0;0
2016;1;20;15;30;2;0;0.0;1.0;0.5;0.6451612903225806;0.6521739130434783;1.0;0.024691358024691357;0.0;0.0;0.0;0
2016;1;27;1;0;0;0;0.0;1.0;0.5;0.8709677419354839;0.043478260869565216;0.0;0.0;0.0;0.0;0.0;0
2016;1;25;23;0;0;0;5.33;1.0;0.5;0.8064516129032258;1.0;0.0;0.0;0.0;0.128743961352657;0.2;0
2016;1;17;17;30;2;0;0.0;1.0;0.5;0.5483870967741935;0.7391304347826086;1.0;0.024691358024691357;0.0;0.0;0.0;0
2016;1;1;12;30;1;0;0.0;1.0;0.5;0.03225806451612903;0.5217391304347826;1.0;0.012345679012345678;0.0;0.0;0.0;0
2016;1;12;5;0;0;0;0.0;1.0;0.5;0.3870967741935484;0.21739130434782608;0.0;0.0;0.0;0.0;0.0;0
2016;1;8;3;0;0;0;0.0;1.0;0.5;0.25806451612903225;0.13043478260869565;0.0;0.0;0.0;0.0;0.0;0
2016;1;21;23;30;0;0;0.0;1.0;0.5;0.6774193548387096;1.0;1.0;0.0;0.0;0.0;0.0;0
2016;1;11;16;30;0;0;0.0;1.0;0.5;0.3548387096774194;0.6956521739130435;1.0;0.0;0.0;0.0;0.0;0
2016;1;9;18;0;0;0;0.0;1.0;0.5;0.2903225806451613;0.782608695652174;0.0;0.0;0.0;0.0;0.0;0
2016;1;26;3;0;0;0;0.0;1.0;0.5;0.8387096774193549;0.13043478260869565;0.0;0.0;0.0;0.0;0.0;0
2016;1;29;7;30;2;0;0.0;1.0;0.5;0.9354838709677419;0.30434782608695654;1.0;0.024691358024691357;0.0;0.0;0.0;0
2016;1;5;12;0;1;0;0.0;1.0;0.5;0.16129032258064516;0.5217391304347826;0.0;0.012345679012345678;0.0;0.0;0.0;0
2016;1;6;23;30;3;0;0.0;1.0;0.5;0.1935483870967742;1.0;1.0;0.037037037037037035;0.0;0.0;0.0;0
2016;2;1;0;0;0;0;0.0;1.0;1.0;0.03225806451612903;0.0;0.0;0.0;0.0;0.0;0.0;0
2016;1;4;3;0;0;0;0.0;1.0;0.5;0.12903225806451613;0.13043478260869565;0.0;0.0;0.0;0.0;0.0;0
2016;1;7;19;30;4;0;0.0;1.0;0.5;0.22580645161290322;0.8260869565217391;1.0;0.04938271604938271;0.0;0.0;0.0;0
2016;1;5;1;0;0;0;0.0;1.0;0.5;0.16129032258064516;0.043478260869565216;0.0;0.0;0.0;0.0;0.0;0
2016;1;2;14;30;2;0;1.58;1.0;0.5;0.06451612903225806;0.6086956521739131;1.0;0.024691358024691357;0.0;0.03816425120772947;2.75;1
2016;1;17;7;30;0;0;0.0;1.0;0.5;0.5483870967741935;0.30434782608695654;1.0;0.0;0.0;0.0;0.0;0
2016;1;22;17;0;0;0;0.0;1.0;0.5;0.7096774193548387;0.7391304347826086;0.0;0.0;0.0;0.0;0.0;0
2016;1;8;1;30;1;0;0.0;1.0;0.5;0.25806451612903225;0.043478260869565216;1.0;0.012345679012345678;0.0;0.0;0.0;0
2016;1;24;19;30;0;0;0.0;1.0;0.5;0.7741935483870968;0.8260869565217391;1.0;0.0;0.0;0.0;0.0;0
2016;1;3;13;0;0;0;0.0;1.0;0.5;0.0967741935483871;0.5652173913043478;0.0;0.0;0.0;0.0;0.0;0
2016;1;25;17;30;0;0;0.0;1.0;0.5;0.8064516129032258;0.7391304347826086;1.0;0.0;0.0;0.0;0.0;0
2016;1;20;14;30;1;0;0.0;1.0;0.5;0.6451612903225806;0.6086956521739131;1.0;0.012345679012345678;0.0;0.0;0.0;0
2016;1;11;5;0;0;0;0.0;1.0;0.5;0.3548387096774194;0.21739130434782608;0.0;0.0;0.0;0.0;0.0;0
2016;1;3;7;30;0;0;0.0;1.0;0.5;0.0967741935483871;0.30434782608695654;1.0;0.0;0.0;0.0;0.0;0
2016;1;13;17;0;2;0;0.0;1.0;0.5;0.41935483870967744;0.7391304347826086;0.0;0.024691358024691357;0.0;0.0;0.0;0
2016;1;15;20;0;2;0;0.0;1.0;0.5;0.4838709677419355;0.8695652173913043;0.0;0.024691358024691357;0.0;0.0;0.0;0
2016;1;22;22;0;0;0;0.0;1.0;0.5;0.7096774193548387;0.9565217391304348;0.0;0.0;0.0;0.0;0.0;0
2016;1;24;5;0;0;0;0.0;1.0;0.5;0.7741935483870968;0.21739130434782608;0.0;0.0;0.0;0.0;0.0;0
2016;1;20;2;0;0;0;0.0;1.0;0.5;0.6451612903225806;0.08695652173913043;0.0;0.0;0.0;0.0;0.0;0
2016;1;11;8;30;0;0;0.0;1.0;0.5;0.3548387096774194;0.34782608695652173;1.0;0.0;0.0;0.0;0.0;0
2016;1;1;22;0;1;0;0.98;1.0;0.5;0.03225806451612903;0.9565217391304348;0.0;0.012345679012345678;0.0;0.023671497584541065;0.0;0
2016;1;21;9;30;0;0;0.0;1.0;0.5;0.6774193548387096;0.391304347826087;1.0;0.0;0.0;0.0;0.0;0
2016;1;18;7;0;0;0;0.0;1.0;0.5;0.5806451612903226;0.30434782608695654;0.0;0.0;0.0;0.0;0.0;0
2016;1;19;7;0;1;0;0.0;1.0;0.5;0.6129032258064516;0.30434782608695654;0.0;0.012345679012345678;0.0;0.0;0.0;0
2016;1;25;0;30;1;0;13.98;1.0;0.5;0.8064516129032258;0.0;1.0;0.012345679012345678;0.0;0.33768115942028987;0.0;0
2016;1;18;0;30;2;0;0.0;1.0;0.5;0.5806451612903226;0.0;1.0;0.024691358024691357;0.0;0.0;0.0;0
2016;1;14;8;30;0;0;0.0;1.0;0.5;0.45161290322580644;0.34782608695652173;1.0;0.0;0.0;0.0;0.0;0
2016;1;19;0;0;4;0;0.0;1.0;0.5;0.6129032258064516;0.0;0.0;0.04938271604938271;0.0;0.0;0.0;0
2016;1;28;12;30;0;0;0.0;1.0;0.5;0.9032258064516129;0.5217391304347826;1.0;0.0;0.0;0.0;0.0;0
2016;1;8;16;30;0;0;0.0;1.0;0.5;0.25806451612903225;0.6956521739130435;1.0;0.0;0.0;0.0;0.0;0
2016;1;21;5;30;0;0;0.0;1.0;0.5;0.6774193548387096;0.21739130434782608;1.0;0.0;0.0;0.0;0.0;0
2016;1;29;14;0;2;0;0.0;1.0;0.5;0.9354838709677419;0.6086956521739131;0.0;0.024691358024691357;0.0;0.0;0.0;0
2016;1;13;0;30;0;0;0.0;1.0;0.5;0.41935483870967744;0.0;1.0;0.0;0.0;0.0;0.0;0
2016;1;6;13;0;0;0;0.0;1.0;0.5;0.1935483870967742;0.5652173913043478;0.0;0.0;0.0;0.0;0.0;0
2016;1;22;6;0;0;0;0.0;1.0;0.5;0.7096774193548387;0.2608695652173913;0.0;0.0;0.0;0.0;0.0;0
2016;1;17;17;0;0;0;0.0;1.0;0.5;0.5483870967741935;0.7391304347826086;0.0;0.0;0.0;0.0;0.0;0
2016;1;8;13;30;0;0;0.0;1.0;0.5;0.25806451612903225;0.5652173913043478;1.0;0.0;0.0;0.0;0.0;0
2016;1;13;18;0;2;0;0.0;1.0;0.5;0.41935483870967744;0.782608695652174;0.0;0.024691358024691357;0.0;0.0;0.0;0
2016;1;22;18;0;0;0;0.0;1.0;0.5;0.7096774193548387;0.782608695652174;0.0;0.0;0.0;0.0;0.0;0
2016;1;6;1;30;0;0;0.0;1.0;0.5;0.1935483870967742;0.043478260869565216;1.0;0.0;0.0;0.0;0.0;0
2016;1;2;19;0;2;0;0.2;1.0;0.5;0.06451612903225806;0.8260869565217391;0.0;0.024691358024691357;0.0;0.004830917874396136;0.0;0
2016;1;31;11;0;1;0;0.0;1.0;0.5;1.0;0.4782608695652174;0.0;0.012345679012345678;0.0;0.0;0.0;0
2016;1;6;6;30;1;0;0.0;1.0;0.5;0.1935483870967742;0.2608695652173913;1.0;0.012345679012345678;0.0;0.0;0.0;0
2016;1;22;13;30;0;0;0.0;1.0;0.5;0.7096774193548387;0.5652173913043478;1.0;0.0;0.0;0.0;0.0;0
2016;1;5;4;0;0;0;0.0;1.0;0.5;0.16129032258064516;0.17391304347826086;0.0;0.0;0.0;0.0;0.0;0
2016;1;16;12;0;2;0;0.0;1.0;0.5;0.5161290322580645;0.5217391304347826;0.0;0.024691358024691357;0.0;0.0;0.0;0
2016;1;9;14;0;2;0;0.0;1.0;0.5;0.2903225806451613;0.6086956521739131;0.0;0.024691358024691357;0.0;0.0;0.0;0
2016;1;24;12;0;1;0;0.0;1.0;0.5;0.7741935483870968;0.5217391304347826;0.0;0.012345679012345678;0.0;0.0;0.0;0
2016;1;28;16;30;0;0;0.0;1.0;0.5;0.9032258064516129;0.6956521739130435;1.0;0.0;0.0;0.0;0.0;0
2016;1;11;6;30;0;0;0.0;1.0;0.5;0.3548387096774194;0.2608695652173913;1.0;0.0;0.0;0.0;0.0;0
2016;1;28;15;0;1;0;0.0;1.0;0.5;0.9032258064516129;0.6521739130434783;0.0;0.012345679012345678;0.0;0.0;0.0;0
2016;1;14;11;30;2;0;0.0;1.0;0.5;0.45161290322580644;0.4782608695652174;1.0;0.024691358024691357;0.0;0.0;0.0;0
2016;1;24;22;30;0;0;26.32;1.0;0.5;0.7741935483870968;0.9565217391304348;1.0;0.0;0.0;0.6357487922705314;32.13;3
2016;1;26;20;0;0;0;0.0;1.0;0.5;0.8387096774193549;0.8695652173913043;0.0;0.0;0.0;0.0;0.0;0
2016;1;10;23;30;0;0;0.0;1.0;0.5;0.3225806451612903;1.0;1.0;0.0;0.0;0.0;0.0;0
2016;1;5;0;30;1;0;0.0;1.0;0.5;0.16129032258064516;0.0;1.0;0.012345679012345678;0.0;0.0;0.0;0
2016;1;2;23;30;0;0;0.0;1.0;0.5;0.06451612903225806;1.0;1.0;0.0;0.0;0.0;0.0;0
2016;1;23;8;0;0;0;0.0;1.0;0.5;0.7419354838709677;0.34782608695652173;0.0;0.0;0.0;0.0;0.0;0
2016;1;30;2;30;0;0;0.0;1.0;0.5;0.967741935483871;0.08695652173913043;1.0;0.0;0.0;0.0;0.0;0
2016;1;31;21;30;5;0;0.0;1.0;0.5;1.0;0.9130434782608695;1.0;0.06172839506172839;0.0;0.0;0.0;0
2016;1;6;22;30;2;0;0.0;1.0;0.5;0.1935483870967742;0.9565217391304348;1.0;0.024691358024691357;0.0;0.0;0.0;0
2016;1;2;9;0;0;0;0.0;1.0;0.5;0.06451612903225806;0.391304347826087;0.0;0.0;0.0;0.0;0.0;0
2016;1;18;19;0;1;0;0.0;1.0;0.5;0.5806451612903226;0.8260869565217391;0.0;0.012345679012345678;0.0;0.0;0.0;0
2016;1;25;18;30;3;0;0.0;1.0;0.5;0.8064516129032258;0.782608695652174;1.0;0.037037037037037035;0.0;0.0;0.0;0
2016;1;23;12;0;3;0;0.0;1.0;0.5;0.7419354838709677;0.5217391304347826;0.0;0.037037037037037035;0.0;0.0;0.0;0
2016;1;8;10;30;1;0;0.0;1.0;0.5;0.25806451612903225;0.43478260869565216;1.0;0.012345679012345678;0.0;0.0;0.0;0
2016;1;16;15;30;0;0;0.0;1.0;0.5;0.5161290322580645;0.6521739130434783;1.0;0.0;0.0;0.0;0.0;0
2016;1;17;12;0;2;0;0.0;1.0;0.5;0.5483870967741935;0.5217391304347826;0.0;0.024691358024691357;0.0;0.0;0.0;0
2016;1;14;9;30;0;0;0.0;1.0;0.5;0.45161290322580644;0.391304347826087;1.0;0.0;0.0;0.0;0.0;0
2016;1;10;23;0;1;0;0.0;1.0;0.5;0.3225806451612903;1.0;0.0;0.012345679012345678;0.0;0.0;0.0;0
2016;1;28;17;30;1;0;0.0;1.0;0.5;0.9032258064516129;0.7391304347826086;1.0;0.012345679012345678;0.0;0.0;0.0;0
2016;1;7;12;0;0;0;0.0;1.0;0.5;0.22580645161290322;0.5217391304347826;0.0;0.0;0.0;0.0;0.0;0
2016;1;23;17;30;0;0;0.0;1.0;0.5;0.7419354838709677;0.7391304347826086;1.0;0.0;0.0;0.0;0.0;0
2016;1;22;1;0;0;0;0.0;1.0;0.5;0.7096774193548387;0.043478260869565216;0.0;0.0;0.0;0.0;0.0;0
2016;1;25;14;0;2;0;0.0;1.0;0.5;0.8064516129032258;0.6086956521739131;0.0;0.024691358024691357;0.0;0.0;0.0;0
2016;1;20;5;0;0;0;0.0;1.0;0.5;0.6451612903225806;0.21739130434782608;0.0;0.0;0.0;0.0;0.0;0
2016;1;5;8;30;1;0;0.0;1.0;0.5;0.16129032258064516;0.34782608695652173;1.0;0.012345679012345678;0.0;0.0;0.0;0
2016;1;18;19;30;2;0;0.0;1.0;0.5;0.5806451612903226;0.8260869565217391;1.0;0.024691358024691357;0.0;0.0;0.0;0
2016;1;1;22;30;3;0;0.0;1.0;0.5;0.03225806451612903;0.9565217391304348;1.0;0.037037037037037035;0.0;0.0;9.16;1
2016;1;3;11;30;0;0;0.0;1.0;0.5;0.0967741935483871;0.4782608695652174;1.0;0.0;0.0;0.0;0.0;0
2016;1;10;20;30;1;0;0.0;1.0;0.5;0.3225806451612903;0.8695652173913043;1.0;0.012345679012345678;0.0;0.0;0.0;0
2016;1;8;23;30;1;0;0.0;1.0;0.5;0.25806451612903225;1.0;1.0;0.012345679012345678;0.0;0.0;0.0;0
2016;1;8;15;0;0;0;0.0;1.0;0.5;0.25806451612903225;0.6521739130434783;0.0;0.0;0.0;0.0;0.0;0
2016;1;23;10;0;1;0;0.0;1.0;0.5;0.7419354838709677;0.43478260869565216;0.0;0.012345679012345678;0.0;0.0;0.0;0
2016;1;28;4;30;0;0;0.0;1.0;0.5;0.9032258064516129;0.17391304347826086;1.0;0.0;0.0;0.0;0.0;0
2016;1;7;18;0;0;0;0.0;1.0;0.5;0.22580645161290322;0.782608695652174;0.0;0.0;0.0;0.0;0.0;0
2016;1;19;3;30;0;0;0.0;1.0;0.5;0.6129032258064516;0.13043478260869565;1.0;0.0;0.0;0.0;0.0;0
2016;1;23;21;0;2;0;0.0;1.0;0.5;0.7419354838709677;0.9130434782608695;0.0;0.024691358024691357;0.0;0.0;0.0;0
2016;1;23;16;30;3;0;0.0;1.0;0.5;0.7419354838709677;0.6956521739130435;1.0;0.037037037037037035;0.0;0.0;0.0;0
2016;1;7;2;30;0;0;0.0;1.0;0.5;0.22580645161290322;0.08695652173913043;1.0;0.0;0.0;0.0;0.0;0
2016;1;27;1;30;1;0;0.0;1.0;0.5;0.8709677419354839;0.043478260869565216;1.0;0.012345679012345678;0.0;0.0;0.0;0
2016;1;20;12;30;2;0;0.0;1.0;0.5;0.6451612903225806;0.5217391304347826;1.0;0.024691358024691357;0.0;0.0;0.0;0
2016;1;29;6;30;0;0;0.0;1.0;0.5;0.9354838709677419;0.2608695652173913;1.0;0.0;0.0;0.0;0.0;0
2016;1;6;12;30;1;0;0.0;1.0;0.5;0.1935483870967742;0.5217391304347826;1.0;0.012345679012345678;0.0;0.0;0.0;0
2016;1;15;18;30;0;0;0.0;1.0;0.5;0.4838709677419355;0.782608695652174;1.0;0.0;0.0;0.0;0.0;0
2016;1;16;3;0;0;0;0.0;1.0;0.5;0.5161290322580645;0.13043478260869565;0.0;0.0;0.0;0.0;0.0;0
2016;1;15;22;0;1;0;0.0;1.0;0.5;0.4838709677419355;0.9565217391304348;0.0;0.012345679012345678;0.0;0.0;0.0;0
2016;1;31;22;30;0;0;0.0;1.0;0.5;1.0;0.9565217391304348;1.0;0.0;0.0;0.0;0.0;0
2016;1;22;19;0;3;0;0.0;1.0;0.5;0.7096774193548387;0.8260869565217391;0.0;0.037037037037037035;0.0;0.0;0.0;0
2016;1;9;23;30;0;0;0.0;1.0;0.5;0.2903225806451613;1.0;1.0;0.0;0.0;0.0;0.0;0
2016;1;4;7;30;0;0;0.0;1.0;0.5;0.12903225806451613;0.30434782608695654;1.0;0.0;0.0;0.0;0.0;0
2016;1;18;16;30;4;0;0.2;1.0;0.5;0.5806451612903226;0.6956521739130435;1.0;0.04938271604938271;0.0;0.004830917874396136;0.0;0
2016;1;26;1;0;0;0;13.6;1.0;0.5;0.8387096774193549;0.043478260869565216;0.0;0.0;0.0;0.3285024154589372;0.0;0
2016;1;9;13;0;0;0;0.0;1.0;0.5;0.2903225806451613;0.5652173913043478;0.0;0.0;0.0;0.0;0.0;0
2016;1;9;9;0;0;0;0.0;1.0;0.5;0.2903225806451613;0.391304347826087;0.0;0.0;0.0;0.0;0.0;0
2016;1;15;2;30;0;0;0.0;1.0;0.5;0.4838709677419355;0.08695652173913043;1.0;0.0;0.0;0.0;0.0;0
2016;1;1;7;30;0;0;0.0;1.0;0.5;0.03225806451612903;0.30434782608695654;1.0;0.0;0.0;0.0;0.0;0
2016;1;27;11;0;0;0;0.0;1.0;0.5;0.8709677419354839;0.4782608695652174;0.0;0.0;0.0;0.0;0.0;0
2016;1;27;12;0;2;0;0.0;1.0;0.5;0.8709677419354839;0.5217391304347826;0.0;0.024691358024691357;0.0;0.0;0.0;0
2016;1;14;1;0;1;0;0.0;1.0;0.5;0.45161290322580644;0.043478260869565216;0.0;0.012345679012345678;0.0;0.0;0.0;0
2016;1;11;20;30;3;0;0.0;1.0;0.5;0.3548387096774194;0.8695652173913043;1.0;0.037037037037037035;0.0;0.0;0.0;0
2016;1;26;5;0;0;0;0.0;1.0;0.5;0.8387096774193549;0.21739130434782608;0.0;0.0;0.0;0.0;0.0;0
2016;1;3;1;0;0;0;0.0;1.0;0.5;0.0967741935483871;0.043478260869565216;0.0;0.0;0.0;0.0;0.0;0
2016;1;12;15;0;3;0;0.0;1.0;0.5;0.3870967741935484;0.6521739130434783;0.0;0.037037037037037035;0.0;0.0;0.0;0
2016;1;11;17;30;2;0;0.0;1.0;0.5;0.3548387096774194;0.7391304347826086;1.0;0.024691358024691357;0.0;0.0;0.0;0
2016;1;26;18;30;0;0;0.0;1.0;0.5;0.8387096774193549;0.782608695652174;1.0;0.0;0.0;0.0;0.0;0
2016;1;21;19;30;4;0;0.0;1.0;0.5;0.6774193548387096;0.8260869565217391;1.0;0.04938271604938271;0.0;0.0;0.0;0
2016;1;9;19;0;0;0;0.0;1.0;0.5;0.2903225806451613;0.8260869565217391;0.0;0.0;0.0;0.0;0.0;0
2016;1;19;7;30;0;0;0.0;1.0;0.5;0.6129032258064516;0.30434782608695654;1.0;0.0;0.0;0.0;0.0;0
2016;1;21;0;0;6;0;0.0;1.0;0.5;0.6774193548387096;0.0;0.0;0.07407407407407407;0.0;0.0;0.0;0
2016;1;24;19;0;4;0;0.0;1.0;0.5;0.7741935483870968;0.8260869565217391;0.0;0.04938271604938271;0.0;0.0;0.0;0
2016;1;17;8;30;0;0;0.0;1.0;0.5;0.5483870967741935;0.34782608695652173;1.0;0.0;0.0;0.0;0.0;0
2016;1;4;0;0;0;0;0.0;1.0;0.5;0.12903225806451613;0.0;0.0;0.0;0.0;0.0;0.0;0
2016;1;4;5;0;0;0;0.0;1.0;0.5;0.12903225806451613;0.21739130434782608;0.0;0.0;0.0;0.0;0.0;0
2016;1;11;1;30;0;0;0.0;1.0;0.5;0.3548387096774194;0.043478260869565216;1.0;0.0;0.0;0.0;0.0;0
2016;1;20;11;30;0;0;0.0;1.0;0.5;0.6451612903225806;0.4782608695652174;1.0;0.0;0.0;0.0;0.0;0
2016;1;19;2;30;0;0;0.0;1.0;0.5;0.6129032258064516;0.08695652173913043;1.0;0.0;0.0;0.0;0.0;0
2016;1;31;11;30;1;0;0.0;1.0;0.5;1.0;0.4782608695652174;1.0;0.012345679012345678;0.0;0.0;0.0;0
2016;1;19;10;30;0;0;0.0;1.0;0.5;0.6129032258064516;0.43478260869565216;1.0;0.0;0.0;0.0;0.0;0
2016;1;22;19;30;1;0;0.0;1.0;0.5;0.7096774193548387;0.8260869565217391;1.0;0.012345679012345678;0.0;0.0;0.0;0
2016;1;1;9;0;0;0;0.0;1.0;0.5;0.03225806451612903;0.391304347826087;0.0;0.0;0.0;0.0;0.0;0
2016;1;4;15;0;0;0;0.0;1.0;0.5;0.12903225806451613;0.6521739130434783;0.0;0.0;0.0;0.0;0.0;0
2016;1;22;21;0;1;0;0.0;1.0;0.5;0.7096774193548387;0.9130434782608695;0.0;0.012345679012345678;0.0;0.0;0.0;0
2016;1;7;5;0;0;0;0.0;1.0;0.5;0.22580645161290322;0.21739130434782608;0.0;0.0;0.0;0.0;0.0;0
2016;1;30;2;0;0;0;0.0;1.0;0.5;0.967741935483871;0.08695652173913043;0.0;0.0;0.0;0.0;0.0;0
2016;1;22;8;0;0;0;0.0;1.0;0.5;0.7096774193548387;0.34782608695652173;0.0;0.0;0.0;0.0;0.0;0
2016;1;2;16;30;1;0;1.18;1.0;0.5;0.06451612903225806;0.6956521739130435;1.0;0.012345679012345678;0.0;0.028502415458937197;0.39;0
2016;1;20;11;0;0;0;0.0;1.0;0.5;0.6451612903225806;0.4782608695652174;0.0;0.0;0.0;0.0;0.0;0
2016;1;31;19;0;0;0;0.0;1.0;0.5;1.0;0.8260869565217391;0.0;0.0;0.0;0.0;0.0;0
2016;1;11;3;0;0;0;0.0;1.0;0.5;0.3548387096774194;0.13043478260869565;0.0;0.0;0.0;0.0;0.0;0
2016;1;3;12;30;1;0;0.0;1.0;0.5;0.0967741935483871;0.5217391304347826;1.0;0.012345679012345678;0.0;0.0;0.0;0
2016;1;12;18;30;0;0;0.0;1.0;0.5;0.3870967741935484;0.782608695652174;1.0;0.0;0.0;0.0;0.0;0
2016;1;26;1;30;0;0;0.0;1.0;0.5;0.8387096774193549;0.043478260869565216;1.0;0.0;0.0;0.0;0.0;0
2016;1;6;18;30;0;0;0.0;1.0;0.5;0.1935483870967742;0.782608695652174;1.0;0.0;0.0;0.0;0.0;0
2016;1;22;14;0;1;0;0.0;1.0;0.5;0.7096774193548387;0.6086956521739131;0.0;0.012345679012345678;0.0;0.0;0.0;0
2016;1;19;23;0;0;0;0.0;1.0;0.5;0.6129032258064516;1.0;0.0;0.0;0.0;0.0;0.0;0
2016;1;25;5;30;0;0;0.0;1.0;0.5;0.8064516129032258;0.21739130434782608;1.0;0.0;0.0;0.0;0.0;0
2016;1;29;3;0;0;0;0.0;1.0;0.5;0.9354838709677419;0.13043478260869565;0.0;0.0;0.0;0.0;0.0;0
2016;1;11;13;30;2;1;0.0;1.0;0.5;0.3548387096774194;0.5652173913043478;1.0;0.024691358024691357;0.5;0.0;0.0;0
2016;1;25;16;30;2;0;0.0;1.0;0.5;0.8064516129032258;0.6956521739130435;1.0;0.024691358024691357;0.0;0.0;0.0;0
2016;1;2;7;0;0;0;0.0;1.0;0.5;0.06451612903225806;0.30434782608695654;0.0;0.0;0.0;0.0;0.0;0
2016;1;24;8;30;0;0;0.0;1.0;0.5;0.7741935483870968;0.34782608695652173;1.0;0.0;0.0;0.0;0.2;0
2016;1;21;23;0;7;0;0.0;1.0;0.5;0.6774193548387096;1.0;0.0;0.08641975308641975;0.0;0.0;0.0;0
2016;1;9;3;30;0;0;0.0;1.0;0.5;0.2903225806451613;0.13043478260869565;1.0;0.0;0.0;0.0;0.0;0
2016;1;6;3;30;0;0;0.0;1.0;0.5;0.1935483870967742;0.13043478260869565;1.0;0.0;0.0;0.0;0.0;0
2016;1;29;3;30;0;0;0.0;1.0;0.5;0.9354838709677419;0.13043478260869565;1.0;0.0;0.0;0.0;0.0;0
2016;1;2;19;30;1;0;0.0;1.0;0.5;0.06451612903225806;0.8260869565217391;1.0;0.012345679012345678;0.0;0.0;5.6;1
2016;1;18;4;0;5;0;0.0;1.0;0.5;0.5806451612903226;0.17391304347826086;0.0;0.06172839506172839;0.0;0.0;0.0;0
2016;1;8;15;30;0;0;0.0;1.0;0.5;0.25806451612903225;0.6521739130434783;1.0;0.0;0.0;0.0;0.0;0
2016;1;22;7;0;1;0;0.0;1.0;0.5;0.7096774193548387;0.30434782608695654;0.0;0.012345679012345678;0.0;0.0;0.0;0
2016;1;24;16;30;0;0;0.0;1.0;0.5;0.7741935483870968;0.6956521739130435;1.0;0.0;0.0;0.0;0.0;0
2016;1;30;16;30;1;0;0.0;1.0;0.5;0.967741935483871;0.6956521739130435;1.0;0.012345679012345678;0.0;0.0;0.0;0
2016;1;25;3;0;0;0;0.0;1.0;0.5;0.8064516129032258;0.13043478260869565;0.0;0.0;0.0;0.0;0.0;0
2016;1;31;19;30;4;0;0.0;1.0;0.5;1.0;0.8260869565217391;1.0;0.04938271604938271;0.0;0.0;0.0;0
2016;1;17;9;0;0;0;0.0;1.0;0.5;0.5483870967741935;0.391304347826087;0.0;0.0;0.0;0.0;0.0;0
2016;1;19;15;0;0;0;0.0;1.0;0.5;0.6129032258064516;0.6521739130434783;0.0;0.0;0.0;0.0;0.0;0
2016;1;31;20;0;2;0;0.0;1.0;0.5;1.0;0.8695652173913043;0.0;0.024691358024691357;0.0;0.0;0.0;0
2016;1;20;14;0;0;0;0.0;1.0;0.5;0.6451612903225806;0.6086956521739131;0.0;0.0;0.0;0.0;0.0;0
2016;1;19;3;0;0;0;0.0;1.0;0.5;0.6129032258064516;0.13043478260869565;0.0;0.0;0.0;0.0;0.0;0
2016;1;23;4;0;0;0;0.0;1.0;0.5;0.7419354838709677;0.17391304347826086;0.0;0.0;0.0;0.0;0.0;0
2016;1;14;20;0;2;0;0.0;1.0;0.5;0.45161290322580644;0.8695652173913043;0.0;0.024691358024691357;0.0;0.0;0.0;0
2016;1;31;1;0;0;0;0.0;1.0;0.5;1.0;0.043478260869565216;0.0;0.0;0.0;0.0;0.0;0
2016;1;5;23;0;2;0;0.0;1.0;0.5;0.16129032258064516;1.0;0.0;0.024691358024691357;0.0;0.0;0.0;0
2016;1;2;4;0;0;0;0.0;1.0;0.5;0.06451612903225806;0.17391304347826086;0.0;0.0;0.0;0.0;0.0;0
2016;1;10;19;0;1;0;0.0;1.0;0.5;0.3225806451612903;0.8260869565217391;0.0;0.012345679012345678;0.0;0.0;0.0;0
2016;1;2;20;30;0;0;0.0;1.0;0.5;0.06451612903225806;0.8695652173913043;1.0;0.0;0.0;0.0;0.0;0
2016;1;15;0;30;0;0;0.0;1.0;0.5;0.4838709677419355;0.0;1.0;0.0;0.0;0.0;0.0;0
2016;1;24;15;0;6;0;0.0;1.0;0.5;0.7741935483870968;0.6521739130434783;0.0;0.07407407407407407;0.0;0.0;0.0;0
2016;1;16;11;30;0;0;0.0;1.0;0.5;0.5161290322580645;0.4782608695652174;1.0;0.0;0.0;0.0;0.0;0
2016;1;30;14;0;1;0;0.0;1.0;0.5;0.967741935483871;0.6086956521739131;0.0;0.012345679012345678;0.0;0.0;0.0;0
2016;1;3;22;0;1;0;0.0;1.0;0.5;0.0967741935483871;0.9565217391304348;0.0;0.012345679012345678;0.0;0.0;0.0;0
2016;1;1;20;0;0;0;0.0;1.0;0.5;0.03225806451612903;0.8695652173913043;0.0;0.0;0.0;0.0;0.0;0
2016;1;30;1;30;0;0;0.0;1.0;0.5;0.967741935483871;0.043478260869565216;1.0;0.0;0.0;0.0;0.0;0
2016;1;27;2;0;0;0;0.0;1.0;0.5;0.8709677419354839;0.08695652173913043;0.0;0.0;0.0;0.0;0.0;0
2016;1;23;14;0;0;0;0.0;1.0;0.5;0.7419354838709677;0.6086956521739131;0.0;0.0;0.0;0.0;0.0;0
2016;1;4;23;0;2;0;0.0;1.0;0.5;0.12903225806451613;1.0;0.0;0.024691358024691357;0.0;0.0;0.0;0
2016;1;1;14;0;1;0;0.0;1.0;0.5;0.03225806451612903;0.6086956521739131;0.0;0.012345679012345678;0.0;0.0;0.0;0
2016;1;25;10;0;2;0;0.0;1.0;0.5;0.8064516129032258;0.43478260869565216;0.0;0.024691358024691357;0.0;0.0;0.0;0
2016;1;3;8;0;0;0;0.0;1.0;0.5;0.0967741935483871;0.34782608695652173;0.0;0.0;0.0;0.0;0.0;0
2016;1;20;1;0;0;0;0.0;1.0;0.5;0.6451612903225806;0.043478260869565216;0.0;0.0;0.0;0.0;0.0;0
2016;1;19;20;30;0;0;0.0;1.0;0.5;0.6129032258064516;0.8695652173913043;1.0;0.0;0.0;0.0;0.0;0
2016;1;10;6;30;0;0;0.0;1.0;0.5;0.3225806451612903;0.2608695652173913;1.0;0.0;0.0;0.0;0.0;0
2016;1;9;19;30;0;0;0.0;1.0;0.5;0.2903225806451613;0.8260869565217391;1.0;0.0;0.0;0.0;0.0;0
2016;1;19;11;30;0;0;0.0;1.0;0.5;0.6129032258064516;0.4782608695652174;1.0;0.0;0.0;0.0;0.0;0
2016;1;6;18;0;2;0;0.0;1.0;0.5;0.1935483870967742;0.782608695652174;0.0;0.024691358024691357;0.0;0.0;0.0;0
2016;1;13;22;30;7;0;0.0;1.0;0.5;0.41935483870967744;0.9565217391304348;1.0;0.08641975308641975;0.0;0.0;0.0;0
2016;1;26;11;0;1;0;0.0;1.0;0.5;0.8387096774193549;0.4782608695652174;0.0;0.012345679012345678;0.0;0.0;0.0;0
2016;1;19;12;0;1;0;0.0;1.0;0.5;0.6129032258064516;0.5217391304347826;0.0;0.012345679012345678;0.0;0.0;0.0;0
2016;1;14;6;30;0;0;0.0;1.0;0.5;0.45161290322580644;0.2608695652173913;1.0;0.0;0.0;0.0;0.0;0
2016;1;30;13;0;2;0;0.0;1.0;0.5;0.967741935483871;0.5652173913043478;0.0;0.024691358024691357;0.0;0.0;0.0;0
2016;1;18;18;30;4;0;0.0;1.0;0.5;0.5806451612903226;0.782608695652174;1.0;0.04938271604938271;0.0;0.0;0.0;0
2016;1;28;19;30;1;0;0.0;1.0;0.5;0.9032258064516129;0.8260869565217391;1.0;0.012345679012345678;0.0;0.0;0.0;0
2016;1;17;18;30;3;0;0.0;1.0;0.5;0.5483870967741935;0.782608695652174;1.0;0.037037037037037035;0.0;0.0;0.0;0
2016;1;6;0;0;3;0;0.0;1.0;0.5;0.1935483870967742;0.0;0.0;0.037037037037037035;0.0;0.0;0.0;0
2016;1;10;17;0;1;0;0.0;1.0;0.5;0.3225806451612903;0.7391304347826086;0.0;0.012345679012345678;0.0;0.0;0.0;0
2016;1;20;21;0;0;0;0.0;1.0;0.5;0.6451612903225806;0.9130434782608695;0.0;0.0;0.0;0.0;0.0;0
2016;1;18;23;0;1;0;0.0;1.0;0.5;0.5806451612903226;1.0;0.0;0.012345679012345678;0.0;0.0;0.0;0
2016;1;18;1;30;0;0;0.0;1.0;0.5;0.5806451612903226;0.043478260869565216;1.0;0.0;0.0;0.0;0.0;0
2016;1;12;21;0;0;0;0.0;1.0;0.5;0.3870967741935484;0.9130434782608695;0.0;0.0;0.0;0.0;0.0;0
2016;1;3;5;0;0;0;0.0;1.0;0.5;0.0967741935483871;0.21739130434782608;0.0;0.0;0.0;0.0;0.0;0
2016;1;26;10;0;0;0;0.0;1.0;0.5;0.8387096774193549;0.43478260869565216;0.0;0.0;0.0;0.0;0.0;0
2016;1;29;2;0;0;0;0.0;1.0;0.5;0.9354838709677419;0.08695652173913043;0.0;0.0;0.0;0.0;0.0;0
2016;1;20;6;30;0;0;0.0;1.0;0.5;0.6451612903225806;0.2608695652173913;1.0;0.0;0.0;0.0;0.0;0
2016;1;27;3;0;1;0;0.0;1.0;0.5;0.8709677419354839;0.13043478260869565;0.0;0.012345679012345678;0.0;0.0;0.0;0
2016;1;25;19;0;1;1;0.0;1.0;0.5;0.8064516129032258;0.8260869565217391;0.0;0.012345679012345678;0.5;0.0;0.0;0
2016;1;27;13;0;2;0;0.0;1.0;0.5;0.8709677419354839;0.5652173913043478;0.0;0.024691358024691357;0.0;0.0;0.0;0
2016;1;27;6;0;0;0;0.0;1.0;0.5;0.8709677419354839;0.2608695652173913;0.0;0.0;0.0;0.0;0.0;0
2016;1;19;0;30;2;0;0.0;1.0;0.5;0.6129032258064516;0.0;1.0;0.024691358024691357;0.0;0.0;0.0;0
2016;1;3;20;30;1;0;0.0;1.0;0.5;0.0967741935483871;0.8695652173913043;1.0;0.012345679012345678;0.0;0.0;0.0;0
2016;1;7;1;30;1;0;0.0;1.0;0.5;0.22580645161290322;0.043478260869565216;1.0;0.012345679012345678;0.0;0.0;0.0;0
2016;1;5;19;30;1;0;0.0;1.0;0.5;0.16129032258064516;0.8260869565217391;1.0;0.012345679012345678;0.0;0.0;0.0;0
2016;1;20;16;0;0;0;0.0;1.0;0.5;0.6451612903225806;0.6956521739130435;0.0;0.0;0.0;0.0;0.0;0
2016;1;30;5;30;0;0;0.0;1.0;0.5;0.967741935483871;0.21739130434782608;1.0;0.0;0.0;0.0;0.0;0
2016;1;20;4;30;0;0;0.0;1.0;0.5;0.6451612903225806;0.17391304347826086;1.0;0.0;0.0;0.0;0.0;0
2016;1;9;21;30;0;0;0.0;1.0;0.5;0.2903225806451613;0.9130434782608695;1.0;0.0;0.0;0.0;0.0;0
2016;1;17;15;30;1;0;0.0;1.0;0.5;0.5483870967741935;0.6521739130434783;1.0;0.012345679012345678;0.0;0.0;0.0;0
2016;1;6;17;30;0;0;0.0;1.0;0.5;0.1935483870967742;0.7391304347826086;1.0;0.0;0.0;0.0;0.0;0
2016;1;26;9;30;1;0;0.0;1.0;0.5;0.8387096774193549;0.391304347826087;1.0;0.012345679012345678;0.0;0.0;0.0;0
2016;1;13;9;30;0;0;0.0;1.0;0.5;0.41935483870967744;0.391304347826087;1.0;0.0;0.0;0.0;0.0;0
2016;1;9;1;0;0;0;0.0;1.0;0.5;0.2903225806451613;0.043478260869565216;0.0;0.0;0.0;0.0;0.0;0
2016;1;5;16;30;0;0;0.0;1.0;0.5;0.16129032258064516;0.6956521739130435;1.0;0.0;0.0;0.0;0.0;0
2016;1;10;8;0;1;0;0.0;1.0;0.5;0.3225806451612903;0.34782608695652173;0.0;0.012345679012345678;0.0;0.0;0.0;0
2016;1;29;7;0;0;0;0.0;1.0;0.5;0.9354838709677419;0.30434782608695654;0.0;0.0;0.0;0.0;0.0;0
2016;1;9;9;30;1;0;0.0;1.0;0.5;0.2903225806451613;0.391304347826087;1.0;0.012345679012345678;0.0;0.0;0.0;0
2016;1;18;5;30;1;0;0.0;1.0;0.5;0.5806451612903226;0.21739130434782608;1.0;0.012345679012345678;0.0;0.0;0.0;0
2016;1;8;5;30;0;0;0.0;1.0;0.5;0.25806451612903225;0.21739130434782608;1.0;0.0;0.0;0.0;0.0;0
2016;1;5;6;30;0;0;0.0;1.0;0.5;0.16129032258064516;0.2608695652173913;1.0;0.0;0.0;0.0;0.0;0
2016;1;24;10;0;0;0;0.0;1.0;0.5;0.7741935483870968;0.43478260869565216;0.0;0.0;0.0;0.0;0.0;0
2016;1;31;3;30;0;0;0.0;1.0;0.5;1.0;0.13043478260869565;1.0;0.0;0.0;0.0;0.0;0
2016;1;12;10;30;1;0;0.0;1.0;0.5;0.3870967741935484;0.43478260869565216;1.0;0.012345679012345678;0.0;0.0;0.0;0
2016;1;13;20;0;1;0;0.0;1.0;0.5;0.41935483870967744;0.8695652173913043;0.0;0.012345679012345678;0.0;0.0;0.0;0
2016;1;21;6;0;1;0;0.0;1.0;0.5;0.6774193548387096;0.2608695652173913;0.0;0.012345679012345678;0.0;0.0;0.0;0
2016;1;31;18;30;3;0;0.0;1.0;0.5;1.0;0.782608695652174;1.0;0.037037037037037035;0.0;0.0;0.0;0
2016;1;12;3;0;0;0;0.0;1.0;0.5;0.3870967741935484;0.13043478260869565;0.0;0.0;0.0;0.0;0.0;0
2016;1;18;20;30;4;0;0.0;1.0;0.5;0.5806451612903226;0.8695652173913043;1.0;0.04938271604938271;0.0;0.0;0.0;0
2016;1;15;16;0;0;0;0.0;1.0;0.5;0.4838709677419355;0.6956521739130435;0.0;0.0;0.0;0.0;0.0;0
2016;1;2;14;0;2;0;0.2;1.0;0.5;0.06451612903225806;0.6086956521739131;0.0;0.024691358024691357;0.0;0.004830917874396136;1.58;0
2016;1;12;2;30;0;0;0.0;1.0;0.5;0.3870967741935484;0.08695652173913043;1.0;0.0;0.0;0.0;0.0;0
2016;1;11;5;30;0;0;0.0;1.0;0.5;0.3548387096774194;0.21739130434782608;1.0;0.0;0.0;0.0;0.0;0
2016;1;24;11;30;2;0;0.4;1.0;0.5;0.7741935483870968;0.4782608695652174;1.0;0.024691358024691357;0.0;0.009661835748792272;0.0;0
2016;1;22;3;30;0;0;0.0;1.0;0.5;0.7096774193548387;0.13043478260869565;1.0;0.0;0.0;0.0;0.0;0
2016;1;10;18;30;2;0;0.0;1.0;0.5;0.3225806451612903;0.782608695652174;1.0;0.024691358024691357;0.0;0.0;0.0;0
2016;1;17;7;0;1;0;0.0;1.0;0.5;0.5483870967741935;0.30434782608695654;0.0;0.012345679012345678;0.0;0.0;0.0;0
2016;1;10;5;30;0;0;0.0;1.0;0.5;0.3225806451612903;0.21739130434782608;1.0;0.0;0.0;0.0;0.0;0
2016;1;8;13;0;0;0;0.0;1.0;0.5;0.25806451612903225;0.5652173913043478;0.0;0.0;0.0;0.0;0.0;0
2016;1;15;12;0;1;1;0.0;1.0;0.5;0.4838709677419355;0.5217391304347826;0.0;0.012345679012345678;0.5;0.0;0.0;0
2016;1;18;14;0;2;0;0.0;1.0;0.5;0.5806451612903226;0.6086956521739131;0.0;0.024691358024691357;0.0;0.0;0.0;0
2016;1;28;9;0;8;0;0.0;1.0;0.5;0.9032258064516129;0.391304347826087;0.0;0.09876543209876543;0.0;0.0;0.0;0
2016;1;9;8;30;0;0;0.0;1.0;0.5;0.2903225806451613;0.34782608695652173;1.0;0.0;0.0;0.0;0.0;0
2016;1;20;20;0;3;0;0.0;1.0;0.5;0.6451612903225806;0.8695652173913043;0.0;0.037037037037037035;0.0;0.0;0.0;0
2016;1;2;6;0;0;0;0.0;1.0;0.5;0.06451612903225806;0.2608695652173913;0.0;0.0;0.0;0.0;0.0;0
2016;1;6;21;0;0;0;0.0;1.0;0.5;0.1935483870967742;0.9130434782608695;0.0;0.0;0.0;0.0;0.0;0
2016;1;9;10;0;1;0;0.0;1.0;0.5;0.2903225806451613;0.43478260869565216;0.0;0.012345679012345678;0.0;0.0;0.0;0
2016;1;4;6;0;0;0;0.0;1.0;0.5;0.12903225806451613;0.2608695652173913;0.0;0.0;0.0;0.0;0.0;0
2016;1;10;2;0;0;0;0.0;1.0;0.5;0.3225806451612903;0.08695652173913043;0.0;0.0;0.0;0.0;0.0;0
2016;1;20;23;30;3;0;0.0;1.0;0.5;0.6451612903225806;1.0;1.0;0.037037037037037035;0.0;0.0;0.0;0
2016;1;29;8;0;1;0;0.0;1.0;0.5;0.9354838709677419;0.34782608695652173;0.0;0.012345679012345678;0.0;0.0;0.0;0
2016;1;19;10;0;1;0;0.0;1.0;0.5;0.6129032258064516;0.43478260869565216;0.0;0.012345679012345678;0.0;0.0;0.0;0
2016;1;24;1;0;0;0;0.0;1.0;0.5;0.7741935483870968;0.043478260869565216;0.0;0.0;0.0;0.0;0.0;0
2016;1;5;19;0;0;0;0.0;1.0;0.5;0.16129032258064516;0.8260869565217391;0.0;0.0;0.0;0.0;0.0;0
2016;1;22;13;0;2;0;0.0;1.0;0.5;0.7096774193548387;0.5652173913043478;0.0;0.024691358024691357;0.0;0.0;0.0;0
2016;1;23;19;30;0;0;0.0;1.0;0.5;0.7419354838709677;0.8260869565217391;1.0;0.0;0.0;0.0;0.0;0
2016;1;2;7;30;4;0;0.0;1.0;0.5;0.06451612903225806;0.30434782608695654;1.0;0.04938271604938271;0.0;0.0;0.0;0
2016;1;30;18;0;0;0;0.0;1.0;0.5;0.967741935483871;0.782608695652174;0.0;0.0;0.0;0.0;0.0;0
2016;1;2;22;30;0;0;0.0;1.0;0.5;0.06451612903225806;0.9565217391304348;1.0;0.0;0.0;0.0;0.0;0
2016;1;11;19;30;0;0;0.0;1.0;0.5;0.3548387096774194;0.8260869565217391;1.0;0.0;0.0;0.0;0.0;0
2016;1;4;2;30;0;0;0.0;1.0;0.5;0.12903225806451613;0.08695652173913043;1.0;0.0;0.0;0.0;0.0;0
2016;1;7;10;0;0;0;0.0;1.0;0.5;0.22580645161290322;0.43478260869565216;0.0;0.0;0.0;0.0;0.0;0
2016;1;6;21;30;1;0;0.0;1.0;0.5;0.1935483870967742;0.9130434782608695;1.0;0.012345679012345678;0.0;0.0;0.0;0
2016;1;7;22;30;1;0;0.0;1.0;0.5;0.22580645161290322;0.9565217391304348;1.0;0.012345679012345678;0.0;0.0;0.0;0
2016;1;22;14;30;0;0;0.0;1.0;0.5;0.7096774193548387;0.6086956521739131;1.0;0.0;0.0;0.0;0.0;0
2016;1;30;21;30;0;0;0.0;1.0;0.5;0.967741935483871;0.9130434782608695;1.0;0.0;0.0;0.0;0.0;0
2016;1;31;15;30;2;0;0.0;1.0;0.5;1.0;0.6521739130434783;1.0;0.024691358024691357;0.0;0.0;0.0;0
2016;1;7;20;0;4;0;0.0;1.0;0.5;0.22580645161290322;0.8695652173913043;0.0;0.04938271604938271;0.0;0.0;0.0;0
2016;1;12;1;0;0;0;0.0;1.0;0.5;0.3870967741935484;0.043478260869565216;0.0;0.0;0.0;0.0;0.0;0
2016;1;11;15;0;0;0;0.0;1.0;0.5;0.3548387096774194;0.6521739130434783;0.0;0.0;0.0;0.0;0.0;0
2016;1;15;15;30;0;0;0.0;1.0;0.5;0.4838709677419355;0.6521739130434783;1.0;0.0;0.0;0.0;0.0;0
2016;1;13;8;0;1;0;0.0;1.0;0.5;0.41935483870967744;0.34782608695652173;0.0;0.012345679012345678;0.0;0.0;0.0;0
2016;1;15;10;30;2;0;0.0;1.0;0.5;0.4838709677419355;0.43478260869565216;1.0;0.024691358024691357;0.0;0.0;0.0;0
2016;1;25;18;0;0;0;0.0;1.0;0.5;0.8064516129032258;0.782608695652174;0.0;0.0;0.0;0.0;0.0;0
2016;1;23;19;0;3;0;0.0;1.0;0.5;0.7419354838709677;0.8260869565217391;0.0;0.037037037037037035;0.0;0.0;0.0;0
2016;1;30;10;30;1;0;0.0;1.0;0.5;0.967741935483871;0.43478260869565216;1.0;0.012345679012345678;0.0;0.0;0.0;0
2016;1;24;5;30;0;0;0.0;1.0;0.5;0.7741935483870968;0.21739130434782608;1.0;0.0;0.0;0.0;0.0;0
2016;1;23;18;0;3;0;0.0;1.0;0.5;0.7419354838709677;0.782608695652174;0.0;0.037037037037037035;0.0;0.0;0.0;0
2016;1;19;1;30;0;0;0.0;1.0;0.5;0.6129032258064516;0.043478260869565216;1.0;0.0;0.0;0.0;0.0;0
2016;1;17;0;30;1;0;0.0;1.0;0.5;0.5483870967741935;0.0;1.0;0.012345679012345678;0.0;0.0;0.0;0
2016;1;6;9;30;0;0;0.0;1.0;0.5;0.1935483870967742;0.391304347826087;1.0;0.0;0.0;0.0;0.0;0
2016;1;29;15;0;1;0;0.0;1.0;0.5;0.9354838709677419;0.6521739130434783;0.0;0.012345679012345678;0.0;0.0;0.0;0
2016;1;29;9;30;0;0;0.0;1.0;0.5;0.9354838709677419;0.391304347826087;1.0;0.0;0.0;0.0;0.0;0
2016;1;22;2;0;0;0;0.0;1.0;0.5;0.7096774193548387;0.08695652173913043;0.0;0.0;0.0;0.0;0.0;0
2016;1;30;12;0;3;0;0.0;1.0;0.5;0.967741935483871;0.5217391304347826;0.0;0.037037037037037035;0.0;0.0;0.0;0
2016;1;26;5;30;1;0;0.0;1.0;0.5;0.8387096774193549;0.21739130434782608;1.0;0.012345679012345678;0.0;0.0;0.0;0
2016;1;26;19;0;0;0;0.0;1.0;0.5;0.8387096774193549;0.8260869565217391;0.0;0.0;0.0;0.0;0.0;0
2016;1;11;15;30;1;0;0.0;1.0;0.5;0.3548387096774194;0.6521739130434783;1.0;0.012345679012345678;0.0;0.0;0.0;0
2016;1;5;11;30;0;0;0.0;1.0;0.5;0.16129032258064516;0.4782608695652174;1.0;0.0;0.0;0.0;0.0;0
2016;1;21;18;30;0;0;0.0;1.0;0.5;0.6774193548387096;0.782608695652174;1.0;0.0;0.0;0.0;0.0;0
2016;1;28;14;0;0;0;0.0;1.0;0.5;0.9032258064516129;0.6086956521739131;0.0;0.0;0.0;0.0;0.0;0
2016;1;26;8;30;0;0;0.0;1.0;0.5;0.8387096774193549;0.34782608695652173;1.0;0.0;0.0;0.0;0.0;0
2016;1;16;20;30;2;0;0.0;1.0;0.5;0.5161290322580645;0.8695652173913043;1.0;0.024691358024691357;0.0;0.0;0.0;0
2016;1;26;11;30;1;0;0.0;1.0;0.5;0.8387096774193549;0.4782608695652174;1.0;0.012345679012345678;0.0;0.0;0.0;0
2016;1;10;21;30;2;0;0.0;1.0;0.5;0.3225806451612903;0.9130434782608695;1.0;0.024691358024691357;0.0;0.0;0.0;0
2016;1;18;11;30;0;0;0.0;1.0;0.5;0.5806451612903226;0.4782608695652174;1.0;0.0;0.0;0.0;0.0;0
2016;1;9;17;0;0;0;0.0;1.0;0.5;0.2903225806451613;0.7391304347826086;0.0;0.0;0.0;0.0;0.0;0
2016;1;10;19;30;0;0;0.0;1.0;0.5;0.3225806451612903;0.8260869565217391;1.0;0.0;0.0;0.0;0.0;0
2016;1;29;8;30;1;0;0.0;1.0;0.5;0.9354838709677419;0.34782608695652173;1.0;0.012345679012345678;0.0;0.0;0.0;0
2016;1;15;9;0;0;0;0.0;1.0;0.5;0.4838709677419355;0.391304347826087;0.0;0.0;0.0;0.0;0.0;0
2016;1;24;0;30;0;0;0.0;1.0;0.5;0.7741935483870968;0.0;1.0;0.0;0.0;0.0;0.0;0
2016;1;5;8;0;0;0;0.0;1.0;0.5;0.16129032258064516;0.34782608695652173;0.0;0.0;0.0;0.0;0.0;0
2016;1;6;12;0;0;0;0.0;1.0;0.5;0.1935483870967742;0.5217391304347826;0.0;0.0;0.0;0.0;0.0;0
2016;1;18;8;30;0;0;0.0;1.0;0.5;0.5806451612903226;0.34782608695652173;1.0;0.0;0.0;0.0;0.0;0
2016;1;7;23;30;0;0;0.0;1.0;0.5;0.22580645161290322;1.0;1.0;0.0;0.0;0.0;0.0;0
2016;1;7;3;0;0;0;0.0;1.0;0.5;0.22580645161290322;0.13043478260869565;0.0;0.0;0.0;0.0;0.0;0
2016;1;28;13;30;1;0;0.0;1.0;0.5;0.9032258064516129;0.5652173913043478;1.0;0.012345679012345678;0.0;0.0;0.0;0
2016;1;30;15;0;0;0;0.0;1.0;0.5;0.967741935483871;0.6521739130434783;0.0;0.0;0.0;0.0;0.0;0
2016;1;1;8;0;0;0;0.0;1.0;0.5;0.03225806451612903;0.34782608695652173;0.0;0.0;0.0;0.0;0.0;0
2016;1;22;21;30;0;0;0.0;1.0;0.5;0.7096774193548387;0.9130434782608695;1.0;0.0;0.0;0.0;0.0;0
2016;1;11;18;0;0;0;0.0;1.0;0.5;0.3548387096774194;0.782608695652174;0.0;0.0;0.0;0.0;0.0;0
2016;1;16;10;0;1;0;0.0;1.0;0.5;0.5161290322580645;0.43478260869565216;0.0;0.012345679012345678;0.0;0.0;0.0;0
2016;1;19;5;30;0;0;0.0;1.0;0.5;0.6129032258064516;0.21739130434782608;1.0;0.0;0.0;0.0;0.0;0
2016;1;31;1;30;3;0;0.0;1.0;0.5;1.0;0.043478260869565216;1.0;0.037037037037037035;0.0;0.0;0.0;0
2016;1;10;12;30;0;0;0.0;1.0;0.5;0.3225806451612903;0.5217391304347826;1.0;0.0;0.0;0.0;0.0;0
2016;1;22;17;30;0;0;0.0;1.0;0.5;0.7096774193548387;0.7391304347826086;1.0;0.0;0.0;0.0;0.0;0
2016;1;14;6;0;0;0;0.0;1.0;0.5;0.45161290322580644;0.2608695652173913;0.0;0.0;0.0;0.0;0.0;0
2016;1;26;14;30;0;0;0.0;1.0;0.5;0.8387096774193549;0.6086956521739131;1.0;0.0;0.0;0.0;0.0;0
2016;1;27;16;0;2;0;0.0;1.0;0.5;0.8709677419354839;0.6956521739130435;0.0;0.024691358024691357;0.0;0.0;0.0;0
2016;1;30;22;30;1;0;0.0;1.0;0.5;0.967741935483871;0.9565217391304348;1.0;0.012345679012345678;0.0;0.0;0.0;0
2016;1;1;20;30;0;0;0.0;1.0;0.5;0.03225806451612903;0.8695652173913043;1.0;0.0;0.0;0.0;1.77;0
2016;1;7;16;0;0;0;0.0;1.0;0.5;0.22580645161290322;0.6956521739130435;0.0;0.0;0.0;0.0;0.0;0
2016;1;23;1;0;0;0;0.0;1.0;0.5;0.7419354838709677;0.043478260869565216;0.0;0.0;0.0;0.0;0.0;0
2016;1;1;11;30;1;0;0.0;1.0;0.5;0.03225806451612903;0.4782608695652174;1.0;0.012345679012345678;0.0;0.0;0.0;0
2016;1;8;4;0;0;0;0.0;1.0;0.5;0.25806451612903225;0.17391304347826086;0.0;0.0;0.0;0.0;0.0;0
2016;1;25;21;0;0;0;0.0;1.0;0.5;0.8064516129032258;0.9130434782608695;0.0;0.0;0.0;0.0;0.0;0
2016;1;9;4;0;0;0;0.0;1.0;0.5;0.2903225806451613;0.17391304347826086;0.0;0.0;0.0;0.0;0.0;0
2016;1;27;17;0;0;0;0.0;1.0;0.5;0.8709677419354839;0.7391304347826086;0.0;0.0;0.0;0.0;0.0;0
2016;1;28;14;30;0;0;0.0;1.0;0.5;0.9032258064516129;0.6086956521739131;1.0;0.0;0.0;0.0;0.0;0
2016;1;25;13;30;3;0;0.0;1.0;0.5;0.8064516129032258;0.5652173913043478;1.0;0.037037037037037035;0.0;0.0;0.0;0
2016;1;1;2;30;0;0;0.0;1.0;0.5;0.03225806451612903;0.08695652173913043;1.0;0.0;0.0;0.0;0.0;0
2016;1;16;11;0;1;0;0.0;1.0;0.5;0.5161290322580645;0.4782608695652174;0.0;0.012345679012345678;0.0;0.0;0.0;0
2016;1;12;7;0;1;0;0.0;1.0;0.5;0.3870967741935484;0.30434782608695654;0.0;0.012345679012345678;0.0;0.0;0.0;0
2016;1;13;22;0;0;0;0.0;1.0;0.5;0.41935483870967744;0.9565217391304348;0.0;0.0;0.0;0.0;0.0;0
2016;1;20;3;0;0;0;0.0;1.0;0.5;0.6451612903225806;0.13043478260869565;0.0;0.0;0.0;0.0;0.0;0
2016;1;8;22;0;1;0;0.0;1.0;0.5;0.25806451612903225;0.9565217391304348;0.0;0.012345679012345678;0.0;0.0;0.0;0
2016;1;8;5;0;0;0;0.0;1.0;0.5;0.25806451612903225;0.21739130434782608;0.0;0.0;0.0;0.0;0.0;0
2016;1;23;6;0;0;0;0.0;1.0;0.5;0.7419354838709677;0.2608695652173913;0.0;0.0;0.0;0.0;0.0;0
2016;1;23;17;0;1;0;0.0;1.0;0.5;0.7419354838709677;0.7391304347826086;0.0;0.012345679012345678;0.0;0.0;0.0;0
2016;1;5;15;30;0;0;0.0;1.0;0.5;0.16129032258064516;0.6521739130434783;1.0;0.0;0.0;0.0;0.0;0
2016;1;26;16;0;0;0;0.0;1.0;0.5;0.8387096774193549;0.6956521739130435;0.0;0.0;0.0;0.0;0.0;0
2016;1;15;4;0;0;0;0.0;1.0;0.5;0.4838709677419355;0.17391304347826086;0.0;0.0;0.0;0.0;0.0;0
2016;1;19;21;30;0;0;0.0;1.0;0.5;0.6129032258064516;0.9130434782608695;1.0;0.0;0.0;0.0;0.0;0
2016;1;20;8;30;0;0;0.0;1.0;0.5;0.6451612903225806;0.34782608695652173;1.0;0.0;0.0;0.0;0.0;0
2016;1;9;21;0;0;0;0.0;1.0;0.5;0.2903225806451613;0.9130434782608695;0.0;0.0;0.0;0.0;0.0;0
2016;1;22;7;30;1;0;0.0;1.0;0.5;0.7096774193548387;0.30434782608695654;1.0;0.012345679012345678;0.0;0.0;0.0;0
2016;1;16;5;30;0;0;0.0;1.0;0.5;0.5161290322580645;0.21739130434782608;1.0;0.0;0.0;0.0;0.0;0
2016;1;8;7;0;1;0;0.0;1.0;0.5;0.25806451612903225;0.30434782608695654;0.0;0.012345679012345678;0.0;0.0;0.0;0
2016;1;30;0;0;0;0;0.0;1.0;0.5;0.967741935483871;0.0;0.0;0.0;0.0;0.0;0.0;0
2016;1;27;21;0;0;0;0.0;1.0;0.5;0.8709677419354839;0.9130434782608695;0.0;0.0;0.0;0.0;0.0;0
2016;1;6;15;0;2;0;0.0;1.0;0.5;0.1935483870967742;0.6521739130434783;0.0;0.024691358024691357;0.0;0.0;0.0;0
2016;1;29;11;0;2;0;0.0;1.0;0.5;0.9354838709677419;0.4782608695652174;0.0;0.024691358024691357;0.0;0.0;0.0;0
2016;1;19;4;0;0;0;0.0;1.0;0.5;0.6129032258064516;0.17391304347826086;0.0;0.0;0.0;0.0;0.0;0
2016;1;2;12;0;0;0;0.0;1.0;0.5;0.06451612903225806;0.5217391304347826;0.0;0.0;0.0;0.0;0.0;0
2016;1;4;8;30;0;0;0.0;1.0;0.5;0.12903225806451613;0.34782608695652173;1.0;0.0;0.0;0.0;0.0;0
2016;1;28;23;0;2;0;0.0;1.0;0.5;0.9032258064516129;1.0;0.0;0.024691358024691357;0.0;0.0;0.0;0
2016;1;16;4;30;1;0;0.0;1.0;0.5;0.5161290322580645;0.17391304347826086;1.0;0.012345679012345678;0.0;0.0;0.0;0
2016;1;7;8;30;2;0;0.0;1.0;0.5;0.22580645161290322;0.34782608695652173;1.0;0.024691358024691357;0.0;0.0;0.0;0
2016;1;28;12;0;0;0;0.0;1.0;0.5;0.9032258064516129;0.5217391304347826;0.0;0.0;0.0;0.0;0.0;0
2016;1;29;21;0;2;0;0.0;1.0;0.5;0.9354838709677419;0.9130434782608695;0.0;0.024691358024691357;0.0;0.0;0.0;0
2016;1;5;21;0;1;0;0.0;1.0;0.5;0.16129032258064516;0.9130434782608695;0.0;0.012345679012345678;0.0;0.0;0.0;0
2016;1;2;15;30;0;0;0.99;1.0;0.5;0.06451612903225806;0.6521739130434783;1.0;0.0;0.0;0.02391304347826087;0.99;0
2016;1;16;19;30;0;0;0.0;1.0;0.5;0.5161290322580645;0.8260869565217391;1.0;0.0;0.0;0.0;0.0;0
2016;1;29;4;30;0;0;0.0;1.0;0.5;0.9354838709677419;0.17391304347826086;1.0;0.0;0.0;0.0;0.0;0
2016;1;15;5;30;0;0;0.0;1.0;0.5;0.4838709677419355;0.21739130434782608;1.0;0.0;0.0;0.0;0.0;0
2016;1;18;23;30;2;0;0.0;1.0;0.5;0.5806451612903226;1.0;1.0;0.024691358024691357;0.0;0.0;0.0;0
2016;1;14;9;0;0;0;0.0;1.0;0.5;0.45161290322580644;0.391304347826087;0.0;0.0;0.0;0.0;0.0;0
2016;1;1;10;0;1;0;0.0;1.0;0.5;0.03225806451612903;0.43478260869565216;0.0;0.012345679012345678;0.0;0.0;0.0;0
2016;1;10;0;0;0;0;0.0;1.0;0.5;0.3225806451612903;0.0;0.0;0.0;0.0;0.0;0.0;0
2016;1;29;6;0;0;0;0.0;1.0;0.5;0.9354838709677419;0.2608695652173913;0.0;0.0;0.0;0.0;0.0;0
2016;1;19;23;30;1;0;0.0;1.0;0.5;0.6129032258064516;1.0;1.0;0.012345679012345678;0.0;0.0;0.0;0
2016;1;23;2;30;0;0;0.0;1.0;0.5;0.7419354838709677;0.08695652173913043;1.0;0.0;0.0;0.0;0.0;0
2016;1;5;4;30;0;0;0.0;1.0;0.5;0.16129032258064516;0.17391304347826086;1.0;0.0;0.0;0.0;0.0;0
2016;1;8;23;0;0;0;0.0;1.0;0.5;0.25806451612903225;1.0;0.0;0.0;0.0;0.0;0.0;0
2016;1;27;14;30;1;0;0.0;1.0;0.5;0.8709677419354839;0.6086956521739131;1.0;0.012345679012345678;0.0;0.0;0.0;0
2016;1;27;17;30;0;0;0.0;1.0;0.5;0.8709677419354839;0.7391304347826086;1.0;0.0;0.0;0.0;0.0;0
2016;1;9;12;0;0;0;0.0;1.0;0.5;0.2903225806451613;0.5217391304347826;0.0;0.0;0.0;0.0;0.0;0
2016;1;24;14;0;0;0;0.0;1.0;0.5;0.7741935483870968;0.6086956521739131;0.0;0.0;0.0;0.0;0.0;0
2016;1;27;3;30;0;0;0.0;1.0;0.5;0.8709677419354839;0.13043478260869565;1.0;0.0;0.0;0.0;0.0;0
2016;1;28;22;0;0;0;0.0;1.0;0.5;0.9032258064516129;0.9565217391304348;0.0;0.0;0.0;0.0;0.0;0
2016;1;13;13;0;2;0;0.0;1.0;0.5;0.41935483870967744;0.5652173913043478;0.0;0.024691358024691357;0.0;0.0;0.0;0
2016;1;17;20;30;2;0;0.0;1.0;0.5;0.5483870967741935;0.8695652173913043;1.0;0.024691358024691357;0.0;0.0;0.0;0
2016;1;9;6;0;0;0;0.0;1.0;0.5;0.2903225806451613;0.2608695652173913;0.0;0.0;0.0;0.0;0.0;0
2016;1;18;22;30;6;0;0.0;1.0;0.5;0.5806451612903226;0.9565217391304348;1.0;0.07407407407407407;0.0;0.0;0.0;0
2016;1;28;8;0;0;0;0.0;1.0;0.5;0.9032258064516129;0.34782608695652173;0.0;0.0;0.0;0.0;0.0;0
2016;1;20;13;30;1;0;0.0;1.0;0.5;0.6451612903225806;0.5652173913043478;1.0;0.012345679012345678;0.0;0.0;0.0;0
2016;1;10;4;0;0;0;0.0;1.0;0.5;0.3225806451612903;0.17391304347826086;0.0;0.0;0.0;0.0;0.0;0
2016;1;18;10;0;0;0;0.0;1.0;0.5;0.5806451612903226;0.43478260869565216;0.0;0.0;0.0;0.0;0.0;0
2016;1;7;9;30;0;0;0.0;1.0;0.5;0.22580645161290322;0.391304347826087;1.0;0.0;0.0;0.0;0.0;0
2016;1;17;14;0;0;0;0.0;1.0;0.5;0.5483870967741935;0.6086956521739131;0.0;0.0;0.0;0.0;0.0;0
2016;1;23;13;30;1;0;0.0;1.0;0.5;0.7419354838709677;0.5652173913043478;1.0;0.012345679012345678;0.0;0.0;0.0;0
2016;1;8;0;30;1;0;0.0;1.0;0.5;0.25806451612903225;0.0;1.0;0.012345679012345678;0.0;0.0;0.0;0
2016;1;25;5;0;0;0;0.0;1.0;0.5;0.8064516129032258;0.21739130434782608;0.0;0.0;0.0;0.0;0.0;0
2016;1;5;3;0;0;0;0.0;1.0;0.5;0.16129032258064516;0.13043478260869565;0.0;0.0;0.0;0.0;0.0;0
2016;1;25;6;30;0;0;0.0;1.0;0.5;0.8064516129032258;0.2608695652173913;1.0;0.0;0.0;0.0;0.0;0
2016;1;22;3;0;0;0;0.0;1.0;0.5;0.7096774193548387;0.13043478260869565;0.0;0.0;0.0;0.0;0.0;0
2016;1;5;21;30;1;0;0.0;1.0;0.5;0.16129032258064516;0.9130434782608695;1.0;0.012345679012345678;0.0;0.0;0.0;0
2016;1;19;11;0;0;0;0.0;1.0;0.5;0.6129032258064516;0.4782608695652174;0.0;0.0;0.0;0.0;0.0;0
2016;1;12;9;0;0;0;0.0;1.0;0.5;0.3870967741935484;0.391304347826087;0.0;0.0;0.0;0.0;0.0;0
2016;1;4;12;30;0;0;0.0;1.0;0.5;0.12903225806451613;0.5217391304347826;1.0;0.0;0.0;0.0;0.0;0
2016;1;27;16;30;1;0;0.0;1.0;0.5;0.8709677419354839;0.6956521739130435;1.0;0.012345679012345678;0.0;0.0;0.0;0
2016;1;5;13;0;3;0;0.0;1.0;0.5;0.16129032258064516;0.5652173913043478;0.0;0.037037037037037035;0.0;0.0;0.0;0
2016;1;14;21;30;1;0;0.0;1.0;0.5;0.45161290322580644;0.9130434782608695;1.0;0.012345679012345678;0.0;0.0;0.0;0
2016;1;17;2;30;2;0;0.0;1.0;0.5;0.5483870967741935;0.08695652173913043;1.0;0.024691358024691357;0.0;0.0;0.0;0
2016;1;25;8;30;0;0;0.0;1.0;0.5;0.8064516129032258;0.34782608695652173;1.0;0.0;0.0;0.0;0.0;0
2016;1;30;8;30;3;0;0.0;1.0;0.5;0.967741935483871;0.34782608695652173;1.0;0.037037037037037035;0.0;0.0;0.0;0
2016;1;15;1;30;1;0;0.0;1.0;0.5;0.4838709677419355;0.043478260869565216;1.0;0.012345679012345678;0.0;0.0;0.0;0
2016;1;5;1;30;1;0;0.0;1.0;0.5;0.16129032258064516;0.043478260869565216;1.0;0.012345679012345678;0.0;0.0;0.0;0
2016;1;21;16;0;2;0;0.0;1.0;0.5;0.6774193548387096;0.6956521739130435;0.0;0.024691358024691357;0.0;0.0;0.0;0
2016;1;26;17;30;0;0;0.0;1.0;0.5;0.8387096774193549;0.7391304347826086;1.0;0.0;0.0;0.0;0.0;0
2016;1;7;7;0;0;0;0.0;1.0;0.5;0.22580645161290322;0.30434782608695654;0.0;0.0;0.0;0.0;0.0;0
2016;1;27;19;30;0;0;0.0;1.0;0.5;0.8709677419354839;0.8260869565217391;1.0;0.0;0.0;0.0;0.0;0
2016;1;30;14;30;4;0;0.0;1.0;0.5;0.967741935483871;0.6086956521739131;1.0;0.04938271604938271;0.0;0.0;0.0;0
2016;1;18;7;30;2;0;0.0;1.0;0.5;0.5806451612903226;0.30434782608695654;1.0;0.024691358024691357;0.0;0.0;0.0;0
2016;1;14;17;0;2;0;0.0;1.0;0.5;0.45161290322580644;0.7391304347826086;0.0;0.024691358024691357;0.0;0.0;0.0;0
2016;1;11;9;30;0;0;0.0;1.0;0.5;0.3548387096774194;0.391304347826087;1.0;0.0;0.0;0.0;0.0;0
2016;1;20;5;30;0;0;0.0;1.0;0.5;0.6451612903225806;0.21739130434782608;1.0;0.0;0.0;0.0;0.0;0
2016;1;4;16;30;0;0;0.0;1.0;0.5;0.12903225806451613;0.6956521739130435;1.0;0.0;0.0;0.0;0.0;0
2016;1;27;9;30;0;0;0.0;1.0;0.5;0.8709677419354839;0.391304347826087;1.0;0.0;0.0;0.0;0.0;0
2016;1;11;13;0;0;0;0.0;1.0;0.5;0.3548387096774194;0.5652173913043478;0.0;0.0;0.0;0.0;0.0;0
2016;1;3;23;0;0;0;0.0;1.0;0.5;0.0967741935483871;1.0;0.0;0.0;0.0;0.0;0.0;0
2016;1;8;11;30;0;0;0.0;1.0;0.5;0.25806451612903225;0.4782608695652174;1.0;0.0;0.0;0.0;0.0;0
2016;1;9;12;30;1;0;0.0;1.0;0.5;0.2903225806451613;0.5217391304347826;1.0;0.012345679012345678;0.0;0.0;0.0;0
2016;1;21;12;0;2;0;0.0;1.0;0.5;0.6774193548387096;0.5217391304347826;0.0;0.024691358024691357;0.0;0.0;0.0;0
2016;1;1;13;30;1;0;0.0;1.0;0.5;0.03225806451612903;0.5652173913043478;1.0;0.012345679012345678;0.0;0.0;0.0;0
2016;1;26;2;30;1;0;0.0;1.0;0.5;0.8387096774193549;0.08695652173913043;1.0;0.012345679012345678;0.0;0.0;0.0;0
2016;1;4;16;0;0;0;0.0;1.0;0.5;0.12903225806451613;0.6956521739130435;0.0;0.0;0.0;0.0;0.0;0
2016;1;7;4;0;0;0;0.0;1.0;0.5;0.22580645161290322;0.17391304347826086;0.0;0.0;0.0;0.0;0.0;0
2016;1;23;16;0;0;0;0.0;1.0;0.5;0.7419354838709677;0.6956521739130435;0.0;0.0;0.0;0.0;0.0;0
2016;1;30;23;0;0;0;0.0;1.0;0.5;0.967741935483871;1.0;0.0;0.0;0.0;0.0;0.0;0
2016;1;8;0;0;2;0;0.0;1.0;0.5;0.25806451612903225;0.0;0.0;0.024691358024691357;0.0;0.0;0.0;0
2016;1;22;12;0;1;0;0.0;1.0;0.5;0.7096774193548387;0.5217391304347826;0.0;0.012345679012345678;0.0;0.0;0.0;0
2016;1;16;2;30;0;0;0.0;1.0;0.5;0.5161290322580645;0.08695652173913043;1.0;0.0;0.0;0.0;0.0;0
2016;1;30;8;0;0;0;0.0;1.0;0.5;0.967741935483871;0.34782608695652173;0.0;0.0;0.0;0.0;0.0;0
2016;1;13;1;0;4;0;0.0;1.0;0.5;0.41935483870967744;0.043478260869565216;0.0;0.04938271604938271;0.0;0.0;0.0;0
2016;1;13;15;30;0;0;0.0;1.0;0.5;0.41935483870967744;0.6521739130434783;1.0;0.0;0.0;0.0;0.0;0
2016;1;2;23;0;0;0;0.0;1.0;0.5;0.06451612903225806;1.0;0.0;0.0;0.0;0.0;0.0;0
2016;1;3;18;0;1;0;0.0;1.0;0.5;0.0967741935483871;0.782608695652174;0.0;0.012345679012345678;0.0;0.0;0.0;0
2016;1;10;11;30;1;0;0.0;1.0;0.5;0.3225806451612903;0.4782608695652174;1.0;0.012345679012345678;0.0;0.0;0.0;0
2016;1;13;16;30;0;0;0.0;1.0;0.5;0.41935483870967744;0.6956521739130435;1.0;0.0;0.0;0.0;0.0;0
2016;1;3;14;0;26;0;0.0;1.0;0.5;0.0967741935483871;0.6086956521739131;0.0;0.32098765432098764;0.0;0.0;0.0;0
2016;1;14;15;0;2;0;0.0;1.0;0.5;0.45161290322580644;0.6521739130434783;0.0;0.024691358024691357;0.0;0.0;0.0;0
2016;1;18;11;0;2;0;0.0;1.0;0.5;0.5806451612903226;0.4782608695652174;0.0;0.024691358024691357;0.0;0.0;0.0;0
2016;1;26;4;0;0;0;0.0;1.0;0.5;0.8387096774193549;0.17391304347826086;0.0;0.0;0.0;0.0;0.0;0
2016;1;10;15;30;2;0;0.0;1.0;0.5;0.3225806451612903;0.6521739130434783;1.0;0.024691358024691357;0.0;0.0;0.0;0
2016;1;30;7;30;1;0;0.0;1.0;0.5;0.967741935483871;0.30434782608695654;1.0;0.012345679012345678;0.0;0.0;0.0;0
2016;1;7;22;0;5;0;0.0;1.0;0.5;0.22580645161290322;0.9565217391304348;0.0;0.06172839506172839;0.0;0.0;0.0;0
2016;1;29;22;30;1;0;0.0;1.0;0.5;0.9354838709677419;0.9565217391304348;1.0;0.012345679012345678;0.0;0.0;0.0;0
2016;1;29;19;0;0;0;0.0;1.0;0.5;0.9354838709677419;0.8260869565217391;0.0;0.0;0.0;0.0;0.0;0
2016;1;7;19;0;0;0;0.0;1.0;0.5;0.22580645161290322;0.8260869565217391;0.0;0.0;0.0;0.0;0.0;0
2016;1;9;11;0;1;0;0.0;1.0;0.5;0.2903225806451613;0.4782608695652174;0.0;0.012345679012345678;0.0;0.0;0.0;0
2016;1;11;10;0;0;0;0.0;1.0;0.5;0.3548387096774194;0.43478260869565216;0.0;0.0;0.0;0.0;0.0;0
2016;1;15;17;30;1;0;0.0;1.0;0.5;0.4838709677419355;0.7391304347826086;1.0;0.012345679012345678;0.0;0.0;0.0;0
2016;1;28;3;30;0;0;0.0;1.0;0.5;0.9032258064516129;0.13043478260869565;1.0;0.0;0.0;0.0;0.0;0
2016;1;23;5;30;1;0;0.0;1.0;0.5;0.7419354838709677;0.21739130434782608;1.0;0.012345679012345678;0.0;0.0;0.0;0
2016;1;29;10;0;0;0;0.0;1.0;0.5;0.9354838709677419;0.43478260869565216;0.0;0.0;0.0;0.0;0.0;0
2016;1;10;7;0;0;0;0.0;1.0;0.5;0.3225806451612903;0.30434782608695654;0.0;0.0;0.0;0.0;0.0;0
2016;1;24;21;0;0;0;0.0;1.0;0.5;0.7741935483870968;0.9130434782608695;0.0;0.0;0.0;0.0;0.0;0
2016;1;3;19;0;1;0;0.0;1.0;0.5;0.0967741935483871;0.8260869565217391;0.0;0.012345679012345678;0.0;0.0;0.0;0
2016;1;16;12;30;2;0;0.0;1.0;0.5;0.5161290322580645;0.5217391304347826;1.0;0.024691358024691357;0.0;0.0;0.0;0
2016;1;17;19;0;2;0;0.0;1.0;0.5;0.5483870967741935;0.8260869565217391;0.0;0.024691358024691357;0.0;0.0;0.0;0
2016;1;1;18;30;0;0;0.0;1.0;0.5;0.03225806451612903;0.782608695652174;1.0;0.0;0.0;0.0;0.0;0
2016;1;21;13;0;1;0;0.0;1.0;0.5;0.6774193548387096;0.5652173913043478;0.0;0.012345679012345678;0.0;0.0;0.0;0
2016;1;2;3;0;0;0;0.0;1.0;0.5;0.06451612903225806;0.13043478260869565;0.0;0.0;0.0;0.0;0.0;0
2016;1;5;18;30;0;0;0.0;1.0;0.5;0.16129032258064516;0.782608695652174;1.0;0.0;0.0;0.0;0.0;0
2016;1;17;8;0;0;0;0.0;1.0;0.5;0.5483870967741935;0.34782608695652173;0.0;0.0;0.0;0.0;0.0;0
2016;1;24;22;0;0;0;0.0;1.0;0.5;0.7741935483870968;0.9565217391304348;0.0;0.0;0.0;0.0;26.32;3
2016;1;30;19;0;0;0;0.0;1.0;0.5;0.967741935483871;0.8260869565217391;0.0;0.0;0.0;0.0;0.0;0
2016;1;2;3;30;0;0;0.0;1.0;0.5;0.06451612903225806;0.13043478260869565;1.0;0.0;0.0;0.0;0.0;0
2016;1;2;17;0;1;0;0.39;1.0;0.5;0.06451612903225806;0.7391304347826086;0.0;0.012345679012345678;0.0;0.009420289855072464;0.4;0
2016;1;11;22;0;2;0;0.0;1.0;0.5;0.3548387096774194;0.9565217391304348;0.0;0.024691358024691357;0.0;0.0;0.0;0
2016;1;6;7;0;1;0;0.0;1.0;0.5;0.1935483870967742;0.30434782608695654;0.0;0.012345679012345678;0.0;0.0;0.0;0
2016;1;15;13;0;1;0;0.0;1.0;0.5;0.4838709677419355;0.5652173913043478;0.0;0.012345679012345678;0.0;0.0;0.0;0
2016;1;11;12;0;0;0;0.0;1.0;0.5;0.3548387096774194;0.5217391304347826;0.0;0.0;0.0;0.0;0.0;0
2016;1;30;6;30;0;0;0.0;1.0;0.5;0.967741935483871;0.2608695652173913;1.0;0.0;0.0;0.0;0.0;0
2016;1;5;22;0;3;0;0.0;1.0;0.5;0.16129032258064516;0.9565217391304348;0.0;0.037037037037037035;0.0;0.0;0.0;0
2016;1;16;4;0;0;0;0.0;1.0;0.5;0.5161290322580645;0.17391304347826086;0.0;0.0;0.0;0.0;0.0;0
2016;1;14;16;0;0;0;0.0;1.0;0.5;0.45161290322580644;0.6956521739130435;0.0;0.0;0.0;0.0;0.0;0
2016;1;13;14;0;0;0;0.0;1.0;0.5;0.41935483870967744;0.6086956521739131;0.0;0.0;0.0;0.0;0.0;0
2016;1;20;18;30;1;0;0.0;1.0;0.5;0.6451612903225806;0.782608695652174;1.0;0.012345679012345678;0.0;0.0;0.0;0
2016;1;3;5;30;0;0;0.0;1.0;0.5;0.0967741935483871;0.21739130434782608;1.0;0.0;0.0;0.0;0.0;0
2016;1;26;6;30;0;0;0.0;1.0;0.5;0.8387096774193549;0.2608695652173913;1.0;0.0;0.0;0.0;0.0;0
2016;1;20;17;30;0;0;0.0;1.0;0.5;0.6451612903225806;0.7391304347826086;1.0;0.0;0.0;0.0;0.0;0
2016;1;14;21;0;1;0;0.0;1.0;0.5;0.45161290322580644;0.9130434782608695;0.0;0.012345679012345678;0.0;0.0;0.0;0
2016;1;12;19;0;2;0;0.0;1.0;0.5;0.3870967741935484;0.8260869565217391;0.0;0.024691358024691357;0.0;0.0;0.0;0
2016;1;23;2;0;0;0;0.0;1.0;0.5;0.7419354838709677;0.08695652173913043;0.0;0.0;0.0;0.0;0.0;0
2016;1;25;11;30;1;0;0.0;1.0;0.5;0.8064516129032258;0.4782608695652174;1.0;0.012345679012345678;0.0;0.0;0.0;0
2016;1;3;3;0;0;0;0.0;1.0;0.5;0.0967741935483871;0.13043478260869565;0.0;0.0;0.0;0.0;0.0;0
2016;1;14;15;30;0;0;0.0;1.0;0.5;0.45161290322580644;0.6521739130434783;1.0;0.0;0.0;0.0;0.0;0
2016;1;20;13;0;0;0;0.0;1.0;0.5;0.6451612903225806;0.5652173913043478;0.0;0.0;0.0;0.0;0.0;0
2016;1;12;6;30;2;0;0.0;1.0;0.5;0.3870967741935484;0.2608695652173913;1.0;0.024691358024691357;0.0;0.0;0.0;0
2016;1;17;4;30;0;0;0.0;1.0;0.5;0.5483870967741935;0.17391304347826086;1.0;0.0;0.0;0.0;0.0;0
2016;1;6;4;30;0;0;0.0;1.0;0.5;0.1935483870967742;0.17391304347826086;1.0;0.0;0.0;0.0;0.0;0
2016;1;4;4;30;0;0;0.0;1.0;0.5;0.12903225806451613;0.17391304347826086;1.0;0.0;0.0;0.0;0.0;0
2016;1;21;8;30;0;0;0.0;1.0;0.5;0.6774193548387096;0.34782608695652173;1.0;0.0;0.0;0.0;0.0;0
2016;1;2;12;30;2;0;0.0;1.0;0.5;0.06451612903225806;0.5217391304347826;1.0;0.024691358024691357;0.0;0.0;41.4;3
2016;1;4;22;30;1;0;0.0;1.0;0.5;0.12903225806451613;0.9565217391304348;1.0;0.012345679012345678;0.0;0.0;0.0;0
2016;1;20;8;0;0;0;0.0;1.0;0.5;0.6451612903225806;0.34782608695652173;0.0;0.0;0.0;0.0;0.0;0
2016;1;10;8;30;0;0;0.0;1.0;0.5;0.3225806451612903;0.34782608695652173;1.0;0.0;0.0;0.0;0.0;0
2016;1;16;21;0;1;0;0.0;1.0;0.5;0.5161290322580645;0.9130434782608695;0.0;0.012345679012345678;0.0;0.0;0.0;0
2016;1;25;16;0;0;0;0.0;1.0;0.5;0.8064516129032258;0.6956521739130435;0.0;0.0;0.0;0.0;0.0;0
2016;1;28;0;0;0;0;0.0;1.0;0.5;0.9032258064516129;0.0;0.0;0.0;0.0;0.0;0.0;0
2016;1;27;22;0;2;0;0.0;1.0;0.5;0.8709677419354839;0.9565217391304348;0.0;0.024691358024691357;0.0;0.0;0.0;0
2016;1;2;13;30;0;0;0.2;1.0;0.5;0.06451612903225806;0.5652173913043478;1.0;0.0;0.0;0.004830917874396136;0.2;0
2016;1;9;22;0;0;0;0.0;1.0;0.5;0.2903225806451613;0.9565217391304348;0.0;0.0;0.0;0.0;0.0;0
2016;1;22;18;30;1;0;0.0;1.0;0.5;0.7096774193548387;0.782608695652174;1.0;0.012345679012345678;0.0;0.0;0.0;0
2016;1;26;10;30;1;0;0.0;1.0;0.5;0.8387096774193549;0.43478260869565216;1.0;0.012345679012345678;0.0;0.0;0.0;0
2016;1;27;22;30;1;0;0.0;1.0;0.5;0.8709677419354839;0.9565217391304348;1.0;0.012345679012345678;0.0;0.0;0.0;0
2016;1;22;11;30;0;0;0.0;1.0;0.5;0.7096774193548387;0.4782608695652174;1.0;0.0;0.0;0.0;0.0;0
2016;1;28;3;0;0;0;0.0;1.0;0.5;0.9032258064516129;0.13043478260869565;0.0;0.0;0.0;0.0;0.0;0
2016;1;2;2;30;0;0;0.0;1.0;0.5;0.06451612903225806;0.08695652173913043;1.0;0.0;0.0;0.0;0.0;0
2016;1;12;16;30;0;0;0.0;1.0;0.5;0.3870967741935484;0.6956521739130435;1.0;0.0;0.0;0.0;0.0;0
2016;1;14;12;30;1;0;0.0;1.0;0.5;0.45161290322580644;0.5217391304347826;1.0;0.012345679012345678;0.0;0.0;0.0;0
2016;1;31;14;30;4;0;0.0;1.0;0.5;1.0;0.6086956521739131;1.0;0.04938271604938271;0.0;0.0;0.0;0
2016;1;19;18;30;0;0;0.0;1.0;0.5;0.6129032258064516;0.782608695652174;1.0;0.0;0.0;0.0;0.0;0
2016;1;9;20;30;0;0;0.0;1.0;0.5;0.2903225806451613;0.8695652173913043;1.0;0.0;0.0;0.0;0.0;0
2016;1;16;18;0;2;0;0.0;1.0;0.5;0.5161290322580645;0.782608695652174;0.0;0.024691358024691357;0.0;0.0;0.0;0
2016;1;21;2;0;0;0;0.0;1.0;0.5;0.6774193548387096;0.08695652173913043;0.0;0.0;0.0;0.0;0.0;0
2016;1;31;7;0;0;0;0.0;1.0;0.5;1.0;0.30434782608695654;0.0;0.0;0.0;0.0;0.0;0
2016;1;14;22;30;3;0;0.0;1.0;0.5;0.45161290322580644;0.9565217391304348;1.0;0.037037037037037035;0.0;0.0;0.0;0
2016;1;25;1;30;0;0;0.0;1.0;0.5;0.8064516129032258;0.043478260869565216;1.0;0.0;0.0;0.0;0.0;0
2016;1;12;13;0;0;0;0.0;1.0;0.5;0.3870967741935484;0.5652173913043478;0.0;0.0;0.0;0.0;0.0;0
2016;1;16;0;0;3;0;0.0;1.0;0.5;0.5161290322580645;0.0;0.0;0.037037037037037035;0.0;0.0;0.0;0
2016;1;4;1;30;0;0;0.0;1.0;0.5;0.12903225806451613;0.043478260869565216;1.0;0.0;0.0;0.0;0.0;0
2016;1;17;14;30;3;0;0.0;1.0;0.5;0.5483870967741935;0.6086956521739131;1.0;0.037037037037037035;0.0;0.0;0.0;0
2016;1;17;16;30;2;0;0.0;1.0;0.5;0.5483870967741935;0.6956521739130435;1.0;0.024691358024691357;0.0;0.0;0.0;0
2016;1;27;2;30;0;0;0.0;1.0;0.5;0.8709677419354839;0.08695652173913043;1.0;0.0;0.0;0.0;0.0;0
2016;1;24;18;0;1;0;0.0;1.0;0.5;0.7741935483870968;0.782608695652174;0.0;0.012345679012345678;0.0;0.0;0.0;0
2016;1;1;10;30;0;0;0.0;1.0;0.5;0.03225806451612903;0.43478260869565216;1.0;0.0;0.0;0.0;0.0;0
2016;1;28;21;30;0;0;0.0;1.0;0.5;0.9032258064516129;0.9130434782608695;1.0;0.0;0.0;0.0;0.0;0
2016;1;19;2;0;5;0;0.0;1.0;0.5;0.6129032258064516;0.08695652173913043;0.0;0.06172839506172839;0.0;0.0;0.0;0
2016;1;22;12;30;1;0;0.0;1.0;0.5;0.7096774193548387;0.5217391304347826;1.0;0.012345679012345678;0.0;0.0;0.0;0
2016;1;26;0;0;0;0;28.2;1.0;0.5;0.8387096774193549;0.0;0.0;0.0;0.0;0.6811594202898551;0.59;0
2016;1;15;2;0;0;0;0.0;1.0;0.5;0.4838709677419355;0.08695652173913043;0.0;0.0;0.0;0.0;0.0;0
2016;1;28;4;0;0;0;0.0;1.0;0.5;0.9032258064516129;0.17391304347826086;0.0;0.0;0.0;0.0;0.0;0
2016;1;6;16;0;2;0;0.0;1.0;0.5;0.1935483870967742;0.6956521739130435;0.0;0.024691358024691357;0.0;0.0;0.0;0
2016;1;21;9;0;0;0;0.0;1.0;0.5;0.6774193548387096;0.391304347826087;0.0;0.0;0.0;0.0;0.0;0
2016;1;12;4;30;1;0;0.0;1.0;0.5;0.3870967741935484;0.17391304347826086;1.0;0.012345679012345678;0.0;0.0;0.0;0
2016;1;31;12;0;1;0;0.0;1.0;0.5;1.0;0.5217391304347826;0.0;0.012345679012345678;0.0;0.0;0.0;0
2016;1;21;4;0;0;0;0.0;1.0;0.5;0.6774193548387096;0.17391304347826086;0.0;0.0;0.0;0.0;0.0;0
2016;1;16;7;30;1;0;0.0;1.0;0.5;0.5161290322580645;0.30434782608695654;1.0;0.012345679012345678;0.0;0.0;0.0;0
2016;1;3;6;30;0;0;0.0;1.0;0.5;0.0967741935483871;0.2608695652173913;1.0;0.0;0.0;0.0;0.0;0
2016;1;11;23;30;1;0;0.0;1.0;0.5;0.3548387096774194;1.0;1.0;0.012345679012345678;0.0;0.0;0.0;0
2016;1;17;13;0;1;0;0.0;1.0;0.5;0.5483870967741935;0.5652173913043478;0.0;0.012345679012345678;0.0;0.0;0.0;0
2016;1;12;1;30;0;0;0.0;1.0;0.5;0.3870967741935484;0.043478260869565216;1.0;0.0;0.0;0.0;0.0;0
2016;1;8;17;0;1;0;0.0;1.0;0.5;0.25806451612903225;0.7391304347826086;0.0;0.012345679012345678;0.0;0.0;0.0;0
2016;1;5;20;0;1;0;0.0;1.0;0.5;0.16129032258064516;0.8695652173913043;0.0;0.012345679012345678;0.0;0.0;0.0;0
2016;1;4;14;0;0;0;0.0;1.0;0.5;0.12903225806451613;0.6086956521739131;0.0;0.0;0.0;0.0;0.0;0
2016;1;4;13;0;1;0;0.0;1.0;0.5;0.12903225806451613;0.5652173913043478;0.0;0.012345679012345678;0.0;0.0;0.0;0
2016;1;9;16;0;0;0;0.0;1.0;0.5;0.2903225806451613;0.6956521739130435;0.0;0.0;0.0;0.0;0.0;0
2016;1;24;20;30;1;0;0.0;1.0;0.5;0.7741935483870968;0.8695652173913043;1.0;0.012345679012345678;0.0;0.0;0.0;0
2016;1;15;16;30;3;0;0.0;1.0;0.5;0.4838709677419355;0.6956521739130435;1.0;0.037037037037037035;0.0;0.0;0.0;0
2016;1;1;15;0;2;0;0.0;1.0;0.5;0.03225806451612903;0.6521739130434783;0.0;0.024691358024691357;0.0;0.0;0.0;0
2016;1;23;10;30;0;0;0.0;1.0;0.5;0.7419354838709677;0.43478260869565216;1.0;0.0;0.0;0.0;0.0;0
2016;1;12;13;30;2;0;0.0;1.0;0.5;0.3870967741935484;0.5652173913043478;1.0;0.024691358024691357;0.0;0.0;0.0;0
2016;1;27;15;0;2;0;0.0;1.0;0.5;0.8709677419354839;0.6521739130434783;0.0;0.024691358024691357;0.0;0.0;0.0;0
2016;1;27;20;30;0;0;0.0;1.0;0.5;0.8709677419354839;0.8695652173913043;1.0;0.0;0.0;0.0;0.0;0
2016;1;25;8;0;0;0;0.0;1.0;0.5;0.8064516129032258;0.34782608695652173;0.0;0.0;0.0;0.0;0.0;0
2016;1;7;21;30;0;0;0.0;1.0;0.5;0.22580645161290322;0.9130434782608695;1.0;0.0;0.0;0.0;0.0;0
2016;1;16;1;0;10;0;0.0;1.0;0.5;0.5161290322580645;0.043478260869565216;0.0;0.12345679012345678;0.0;0.0;0.0;0
2016;1;18;15;0;1;0;0.0;1.0;0.5;0.5806451612903226;0.6521739130434783;0.0;0.012345679012345678;0.0;0.0;0.0;0
2016;1;17;4;0;4;0;0.0;1.0;0.5;0.5483870967741935;0.17391304347826086;0.0;0.04938271604938271;0.0;0.0;0.0;0
2016;1;29;21;30;2;0;0.0;1.0;0.5;0.9354838709677419;0.9130434782608695;1.0;0.024691358024691357;0.0;0.0;0.0;0
2016;1;19;9;0;0;0;0.0;1.0;0.5;0.6129032258064516;0.391304347826087;0.0;0.0;0.0;0.0;0.0;0
2016;1;18;6;0;0;0;0.0;1.0;0.5;0.5806451612903226;0.2608695652173913;0.0;0.0;0.0;0.0;0.0;0
2016;1;28;7;30;1;0;0.0;1.0;0.5;0.9032258064516129;0.30434782608695654;1.0;0.012345679012345678;0.0;0.0;0.0;0
2016;1;19;15;30;4;0;0.0;1.0;0.5;0.6129032258064516;0.6521739130434783;1.0;0.04938271604938271;0.0;0.0;0.0;0
2016;1;9;0;0;1;0;0.0;1.0;0.5;0.2903225806451613;0.0;0.0;0.012345679012345678;0.0;0.0;0.0;0
2016;1;26;13;30;1;0;0.0;1.0;0.5;0.8387096774193549;0.5652173913043478;1.0;0.012345679012345678;0.0;0.0;0.0;0
2016;1;11;7;0;0;0;0.0;1.0;0.5;0.3548387096774194;0.30434782608695654;0.0;0.0;0.0;0.0;0.0;0
2016;1;6;20;30;3;0;0.0;1.0;0.5;0.1935483870967742;0.8695652173913043;1.0;0.037037037037037035;0.0;0.0;0.0;0
2016;1;12;15;30;2;0;0.0;1.0;0.5;0.3870967741935484;0.6521739130434783;1.0;0.024691358024691357;0.0;0.0;0.0;0
2016;1;27;13;30;0;0;0.0;1.0;0.5;0.8709677419354839;0.5652173913043478;1.0;0.0;0.0;0.0;0.0;0
2016;1;13;21;30;2;0;0.0;1.0;0.5;0.41935483870967744;0.9130434782608695;1.0;0.024691358024691357;0.0;0.0;0.0;0
2016;1;25;1;0;0;0;0.0;1.0;0.5;0.8064516129032258;0.043478260869565216;0.0;0.0;0.0;0.0;0.0;0
2016;1;13;12;0;4;0;0.0;1.0;0.5;0.41935483870967744;0.5217391304347826;0.0;0.04938271604938271;0.0;0.0;0.0;0
2016;1;14;18;30;1;0;0.0;1.0;0.5;0.45161290322580644;0.782608695652174;1.0;0.012345679012345678;0.0;0.0;0.0;0
2016;1;21;14;30;2;0;0.0;1.0;0.5;0.6774193548387096;0.6086956521739131;1.0;0.024691358024691357;0.0;0.0;0.0;0
2016;1;11;23;0;7;0;0.0;1.0;0.5;0.3548387096774194;1.0;0.0;0.08641975308641975;0.0;0.0;0.0;0
2016;1;10;10;30;6;0;0.0;1.0;0.5;0.3225806451612903;0.43478260869565216;1.0;0.07407407407407407;0.0;0.0;0.0;0
2016;1;15;23;30;1;0;0.0;1.0;0.5;0.4838709677419355;1.0;1.0;0.012345679012345678;0.0;0.0;0.0;0
2016;1;17;22;30;1;0;0.0;1.0;0.5;0.5483870967741935;0.9565217391304348;1.0;0.012345679012345678;0.0;0.0;0.0;0
2016;1;15;14;30;0;0;0.0;1.0;0.5;0.4838709677419355;0.6086956521739131;1.0;0.0;0.0;0.0;0.0;0
2016;1;4;23;30;3;0;0.0;1.0;0.5;0.12903225806451613;1.0;1.0;0.037037037037037035;0.0;0.0;0.0;0
2016;1;17;23;0;0;0;0.0;1.0;0.5;0.5483870967741935;1.0;0.0;0.0;0.0;0.0;0.0;0
2016;1;29;18;30;0;0;0.0;1.0;0.5;0.9354838709677419;0.782608695652174;1.0;0.0;0.0;0.0;0.0;0
2016;1;7;14;0;4;0;0.0;1.0;0.5;0.22580645161290322;0.6086956521739131;0.0;0.04938271604938271;0.0;0.0;0.0;0
2016;1;1;14;30;0;0;0.0;1.0;0.5;0.03225806451612903;0.6086956521739131;1.0;0.0;0.0;0.0;0.0;0
2016;1;26;15;30;1;0;0.0;1.0;0.5;0.8387096774193549;0.6521739130434783;1.0;0.012345679012345678;0.0;0.0;0.0;0
2016;1;28;7;0;0;0;0.0;1.0;0.5;0.9032258064516129;0.30434782608695654;0.0;0.0;0.0;0.0;0.0;0
2016;1;7;0;30;0;0;0.0;1.0;0.5;0.22580645161290322;0.0;1.0;0.0;0.0;0.0;0.0;0
2016;1;21;20;0;2;0;0.0;1.0;0.5;0.6774193548387096;0.8695652173913043;0.0;0.024691358024691357;0.0;0.0;0.0;0
2016;1;15;7;0;0;0;0.0;1.0;0.5;0.4838709677419355;0.30434782608695654;0.0;0.0;0.0;0.0;0.0;0
2016;1;17;1;30;0;0;0.0;1.0;0.5;0.5483870967741935;0.043478260869565216;1.0;0.0;0.0;0.0;0.0;0
2016;1;24;9;0;0;0;0.2;1.0;0.5;0.7741935483870968;0.391304347826087;0.0;0.0;0.0;0.004830917874396136;5.12;1
2016;1;2;6;30;0;0;0.0;1.0;0.5;0.06451612903225806;0.2608695652173913;1.0;0.0;0.0;0.0;0.0;0
2016;1;26;14;0;3;0;0.0;1.0;0.5;0.8387096774193549;0.6086956521739131;0.0;0.037037037037037035;0.0;0.0;0.0;0
2016;1;8;9;30;0;0;0.0;1.0;0.5;0.25806451612903225;0.391304347826087;1.0;0.0;0.0;0.0;0.0;0
2016;1;3;18;30;1;0;0.0;1.0;0.5;0.0967741935483871;0.782608695652174;1.0;0.012345679012345678;0.0;0.0;0.0;0
2016;1;29;0;30;1;0;0.0;1.0;0.5;0.9354838709677419;0.0;1.0;0.012345679012345678;0.0;0.0;0.0;0
2016;1;31;13;0;0;0;0.0;1.0;0.5;1.0;0.5652173913043478;0.0;0.0;0.0;0.0;0.0;0
2016;1;13;1;30;0;0;0.0;1.0;0.5;0.41935483870967744;0.043478260869565216;1.0;0.0;0.0;0.0;0.0;0
2016;1;4;15;30;0;0;0.0;1.0;0.5;0.12903225806451613;0.6521739130434783;1.0;0.0;0.0;0.0;0.0;0
2016;1;17;22;0;2;0;0.0;1.0;0.5;0.5483870967741935;0.9565217391304348;0.0;0.024691358024691357;0.0;0.0;0.0;0
2016;1;30;17;30;1;0;0.0;1.0;0.5;0.967741935483871;0.7391304347826086;1.0;0.012345679012345678;0.0;0.0;0.0;0
2016;1;7;13;0;1;0;0.0;1.0;0.5;0.22580645161290322;0.5652173913043478;0.0;0.012345679012345678;0.0;0.0;0.0;0
2016;1;15;3;0;0;0;0.0;1.0;0.5;0.4838709677419355;0.13043478260869565;0.0;0.0;0.0;0.0;0.0;0
2016;1;30;23;30;0;0;0.0;1.0;0.5;0.967741935483871;1.0;1.0;0.0;0.0;0.0;0.0;0
2016;1;13;3;30;0;0;0.0;1.0;0.5;0.41935483870967744;0.13043478260869565;1.0;0.0;0.0;0.0;0.0;0
2016;1;10;0;30;0;0;0.0;1.0;0.5;0.3225806451612903;0.0;1.0;0.0;0.0;0.0;0.0;0
2016;1;11;19;0;2;0;0.0;1.0;0.5;0.3548387096774194;0.8260869565217391;0.0;0.024691358024691357;0.0;0.0;0.0;0
2016;1;25;23;30;1;0;0.2;1.0;0.5;0.8064516129032258;1.0;1.0;0.012345679012345678;0.0;0.004830917874396136;28.2;3
2016;1;9;2;30;0;0;0.0;1.0;0.5;0.2903225806451613;0.08695652173913043;1.0;0.0;0.0;0.0;0.0;0
2016;1;19;22;0;0;0;0.0;1.0;0.5;0.6129032258064516;0.9565217391304348;0.0;0.0;0.0;0.0;0.0;0
2016;1;6;8;0;2;0;0.0;1.0;0.5;0.1935483870967742;0.34782608695652173;0.0;0.024691358024691357;0.0;0.0;0.0;0
2016;1;27;12;30;2;0;0.0;1.0;0.5;0.8709677419354839;0.5217391304347826;1.0;0.024691358024691357;0.0;0.0;0.0;0
2016;1;10;22;30;0;0;0.0;1.0;0.5;0.3225806451612903;0.9565217391304348;1.0;0.0;0.0;0.0;0.0;0
2016;1;14;11;0;1;0;0.0;1.0;0.5;0.45161290322580644;0.4782608695652174;0.0;0.012345679012345678;0.0;0.0;0.0;0
2016;1;24;23;30;3;0;7.49;1.0;0.5;0.7741935483870968;1.0;1.0;0.037037037037037035;0.0;0.18091787439613527;2.55;1
2016;1;27;7;30;0;0;0.0;1.0;0.5;0.8709677419354839;0.30434782608695654;1.0;0.0;0.0;0.0;0.0;0
2016;1;3;10;30;1;0;0.0;1.0;0.5;0.0967741935483871;0.43478260869565216;1.0;0.012345679012345678;0.0;0.0;0.0;0
2016;1;12;8;30;1;0;0.0;1.0;0.5;0.3870967741935484;0.34782608695652173;1.0;0.012345679012345678;0.0;0.0;0.0;0
2016;1;13;3;0;2;0;0.0;1.0;0.5;0.41935483870967744;0.13043478260869565;0.0;0.024691358024691357;0.0;0.0;0.0;0
2016;1;23;1;30;0;0;0.0;1.0;0.5;0.7419354838709677;0.043478260869565216;1.0;0.0;0.0;0.0;0.0;0
2016;1;5;22;30;3;0;0.0;1.0;0.5;0.16129032258064516;0.9565217391304348;1.0;0.037037037037037035;0.0;0.0;0.0;0
2016;1;14;14;0;1;0;0.0;1.0;0.5;0.45161290322580644;0.6086956521739131;0.0;0.012345679012345678;0.0;0.0;0.0;0
2016;1;12;16;0;0;0;0.0;1.0;0.5;0.3870967741935484;0.6956521739130435;0.0;0.0;0.0;0.0;0.0;0
2016;1;20;9;0;0;0;0.0;1.0;0.5;0.6451612903225806;0.391304347826087;0.0;0.0;0.0;0.0;0.0;0
2016;1;29;5;0;0;0;0.0;1.0;0.5;0.9354838709677419;0.21739130434782608;0.0;0.0;0.0;0.0;0.0;0
2016;1;17;23;30;1;0;0.0;1.0;0.5;0.5483870967741935;1.0;1.0;0.012345679012345678;0.0;0.0;0.0;0
2016;1;11;21;30;5;0;0.0;1.0;0.5;0.3548387096774194;0.9130434782608695;1.0;0.06172839506172839;0.0;0.0;0.0;0
2016;1;31;13;30;0;0;0.0;1.0;0.5;1.0;0.5652173913043478;1.0;0.0;0.0;0.0;0.0;0
2016;1;31;0;30;1;0;0.0;1.0;0.5;1.0;0.0;1.0;0.012345679012345678;0.0;0.0;0.0;0
2016;1;19;13;0;0;0;0.0;1.0;0.5;0.6129032258064516;0.5652173913043478;0.0;0.0;0.0;0.0;0.0;0
2016;1;15;19;30;3;0;0.0;1.0;0.5;0.4838709677419355;0.8260869565217391;1.0;0.037037037037037035;0.0;0.0;0.0;0
2016;1;10;16;0;0;0;0.0;1.0;0.5;0.3225806451612903;0.6956521739130435;0.0;0.0;0.0;0.0;0.0;0
2016;1;21;20;30;1;0;0.0;1.0;0.5;0.6774193548387096;0.8695652173913043;1.0;0.012345679012345678;0.0;0.0;0.0;0
2016;1;21;14;0;1;0;0.0;1.0;0.5;0.6774193548387096;0.6086956521739131;0.0;0.012345679012345678;0.0;0.0;0.0;0
2016;1;3;9;30;0;0;0.0;1.0;0.5;0.0967741935483871;0.391304347826087;1.0;0.0;0.0;0.0;0.0;0
2016;1;12;22;30;1;0;0.0;1.0;0.5;0.3870967741935484;0.9565217391304348;1.0;0.012345679012345678;0.0;0.0;0.0;0
2016;1;29;5;30;0;0;0.0;1.0;0.5;0.9354838709677419;0.21739130434782608;1.0;0.0;0.0;0.0;0.0;0
2016;1;20;22;30;4;0;0.0;1.0;0.5;0.6451612903225806;0.9565217391304348;1.0;0.04938271604938271;0.0;0.0;0.0;0
2016;1;24;15;30;0;0;0.0;1.0;0.5;0.7741935483870968;0.6521739130434783;1.0;0.0;0.0;0.0;0.0;0
2016;1;3;4;30;0;0;0.0;1.0;0.5;0.0967741935483871;0.17391304347826086;1.0;0.0;0.0;0.0;0.0;0
2016;1;7;17;30;0;0;0.0;1.0;0.5;0.22580645161290322;0.7391304347826086;1.0;0.0;0.0;0.0;0.0;0
2016;1;19;6;30;0;0;0.0;1.0;0.5;0.6129032258064516;0.2608695652173913;1.0;0.0;0.0;0.0;0.0;0
2016;1;2;8;30;0;0;0.0;1.0;0.5;0.06451612903225806;0.34782608695652173;1.0;0.0;0.0;0.0;0.0;0
2016;1;14;2;30;0;0;0.0;1.0;0.5;0.45161290322580644;0.08695652173913043;1.0;0.0;0.0;0.0;0.0;0
2016;1;2;15;0;1;0;2.75;1.0;0.5;0.06451612903225806;0.6521739130434783;0.0;0.012345679012345678;0.0;0.06642512077294686;0.99;0
2016;1;16;1;30;4;0;0.0;1.0;0.5;0.5161290322580645;0.043478260869565216;1.0;0.04938271604938271;0.0;0.0;0.0;0
2016;1;16;18;30;0;0;0.0;1.0;0.5;0.5161290322580645;0.782608695652174;1.0;0.0;0.0;0.0;0.0;0
2016;1;31;6;0;1;0;0.0;1.0;0.5;1.0;0.2608695652173913;0.0;0.012345679012345678;0.0;0.0;0.0;0
2016;1;6;11;30;0;0;0.0;1.0;0.5;0.1935483870967742;0.4782608695652174;1.0;0.0;0.0;0.0;0.0;0
2016;1;8;1;0;1;0;0.0;1.0;0.5;0.25806451612903225;0.043478260869565216;0.0;0.012345679012345678;0.0;0.0;0.0;0
2016;1;4;8;0;0;0;0.0;1.0;0.5;0.12903225806451613;0.34782608695652173;0.0;0.0;0.0;0.0;0.0;0
2016;1;31;7;30;1;0;0.0;1.0;0.5;1.0;0.30434782608695654;1.0;0.012345679012345678;0.0;0.0;0.0;0
2016;1;14;5;30;0;0;0.0;1.0;0.5;0.45161290322580644;0.21739130434782608;1.0;0.0;0.0;0.0;0.0;0
2016;1;9;4;30;0;0;0.0;1.0;0.5;0.2903225806451613;0.17391304347826086;1.0;0.0;0.0;0.0;0.0;0
2016;1;20;6;0;0;0;0.0;1.0;0.5;0.6451612903225806;0.2608695652173913;0.0;0.0;0.0;0.0;0.0;0
2016;1;10;16;30;0;0;0.0;1.0;0.5;0.3225806451612903;0.6956521739130435;1.0;0.0;0.0;0.0;0.0;0
2016;1;29;13;0;0;0;0.0;1.0;0.5;0.9354838709677419;0.5652173913043478;0.0;0.0;0.0;0.0;0.0;0
2016;1;23;0;0;2;0;0.0;1.0;0.5;0.7419354838709677;0.0;0.0;0.024691358024691357;0.0;0.0;0.0;0
2016;1;15;14;0;1;0;0.0;1.0;0.5;0.4838709677419355;0.6086956521739131;0.0;0.012345679012345678;0.0;0.0;0.0;0
2016;1;1;6;0;0;0;0.0;1.0;0.5;0.03225806451612903;0.2608695652173913;0.0;0.0;0.0;0.0;0.0;0
2016;1;3;3;30;0;0;0.0;1.0;0.5;0.0967741935483871;0.13043478260869565;1.0;0.0;0.0;0.0;0.0;0
2016;1;20;10;0;0;0;0.0;1.0;0.5;0.6451612903225806;0.43478260869565216;0.0;0.0;0.0;0.0;0.0;0
2016;1;8;14;30;1;0;0.0;1.0;0.5;0.25806451612903225;0.6086956521739131;1.0;0.012345679012345678;0.0;0.0;0.0;0
2016;1;18;0;0;0;0;0.0;1.0;0.5;0.5806451612903226;0.0;0.0;0.0;0.0;0.0;0.0;0
2016;1;23;20;0;0;0;0.0;1.0;0.5;0.7419354838709677;0.8695652173913043;0.0;0.0;0.0;0.0;0.0;0
2016;1;23;22;30;1;0;0.0;1.0;0.5;0.7419354838709677;0.9565217391304348;1.0;0.012345679012345678;0.0;0.0;0.0;0
2016;1;1;17;30;2;0;0.0;1.0;0.5;0.03225806451612903;0.7391304347826086;1.0;0.024691358024691357;0.0;0.0;0.0;0
2016;1;24;14;30;3;0;0.0;1.0;0.5;0.7741935483870968;0.6086956521739131;1.0;0.037037037037037035;0.0;0.0;0.0;0
2016;1;31;12;30;0;0;0.0;1.0;0.5;1.0;0.5217391304347826;1.0;0.0;0.0;0.0;0.0;0
2016;1;22;15;30;1;0;0.0;1.0;0.5;0.7096774193548387;0.6521739130434783;1.0;0.012345679012345678;0.0;0.0;0.0;0
2016;1;6;16;30;0;0;0.0;1.0;0.5;0.1935483870967742;0.6956521739130435;1.0;0.0;0.0;0.0;0.0;0
2016;1;12;8;0;1;0;0.0;1.0;0.5;0.3870967741935484;0.34782608695652173;0.0;0.012345679012345678;0.0;0.0;0.0;0
2016;1;3;23;30;0;0;0.0;1.0;0.5;0.0967741935483871;1.0;1.0;0.0;0.0;0.0;0.0;0
2016;1;24;23;0;1;0;32.13;1.0;0.5;0.7741935483870968;1.0;0.0;0.012345679012345678;0.0;0.7760869565217392;7.49;1
2016;1;5;11;0;1;0;0.0;1.0;0.5;0.16129032258064516;0.4782608695652174;0.0;0.012345679012345678;0.0;0.0;0.0;0
2016;1;16;19;0;0;0;0.0;1.0;0.5;0.5161290322580645;0.8260869565217391;0.0;0.0;0.0;0.0;0.0;0
2016;1;20;19;0;1;0;0.0;1.0;0.5;0.6451612903225806;0.8260869565217391;0.0;0.012345679012345678;0.0;0.0;0.0;0
2016;1;27;0;30;1;0;0.0;1.0;0.5;0.8709677419354839;0.0;1.0;0.012345679012345678;0.0;0.0;0.0;0
2016;1;19;5;0;0;0;0.0;1.0;0.5;0.6129032258064516;0.21739130434782608;0.0;0.0;0.0;0.0;0.0;0
2016;1;24;11;0;0;0;0.0;1.0;0.5;0.7741935483870968;0.4782608695652174;0.0;0.0;0.0;0.0;0.4;0
2016;1;23;15;0;0;0;0.0;1.0;0.5;0.7419354838709677;0.6521739130434783;0.0;0.0;0.0;0.0;0.0;0
2016;1;20;0;30;1;0;0.0;1.0;0.5;0.6451612903225806;0.0;1.0;0.012345679012345678;0.0;0.0;0.0;0
2016;1;6;0;30;3;0;0.0;1.0;0.5;0.1935483870967742;0.0;1.0;0.037037037037037035;0.0;0.0;0.0;0
2016;1;30;22;0;2;0;0.0;1.0;0.5;0.967741935483871;0.9565217391304348;0.0;0.024691358024691357;0.0;0.0;0.0;0
2016;1;31;2;30;0;0;0.0;1.0;0.5;1.0;0.08695652173913043;1.0;0.0;0.0;0.0;0.0;0
2016;1;3;4;0;0;0;0.0;1.0;0.5;0.0967741935483871;0.17391304347826086;0.0;0.0;0.0;0.0;0.0;0
2016;1;12;18;0;0;0;0.0;1.0;0.5;0.3870967741935484;0.782608695652174;0.0;0.0;0.0;0.0;0.0;0
2016;1;31;9;0;1;0;0.0;1.0;0.5;1.0;0.391304347826087;0.0;0.012345679012345678;0.0;0.0;0.0;0
2016;1;27;15;30;0;0;0.0;1.0;0.5;0.8709677419354839;0.6521739130434783;1.0;0.0;0.0;0.0;0.0;0
2016;1;29;23;0;1;0;0.0;1.0;0.5;0.9354838709677419;1.0;0.0;0.012345679012345678;0.0;0.0;0.0;0
2016;1;17;10;0;1;0;0.0;1.0;0.5;0.5483870967741935;0.43478260869565216;0.0;0.012345679012345678;0.0;0.0;0.0;0
2016;1;13;14;30;1;0;0.0;1.0;0.5;0.41935483870967744;0.6086956521739131;1.0;0.012345679012345678;0.0;0.0;0.0;0
2016;1;31;4;0;0;0;0.0;1.0;0.5;1.0;0.17391304347826086;0.0;0.0;0.0;0.0;0.0;0
2016;1;1;21;0;3;0;1.77;1.0;0.5;0.03225806451612903;0.9130434782608695;0.0;0.037037037037037035;0.0;0.0427536231884058;1.17;0
2016;1;9;1;30;0;0;0.0;1.0;0.5;0.2903225806451613;0.043478260869565216;1.0;0.0;0.0;0.0;0.0;0
2016;1;22;20;0;0;0;0.0;1.0;0.5;0.7096774193548387;0.8695652173913043;0.0;0.0;0.0;0.0;0.0;0
2016;1;30;3;30;1;0;0.0;1.0;0.5;0.967741935483871;0.13043478260869565;1.0;0.012345679012345678;0.0;0.0;0.0;0
2016;1;20;2;30;0;0;0.0;1.0;0.5;0.6451612903225806;0.08695652173913043;1.0;0.0;0.0;0.0;0.0;0
2016;1;10;2;30;0;0;0.0;1.0;0.5;0.3225806451612903;0.08695652173913043;1.0;0.0;0.0;0.0;0.0;0
2016;1;25;22;30;0;0;0.0;1.0;0.5;0.8064516129032258;0.9565217391304348;1.0;0.0;0.0;0.0;5.33;1
2016;1;15;11;30;0;0;0.0;1.0;0.5;0.4838709677419355;0.4782608695652174;1.0;0.0;0.0;0.0;0.0;0
2016;1;7;3;30;0;0;0.0;1.0;0.5;0.22580645161290322;0.13043478260869565;1.0;0.0;0.0;0.0;0.0;0
2016;1;2;11;30;1;0;0.0;1.0;0.5;0.06451612903225806;0.4782608695652174;1.0;0.012345679012345678;0.0;0.0;0.0;0
2016;1;31;0;0;0;0;0.0;1.0;0.5;1.0;0.0;0.0;0.0;0.0;0.0;0.0;0
2016;1;8;12;0;3;0;0.0;1.0;0.5;0.25806451612903225;0.5217391304347826;0.0;0.037037037037037035;0.0;0.0;0.0;0
2016;1;24;16;0;1;0;0.0;1.0;0.5;0.7741935483870968;0.6956521739130435;0.0;0.012345679012345678;0.0;0.0;0.0;0
2016;1;13;23;0;1;0;0.0;1.0;0.5;0.41935483870967744;1.0;0.0;0.012345679012345678;0.0;0.0;0.0;0
2016;1;7;11;0;1;0;0.0;1.0;0.5;0.22580645161290322;0.4782608695652174;0.0;0.012345679012345678;0.0;0.0;0.0;0
2016;1;13;11;0;0;0;0.0;1.0;0.5;0.41935483870967744;0.4782608695652174;0.0;0.0;0.0;0.0;0.0;0
2016;1;10;5;0;0;0;0.0;1.0;0.5;0.3225806451612903;0.21739130434782608;0.0;0.0;0.0;0.0;0.0;0
2016;1;1;19;30;2;0;0.0;1.0;0.5;0.03225806451612903;0.8260869565217391;1.0;0.024691358024691357;0.0;0.0;0.0;0
2016;1;24;17;30;1;0;0.0;1.0;0.5;0.7741935483870968;0.7391304347826086;1.0;0.012345679012345678;0.0;0.0;0.0;0
2016;1;12;11;0;0;0;0.0;1.0;0.5;0.3870967741935484;0.4782608695652174;0.0;0.0;0.0;0.0;0.0;0
2016;1;2;5;30;0;0;0.0;1.0;0.5;0.06451612903225806;0.21739130434782608;1.0;0.0;0.0;0.0;0.0;0
2016;1;22;10;0;0;0;0.0;1.0;0.5;0.7096774193548387;0.43478260869565216;0.0;0.0;0.0;0.0;0.0;0
2016;1;22;23;30;0;0;0.0;1.0;0.5;0.7096774193548387;1.0;1.0;0.0;0.0;0.0;0.0;0
2016;1;27;18;30;2;0;0.0;1.0;0.5;0.8709677419354839;0.782608695652174;1.0;0.024691358024691357;0.0;0.0;0.0;0
2016;1;11;10;30;0;0;0.0;1.0;0.5;0.3548387096774194;0.43478260869565216;1.0;0.0;0.0;0.0;0.0;0
2016;1;6;19;30;0;0;0.0;1.0;0.5;0.1935483870967742;0.8260869565217391;1.0;0.0;0.0;0.0;0.0;0
2016;1;10;13;0;2;0;0.0;1.0;0.5;0.3225806451612903;0.5652173913043478;0.0;0.024691358024691357;0.0;0.0;0.0;0
2016;1;21;22;0;5;0;0.0;1.0;0.5;0.6774193548387096;0.9565217391304348;0.0;0.06172839506172839;0.0;0.0;0.0;0
2016;2;1;1;0;0;0;0.0;1.0;1.0;0.03225806451612903;0.043478260869565216;0.0;0.0;0.0;0.0;0.0;0
2016;1;4;17;30;0;0;0.0;1.0;0.5;0.12903225806451613;0.7391304347826086;1.0;0.0;0.0;0.0;0.0;0
2016;1;4;10;0;0;0;0.0;1.0;0.5;0.12903225806451613;0.43478260869565216;0.0;0.0;0.0;0.0;0.0;0
2016;1;29;10;30;7;0;0.0;1.0;0.5;0.9354838709677419;0.43478260869565216;1.0;0.08641975308641975;0.0;0.0;0.0;0
2016;1;1;5;0;0;0;0.0;1.0;0.5;0.03225806451612903;0.21739130434782608;0.0;0.0;0.0;0.0;0.0;0
2016;1;29;1;30;0;0;0.0;1.0;0.5;0.9354838709677419;0.043478260869565216;1.0;0.0;0.0;0.0;0.0;0
2016;1;30;11;0;3;0;0.0;1.0;0.5;0.967741935483871;0.4782608695652174;0.0;0.037037037037037035;0.0;0.0;0.0;0
2016;1;7;15;0;2;0;0.0;1.0;0.5;0.22580645161290322;0.6521739130434783;0.0;0.024691358024691357;0.0;0.0;0.0;0
2016;1;21;5;0;0;0;0.0;1.0;0.5;0.6774193548387096;0.21739130434782608;0.0;0.0;0.0;0.0;0.0;0
2016;1;4;18;30;1;0;0.0;1.0;0.5;0.12903225806451613;0.782608695652174;1.0;0.012345679012345678;0.0;0.0;0.0;0
2016;1;21;22;30;4;0;0.0;1.0;0.5;0.6774193548387096;0.9565217391304348;1.0;0.04938271604938271;0.0;0.0;0.0;0
2016;1;7;6;0;0;0;0.0;1.0;0.5;0.22580645161290322;0.2608695652173913;0.0;0.0;0.0;0.0;0.0;0
2016;1;27;5;30;0;0;0.0;1.0;0.5;0.8709677419354839;0.21739130434782608;1.0;0.0;0.0;0.0;0.0;0
2016;1;21;10;30;0;0;0.0;1.0;0.5;0.6774193548387096;0.43478260869565216;1.0;0.0;0.0;0.0;0.0;0
2016;1;23;23;0;0;0;0.0;1.0;0.5;0.7419354838709677;1.0;0.0;0.0;0.0;0.0;0.0;0
2016;1;9;6;30;0;0;0.0;1.0;0.5;0.2903225806451613;0.2608695652173913;1.0;0.0;0.0;0.0;0.0;0
2016;1;9;8;0;1;0;0.0;1.0;0.5;0.2903225806451613;0.34782608695652173;0.0;0.012345679012345678;0.0;0.0;0.0;0
2016;1;3;11;0;1;0;0.0;1.0;0.5;0.0967741935483871;0.4782608695652174;0.0;0.012345679012345678;0.0;0.0;0.0;0
2016;1;15;18;0;2;0;0.0;1.0;0.5;0.4838709677419355;0.782608695652174;0.0;0.024691358024691357;0.0;0.0;0.0;0
2016;1;16;22;0;2;0;0.0;1.0;0.5;0.5161290322580645;0.9565217391304348;0.0;0.024691358024691357;0.0;0.0;0.0;0
2016;1;20;1;30;4;0;0.0;1.0;0.5;0.6451612903225806;0.043478260869565216;1.0;0.04938271604938271;0.0;0.0;0.0;0
2016;1;26;17;0;1;0;0.0;1.0;0.5;0.8387096774193549;0.7391304347826086;0.0;0.012345679012345678;0.0;0.0;0.0;0
2016;1;6;3;0;0;0;0.0;1.0;0.5;0.1935483870967742;0.13043478260869565;0.0;0.0;0.0;0.0;0.0;0
2016;1;31;4;30;0;0;0.0;1.0;0.5;1.0;0.17391304347826086;1.0;0.0;0.0;0.0;0.0;0
2016;1;12;7;30;1;0;0.0;1.0;0.5;0.3870967741935484;0.30434782608695654;1.0;0.012345679012345678;0.0;0.0;0.0;0
2016;1;27;23;30;2;0;0.0;1.0;0.5;0.8709677419354839;1.0;1.0;0.024691358024691357;0.0;0.0;0.0;0
2016;1;27;5;0;1;0;0.0;1.0;0.5;0.8709677419354839;0.21739130434782608;0.0;0.012345679012345678;0.0;0.0;0.0;0
2016;1;10;10;0;0;0;0.0;1.0;0.5;0.3225806451612903;0.43478260869565216;0.0;0.0;0.0;0.0;0.0;0
2016;1;18;16;0;6;0;0.0;1.0;0.5;0.5806451612903226;0.6956521739130435;0.0;0.07407407407407407;0.0;0.0;0.2;0
2016;1;29;17;30;0;0;0.0;1.0;0.5;0.9354838709677419;0.7391304347826086;1.0;0.0;0.0;0.0;0.0;0
2016;1;21;12;30;1;0;0.0;1.0;0.5;0.6774193548387096;0.5217391304347826;1.0;0.012345679012345678;0.0;0.0;0.0;0
2016;1;26;21;30;1;0;0.0;1.0;0.5;0.8387096774193549;0.9130434782608695;1.0;0.012345679012345678;0.0;0.0;0.0;0
2016;1;18;5;0;0;0;0.0;1.0;0.5;0.5806451612903226;0.21739130434782608;0.0;0.0;0.0;0.0;0.0;0
2016;1;2;0;30;1;0;0.0;1.0;0.5;0.06451612903225806;0.0;1.0;0.012345679012345678;0.0;0.0;0.0;0
2016;1;11;9;0;1;0;0.0;1.0;0.5;0.3548387096774194;0.391304347826087;0.0;0.012345679012345678;0.0;0.0;0.0;0
2016;1;3;6;0;0;0;0.0;1.0;0.5;0.0967741935483871;0.2608695652173913;0.0;0.0;0.0;0.0;0.0;0
2016;1;16;16;0;4;0;0.0;1.0;0.5;0.5161290322580645;0.6956521739130435;0.0;0.04938271604938271;0.0;0.0;0.0;0
2016;1;14;3;30;0;0;0.0;1.0;0.5;0.45161290322580644;0.13043478260869565;1.0;0.0;0.0;0.0;0.0;0
2016;1;3;12;0;2;0;0.0;1.0;0.5;0.0967741935483871;0.5217391304347826;0.0;0.024691358024691357;0.0;0.0;0.0;0
2016;1;16;23;0;3;0;0.0;1.0;0.5;0.5161290322580645;1.0;0.0;0.037037037037037035;0.0;0.0;0.0;0
2016;1;26;18;0;0;0;0.0;1.0;0.5;0.8387096774193549;0.782608695652174;0.0;0.0;0.0;0.0;0.0;0
2016;1;13;2;0;0;0;0.0;1.0;0.5;0.41935483870967744;0.08695652173913043;0.0;0.0;0.0;0.0;0.0;0
2016;1;26;19;30;1;0;0.0;1.0;0.5;0.8387096774193549;0.8260869565217391;1.0;0.012345679012345678;0.0;0.0;0.0;0
2016;1;12;5;30;0;0;0.0;1.0;0.5;0.3870967741935484;0.21739130434782608;1.0;0.0;0.0;0.0;0.0;0
2016;1;24;13;0;1;0;0.0;1.0;0.5;0.7741935483870968;0.5652173913043478;0.0;0.012345679012345678;0.0;0.0;0.0;0
2016;1;9;11;30;0;0;0.0;1.0;0.5;0.2903225806451613;0.4782608695652174;1.0;0.0;0.0;0.0;0.0;0
2016;1;17;20;0;3;0;0.0;1.0;0.5;0.5483870967741935;0.8695652173913043;0.0;0.037037037037037035;0.0;0.0;0.0;0
2016;1;14;20;30;0;0;0.0;1.0;0.5;0.45161290322580644;0.8695652173913043;1.0;0.0;0.0;0.0;0.0;0
2016;1;5;7;30;0;0;0.0;1.0;0.5;0.16129032258064516;0.30434782608695654;1.0;0.0;0.0;0.0;0.0;0
2016;1;22;10;30;0;0;0.0;1.0;0.5;0.7096774193548387;0.43478260869565216;1.0;0.0;0.0;0.0;0.0;0
2016;1;24;2;30;0;0;0.0;1.0;0.5;0.7741935483870968;0.08695652173913043;1.0;0.0;0.0;0.0;0.0;0
2016;1;11;14;30;1;0;0.0;1.0;0.5;0.3548387096774194;0.6086956521739131;1.0;0.012345679012345678;0.0;0.0;0.0;0
2016;1;18;6;30;0;0;0.0;1.0;0.5;0.5806451612903226;0.2608695652173913;1.0;0.0;0.0;0.0;0.0;0
2016;1;30;19;30;2;0;0.0;1.0;0.5;0.967741935483871;0.8260869565217391;1.0;0.024691358024691357;0.0;0.0;0.0;0
2016;1;7;14;30;2;0;0.0;1.0;0.5;0.22580645161290322;0.6086956521739131;1.0;0.024691358024691357;0.0;0.0;0.0;0
2016;1;30;12;30;0;0;0.0;1.0;0.5;0.967741935483871;0.5217391304347826;1.0;0.0;0.0;0.0;0.0;0
2016;1;1;4;30;1;0;0.0;1.0;0.5;0.03225806451612903;0.17391304347826086;1.0;0.012345679012345678;0.0;0.0;0.0;0
2016;1;2;11;0;0;0;0.0;1.0;0.5;0.06451612903225806;0.4782608695652174;0.0;0.0;0.0;0.0;0.0;0
2016;1;25;0;0;0;0;2.55;1.0;0.5;0.8064516129032258;0.0;0.0;0.0;0.0;0.06159420289855072;13.98;2
2016;1;14;22;0;0;0;0.0;1.0;0.5;0.45161290322580644;0.9565217391304348;0.0;0.0;0.0;0.0;0.0;0
2016;1;29;1;0;0;0;0.0;1.0;0.5;0.9354838709677419;0.043478260869565216;0.0;0.0;0.0;0.0;0.0;0
2016;1;18;14;30;1;0;0.0;1.0;0.5;0.5806451612903226;0.6086956521739131;1.0;0.012345679012345678;0.0;0.0;0.0;0
2016;1;25;2;0;1;0;0.0;1.0;0.5;0.8064516129032258;0.08695652173913043;0.0;0.012345679012345678;0.0;0.0;0.0;0
2016;1;30;20;30;0;0;0.0;1.0;0.5;0.967741935483871;0.8695652173913043;1.0;0.0;0.0;0.0;0.0;0
2016;1;28;0;30;0;0;0.0;1.0;0.5;0.9032258064516129;0.0;1.0;0.0;0.0;0.0;0.0;0
2016;1;12;6;0;0;0;0.0;1.0;0.5;0.3870967741935484;0.2608695652173913;0.0;0.0;0.0;0.0;0.0;0
2016;1;18;10;30;0;0;0.0;1.0;0.5;0.5806451612903226;0.43478260869565216;1.0;0.0;0.0;0.0;0.0;0
2016;1;28;10;30;0;0;0.0;1.0;0.5;0.9032258064516129;0.43478260869565216;1.0;0.0;0.0;0.0;0.0;0
2016;1;6;23;0;1;0;0.0;1.0;0.5;0.1935483870967742;1.0;0.0;0.012345679012345678;0.0;0.0;0.0;0
2016;1;19;6;0;0;0;0.0;1.0;0.5;0.6129032258064516;0.2608695652173913;0.0;0.0;0.0;0.0;0.0;0
2016;1;29;12;0;0;0;0.0;1.0;0.5;0.9354838709677419;0.5217391304347826;0.0;0.0;0.0;0.0;0.0;0
2016;1;23;6;30;0;0;0.0;1.0;0.5;0.7419354838709677;0.2608695652173913;1.0;0.0;0.0;0.0;0.0;0
2016;1;12;14;30;0;0;0.0;1.0;0.5;0.3870967741935484;0.6086956521739131;1.0;0.0;0.0;0.0;0.0;0
2016;1;27;0;0;3;0;0.0;1.0;0.5;0.8709677419354839;0.0;0.0;0.037037037037037035;0.0;0.0;0.0;0
2016;1;16;5;0;0;0;0.0;1.0;0.5;0.5161290322580645;0.21739130434782608;0.0;0.0;0.0;0.0;0.0;0
2016;1;18;13;30;1;0;0.0;1.0;0.5;0.5806451612903226;0.5652173913043478;1.0;0.012345679012345678;0.0;0.0;0.0;0
2016;1;26;23;30;1;0;0.0;1.0;0.5;0.8387096774193549;1.0;1.0;0.012345679012345678;0.0;0.0;0.0;0
2016;1;30;17;0;0;0;0.0;1.0;0.5;0.967741935483871;0.7391304347826086;0.0;0.0;0.0;0.0;0.0;0
2016;1;5;13;30;1;0;0.0;1.0;0.5;0.16129032258064516;0.5652173913043478;1.0;0.012345679012345678;0.0;0.0;0.0;0
2016;1;30;3;0;0;0;0.0;1.0;0.5;0.967741935483871;0.13043478260869565;0.0;0.0;0.0;0.0;0.0;0
2016;1;11;17;0;2;0;0.0;1.0;0.5;0.3548387096774194;0.7391304347826086;0.0;0.024691358024691357;0.0;0.0;0.0;0
2016;1;28;9;30;2;0;0.0;1.0;0.5;0.9032258064516129;0.391304347826087;1.0;0.024691358024691357;0.0;0.0;0.0;0
2016;1;23;22;0;0;0;0.0;1.0;0.5;0.7419354838709677;0.9565217391304348;0.0;0.0;0.0;0.0;0.0;0
2016;1;31;5;0;0;0;0.0;1.0;0.5;1.0;0.21739130434782608;0.0;0.0;0.0;0.0;0.0;0
2016;1;31;9;30;0;0;0.0;1.0;0.5;1.0;0.391304347826087;1.0;0.0;0.0;0.0;0.0;0
2016;1;1;8;30;0;0;0.0;1.0;0.5;0.03225806451612903;0.34782608695652173;1.0;0.0;0.0;0.0;0.0;0
2016;1;4;9;0;0;0;0.0;1.0;0.5;0.12903225806451613;0.391304347826087;0.0;0.0;0.0;0.0;0.0;0
2016;1;15;4;30;0;0;0.0;1.0;0.5;0.4838709677419355;0.17391304347826086;1.0;0.0;0.0;0.0;0.0;0
2016;1;10;1;30;0;0;0.0;1.0;0.5;0.3225806451612903;0.043478260869565216;1.0;0.0;0.0;0.0;0.0;0
2016;1;9;15;30;2;0;0.0;1.0;0.5;0.2903225806451613;0.6521739130434783;1.0;0.024691358024691357;0.0;0.0;0.0;0
2016;1;13;20;30;0;0;0.0;1.0;0.5;0.41935483870967744;0.8695652173913043;1.0;0.0;0.0;0.0;0.0;0
2016;1;18;17;30;0;0;0.0;1.0;0.5;0.5806451612903226;0.7391304347826086;1.0;0.0;0.0;0.0;0.0;0
2016;1;24;8;0;0;0;6.3;1.0;0.5;0.7741935483870968;0.34782608695652173;0.0;0.0;0.0;0.15217391304347827;0.0;0
2016;2;1;0;30;0;0;0.0;1.0;1.0;0.03225806451612903;0.0;1.0;0.0;0.0;0.0;0.0;0
2016;1;12;12;0;1;0;0.0;1.0;0.5;0.3870967741935484;0.5217391304347826;0.0;0.012345679012345678;0.0;0.0;0.0;0
2016;1;19;12;30;1;0;0.0;1.0;0.5;0.6129032258064516;0.5217391304347826;1.0;0.012345679012345678;0.0;0.0;0.0;0
2016;1;24;3;30;0;0;0.0;1.0;0.5;0.7741935483870968;0.13043478260869565;1.0;0.0;0.0;0.0;0.0;0
2016;1;29;11;30;1;0;0.0;1.0;0.5;0.9354838709677419;0.4782608695652174;1.0;0.012345679012345678;0.0;0.0;0.0;0
2016;1;28;1;0;0;0;0.0;1.0;0.5;0.9032258064516129;0.043478260869565216;0.0;0.0;0.0;0.0;0.0;0
2016;1;13;16;0;2;0;0.0;1.0;0.5;0.41935483870967744;0.6956521739130435;0.0;0.024691358024691357;0.0;0.0;0.0;0
2016;1;27;14;0;0;0;0.0;1.0;0.5;0.8709677419354839;0.6086956521739131;0.0;0.0;0.0;0.0;0.0;0
2016;1;1;17;0;0;0;0.0;1.0;0.5;0.03225806451612903;0.7391304347826086;0.0;0.0;0.0;0.0;0.0;0
2016;1;23;14;30;0;0;0.0;1.0;0.5;0.7419354838709677;0.6086956521739131;1.0;0.0;0.0;0.0;0.0;0
2016;1;6;13;30;0;0;0.0;1.0;0.5;0.1935483870967742;0.5652173913043478;1.0;0.0;0.0;0.0;0.0;0
2016;1;17;11;30;1;0;0.0;1.0;0.5;0.5483870967741935;0.4782608695652174;1.0;0.012345679012345678;0.0;0.0;0.0;0
2016;1;6;5;30;0;0;0.0;1.0;0.5;0.1935483870967742;0.21739130434782608;1.0;0.0;0.0;0.0;0.0;0
2016;1;18;20;0;2;0;0.0;1.0;0.5;0.5806451612903226;0.8695652173913043;0.0;0.024691358024691357;0.0;0.0;0.0;0
2016;1;22;4;30;1;0;0.0;1.0;0.5;0.7096774193548387;0.17391304347826086;1.0;0.012345679012345678;0.0;0.0;0.0;0
2016;1;8;19;0;1;0;0.0;1.0;0.5;0.25806451612903225;0.8260869565217391;0.0;0.012345679012345678;0.0;0.0;0.0;0
2016;1;5;5;30;0;0;0.0;1.0;0.5;0.16129032258064516;0.21739130434782608;1.0;0.0;0.0;0.0;0.0;0
2016;1;12;4;0;0;0;0.0;1.0;0.5;0.3870967741935484;0.17391304347826086;0.0;0.0;0.0;0.0;0.0;0
2016;1;11;4;30;0;0;0.0;1.0;0.5;0.3548387096774194;0.17391304347826086;1.0;0.0;0.0;0.0;0.0;0
2016;1;31;8;30;0;0;0.0;1.0;0.5;1.0;0.34782608695652173;1.0;0.0;0.0;0.0;0.0;0
2016;1;26;13;0;0;0;0.0;1.0;0.5;0.8387096774193549;0.5652173913043478;0.0;0.0;0.0;0.0;0.0;0
2016;1;14;4;0;0;0;0.0;1.0;0.5;0.45161290322580644;0.17391304347826086;0.0;0.0;0.0;0.0;0.0;0
2016;1;17;5;30;0;0;0.0;1.0;0.5;0.5483870967741935;0.21739130434782608;1.0;0.0;0.0;0.0;0.0;0
2016;1;10;13;30;1;0;0.0;1.0;0.5;0.3225806451612903;0.5652173913043478;1.0;0.012345679012345678;0.0;0.0;0.0;0
2016;1;26;22;0;1;0;0.0;1.0;0.5;0.8387096774193549;0.9565217391304348;0.0;0.012345679012345678;0.0;0.0;0.0;0
2016;1;26;0;30;1;0;0.59;1.0;0.5;0.8387096774193549;0.0;1.0;0.012345679012345678;0.0;0.014251207729468598;13.6;2
2016;1;8;12;30;0;0;0.0;1.0;0.5;0.25806451612903225;0.5217391304347826;1.0;0.0;0.0;0.0;0.0;0
2016;1;24;6;30;0;0;0.0;1.0;0.5;0.7741935483870968;0.2608695652173913;1.0;0.0;0.0;0.0;0.0;0
2016;1;4;7;0;1;0;0.0;1.0;0.5;0.12903225806451613;0.30434782608695654;0.0;0.012345679012345678;0.0;0.0;0.0;0
2016;1;10;4;30;0;0;0.0;1.0;0.5;0.3225806451612903;0.17391304347826086;1.0;0.0;0.0;0.0;0.0;0
2016;1;4;4;0;0;0;0.0;1.0;0.5;0.12903225806451613;0.17391304347826086;0.0;0.0;0.0;0.0;0.0;0
2016;1;16;15;0;3;0;0.0;1.0;0.5;0.5161290322580645;0.6521739130434783;0.0;0.037037037037037035;0.0;0.0;0.0;0
2016;1;28;21;0;2;0;0.0;1.0;0.5;0.9032258064516129;0.9130434782608695;0.0;0.024691358024691357;0.0;0.0;0.0;0
2016;1;5;9;30;1;0;0.0;1.0;0.5;0.16129032258064516;0.391304347826087;1.0;0.012345679012345678;0.0;0.0;0.0;0
2016;1;19;13;30;0;0;0.0;1.0;0.5;0.6129032258064516;0.5652173913043478;1.0;0.0;0.0;0.0;0.0;0
2016;1;12;0;0;0;0;0.0;1.0;0.5;0.3870967741935484;0.0;0.0;0.0;0.0;0.0;0.0;0
2016;1;19;1;0;1;0;0.0;1.0;0.5;0.6129032258064516;0.043478260869565216;0.0;0.012345679012345678;0.0;0.0;0.0;0
2016;1;2;1;0;0;0;0.0;1.0;0.5;0.06451612903225806;0.043478260869565216;0.0;0.0;0.0;0.0;0.0;0
2016;1;20;19;30;4;0;0.0;1.0;0.5;0.6451612903225806;0.8260869565217391;1.0;0.04938271604938271;0.0;0.0;0.0;0
2016;1;6;11;0;0;0;0.0;1.0;0.5;0.1935483870967742;0.4782608695652174;0.0;0.0;0.0;0.0;0.0;0
2016;1;27;18;0;0;0;0.0;1.0;0.5;0.8709677419354839;0.782608695652174;0.0;0.0;0.0;0.0;0.0;0
2016;1;14;17;30;2;2;0.0;1.0;0.5;0.45161290322580644;0.7391304347826086;1.0;0.024691358024691357;1.0;0.0;0.0;0
2016;1;30;1;0;0;0;0.0;1.0;0.5;0.967741935483871;0.043478260869565216;0.0;0.0;0.0;0.0;0.0;0
2016;1;6;17;0;0;0;0.0;1.0;0.5;0.1935483870967742;0.7391304347826086;0.0;0.0;0.0;0.0;0.0;0
2016;1;27;20;0;0;0;0.0;1.0;0.5;0.8709677419354839;0.8695652173913043;0.0;0.0;0.0;0.0;0.0;0
2016;1;22;22;30;1;0;0.0;1.0;0.5;0.7096774193548387;0.9565217391304348;1.0;0.012345679012345678;0.0;0.0;0.0;0
2016;1;5;23;30;3;0;0.0;1.0;0.5;0.16129032258064516;1.0;1.0;0.037037037037037035;0.0;0.0;0.0;0
2016;1;6;9;0;0;0;0.0;1.0;0.5;0.1935483870967742;0.391304347826087;0.0;0.0;0.0;0.0;0.0;0
2016;1;27;4;30;0;0;0.0;1.0;0.5;0.8709677419354839;0.17391304347826086;1.0;0.0;0.0;0.0;0.0;0
2016;1;22;0;0;2;0;0.0;1.0;0.5;0.7096774193548387;0.0;0.0;0.024691358024691357;0.0;0.0;0.0;0
2016;1;5;14;30;0;0;0.0;1.0;0.5;0.16129032258064516;0.6086956521739131;1.0;0.0;0.0;0.0;0.0;0
2016;1;22;0;30;0;0;0.0;1.0;0.5;0.7096774193548387;0.0;1.0;0.0;0.0;0.0;0.0;0
2016;1;29;17;0;0;0;0.0;1.0;0.5;0.9354838709677419;0.7391304347826086;0.0;0.0;0.0;0.0;0.0;0
2016;1;9;3;0;0;0;0.0;1.0;0.5;0.2903225806451613;0.13043478260869565;0.0;0.0;0.0;0.0;0.0;0
2016;1;15;10;0;2;0;0.0;1.0;0.5;0.4838709677419355;0.43478260869565216;0.0;0.024691358024691357;0.0;0.0;0.0;0
2016;1;22;1;30;0;0;0.0;1.0;0.5;0.7096774193548387;0.043478260869565216;1.0;0.0;0.0;0.0;0.0;0
2016;1;18;12;30;0;0;0.0;1.0;0.5;0.5806451612903226;0.5217391304347826;1.0;0.0;0.0;0.0;0.0;0
2016;1;31;14;0;1;0;0.0;1.0;0.5;1.0;0.6086956521739131;0.0;0.012345679012345678;0.0;0.0;0.0;0
2016;1;2;20;0;0;0;5.6;1.0;0.5;0.06451612903225806;0.8695652173913043;0.0;0.0;0.0;0.13526570048309178;0.0;0
2016;1;11;12;30;0;0;0.0;1.0;0.5;0.3548387096774194;0.5217391304347826;1.0;0.0;0.0;0.0;0.0;0
2016;1;15;3;30;0;0;0.0;1.0;0.5;0.4838709677419355;0.13043478260869565;1.0;0.0;0.0;0.0;0.0;0
2016;1;23;23;30;1;0;0.0;1.0;0.5;0.7419354838709677;1.0;1.0;0.012345679012345678;0.0;0.0;0.0;0
2016;1;24;18;30;6;0;0.0;1.0;0.5;0.7741935483870968;0.782608695652174;1.0;0.07407407407407407;0.0;0.0;0.0;0
2016;1;1;6;30;0;0;0.0;1.0;0.5;0.03225806451612903;0.2608695652173913;1.0;0.0;0.0;0.0;0.0;0
2016;1;5;0;0;1;0;0.0;1.0;0.5;0.16129032258064516;0.0;0.0;0.012345679012345678;0.0;0.0;0.0;0
2016;1;5;20;30;1;0;0.0;1.0;0.5;0.16129032258064516;0.8695652173913043;1.0;0.012345679012345678;0.0;0.0;0.0;0
2016;1;26;7;30;0;0;0.0;1.0;0.5;0.8387096774193549;0.30434782608695654;1.0;0.0;0.0;0.0;0.0;0
2016;1;6;10;30;1;0;0.0;1.0;0.5;0.1935483870967742;0.43478260869565216;1.0;0.012345679012345678;0.0;0.0;0.0;0
2016;1;17;6;0;0;0;0.0;1.0;0.5;0.5483870967741935;0.2608695652173913;0.0;0.0;0.0;0.0;0.0;0
2016;1;13;4;0;0;0;0.0;1.0;0.5;0.41935483870967744;0.17391304347826086;0.0;0.0;0.0;0.0;0.0;0
2016;1;21;6;30;0;0;0.0;1.0;0.5;0.6774193548387096;0.2608695652173913;1.0;0.0;0.0;0.0;0.0;0
2016;1;21;1;30;1;0;0.0;1.0;0.5;0.6774193548387096;0.043478260869565216;1.0;0.012345679012345678;0.0;0.0;0.0;0
2016;1;11;7;30;0;0;0.0;1.0;0.5;0.3548387096774194;0.30434782608695654;1.0;0.0;0.0;0.0;0.0;0
2016;1;3;16;30;0;0;0.0;1.0;0.5;0.0967741935483871;0.6956521739130435;1.0;0.0;0.0;0.0;0.0;0
2016;1;5;10;30;0;0;0.0;1.0;0.5;0.16129032258064516;0.43478260869565216;1.0;0.0;0.0;0.0;0.0;0
2016;1;23;11;0;0;0;0.0;1.0;0.5;0.7419354838709677;0.4782608695652174;0.0;0.0;0.0;0.0;0.0;0
2016;1;15;17;0;3;0;0.0;1.0;0.5;0.4838709677419355;0.7391304347826086;0.0;0.037037037037037035;0.0;0.0;0.0;0
2016;1;13;11;30;0;0;0.0;1.0;0.5;0.41935483870967744;0.4782608695652174;1.0;0.0;0.0;0.0;0.0;0
2016;1;23;7;0;0;0;0.0;1.0;0.5;0.7419354838709677;0.30434782608695654;0.0;0.0;0.0;0.0;0.0;0
2016;1;6;22;0;4;0;0.0;1.0;0.5;0.1935483870967742;0.9565217391304348;0.0;0.04938271604938271;0.0;0.0;0.0;0
2016;1;19;18;0;1;0;0.0;1.0;0.5;0.6129032258064516;0.782608695652174;0.0;0.012345679012345678;0.0;0.0;0.0;0
2016;1;13;21;0;3;0;0.0;1.0;0.5;0.41935483870967744;0.9130434782608695;0.0;0.037037037037037035;0.0;0.0;0.0;0
2016;1;15;1;0;1;0;0.0;1.0;0.5;0.4838709677419355;0.043478260869565216;0.0;0.012345679012345678;0.0;0.0;0.0;0
2016;1;28;11;0;0;0;0.0;1.0;0.5;0.9032258064516129;0.4782608695652174;0.0;0.0;0.0;0.0;0.0;0
2016;1;13;19;0;0;0;0.0;1.0;0.5;0.41935483870967744;0.8260869565217391;0.0;0.0;0.0;0.0;0.0;0
2016;1;31;23;0;0;0;0.0;1.0;0.5;1.0;1.0;0.0;0.0;0.0;0.0;0.0;0
2016;1;3;15;0;2;0;0.0;1.0;0.5;0.0967741935483871;0.6521739130434783;0.0;0.024691358024691357;0.0;0.0;0.0;0
2016;1;8;2;30;0;0;0.0;1.0;0.5;0.25806451612903225;0.08695652173913043;1.0;0.0;0.0;0.0;0.0;0
2016;1;24;17;0;1;0;0.0;1.0;0.5;0.7741935483870968;0.7391304347826086;0.0;0.012345679012345678;0.0;0.0;0.0;0
2016;1;25;19;30;1;0;0.0;1.0;0.5;0.8064516129032258;0.8260869565217391;1.0;0.012345679012345678;0.0;0.0;0.0;0
2016;1;13;15;0;3;0;0.0;1.0;0.5;0.41935483870967744;0.6521739130434783;0.0;0.037037037037037035;0.0;0.0;0.0;0
2016;1;2;10;30;1;0;0.0;1.0;0.5;0.06451612903225806;0.43478260869565216;1.0;0.012345679012345678;0.0;0.0;0.0;0
2016;1;23;8;30;0;0;0.0;1.0;0.5;0.7419354838709677;0.34782608695652173;1.0;0.0;0.0;0.0;0.0;0
2016;1;24;12;30;2;0;0.0;1.0;0.5;0.7741935483870968;0.5217391304347826;1.0;0.024691358024691357;0.0;0.0;0.0;0
2016;1;16;9;0;1;0;0.0;1.0;0.5;0.5161290322580645;0.391304347826087;0.0;0.012345679012345678;0.0;0.0;0.0;0
2016;1;1;12;0;0;0;0.0;1.0;0.5;0.03225806451612903;0.5217391304347826;0.0;0.0;0.0;0.0;0.0;0
2016;1;21;18;0;0;0;0.0;1.0;0.5;0.6774193548387096;0.782608695652174;0.0;0.0;0.0;0.0;0.0;0
2016;1;26;15;0;0;0;0.0;1.0;0.5;0.8387096774193549;0.6521739130434783;0.0;0.0;0.0;0.0;0.0;0
2016;1;3;2;0;0;0;0.0;1.0;0.5;0.0967741935483871;0.08695652173913043;0.0;0.0;0.0;0.0;0.0;0
2016;1;8;19;30;1;0;0.0;1.0;0.5;0.25806451612903225;0.8260869565217391;1.0;0.012345679012345678;0.0;0.0;0.0;0
2016;1;1;16;0;1;0;0.0;1.0;0.5;0.03225806451612903;0.6956521739130435;0.0;0.012345679012345678;0.0;0.0;0.0;0
2016;1;2;9;30;0;0;0.0;1.0;0.5;0.06451612903225806;0.391304347826087;1.0;0.0;0.0;0.0;0.0;0
2016;1;22;5;30;0;0;0.0;1.0;0.5;0.7096774193548387;0.21739130434782608;1.0;0.0;0.0;0.0;0.0;0
2016;1;22;11;0;2;0;0.0;1.0;0.5;0.7096774193548387;0.4782608695652174;0.0;0.024691358024691357;0.0;0.0;0.0;0
2016;1;19;16;30;3;0;0.0;1.0;0.5;0.6129032258064516;0.6956521739130435;1.0;0.037037037037037035;0.0;0.0;0.0;0
2016;1;17;3;30;0;0;0.0;1.0;0.5;0.5483870967741935;0.13043478260869565;1.0;0.0;0.0;0.0;0.0;0
2016;1;23;5;0;0;0;0.0;1.0;0.5;0.7419354838709677;0.21739130434782608;0.0;0.0;0.0;0.0;0.0;0
2016;1;4;19;0;0;0;0.0;1.0;0.5;0.12903225806451613;0.8260869565217391;0.0;0.0;0.0;0.0;0.0;0
2016;1;22;6;30;0;0;0.0;1.0;0.5;0.7096774193548387;0.2608695652173913;1.0;0.0;0.0;0.0;0.0;0
2016;1;14;8;0;0;0;0.0;1.0;0.5;0.45161290322580644;0.34782608695652173;0.0;0.0;0.0;0.0;0.0;0
2016;1;4;20;30;1;0;0.0;1.0;0.5;0.12903225806451613;0.8695652173913043;1.0;0.012345679012345678;0.0;0.0;0.0;0
2016;1;8;8;0;4;0;0.0;1.0;0.5;0.25806451612903225;0.34782608695652173;0.0;0.04938271604938271;0.0;0.0;0.0;0
2016;1;25;11;0;1;0;0.0;1.0;0.5;0.8064516129032258;0.4782608695652174;0.0;0.012345679012345678;0.0;0.0;0.0;0
2016;1;8;9;0;0;0;0.0;1.0;0.5;0.25806451612903225;0.391304347826087;0.0;0.0;0.0;0.0;0.0;0
2016;1;12;17;30;0;0;0.0;1.0;0.5;0.3870967741935484;0.7391304347826086;1.0;0.0;0.0;0.0;0.0;0
2016;1;4;6;30;0;0;0.0;1.0;0.5;0.12903225806451613;0.2608695652173913;1.0;0.0;0.0;0.0;0.0;0
2016;1;5;17;30;0;0;0.0;1.0;0.5;0.16129032258064516;0.7391304347826086;1.0;0.0;0.0;0.0;0.0;0
2016;1;31;21;0;12;0;0.0;1.0;0.5;1.0;0.9130434782608695;0.0;0.14814814814814814;0.0;0.0;0.0;0
2016;1;21;15;30;1;0;0.0;1.0;0.5;0.6774193548387096;0.6521739130434783;1.0;0.012345679012345678;0.0;0.0;0.0;0
2016;1;10;21;0;4;0;0.0;1.0;0.5;0.3225806451612903;0.9130434782608695;0.0;0.04938271604938271;0.0;0.0;0.0;0
2016;1;10;12;0;1;0;0.0;1.0;0.5;0.3225806451612903;0.5217391304347826;0.0;0.012345679012345678;0.0;0.0;0.0;0
2016;1;12;12;30;0;0;0.0;1.0;0.5;0.3870967741935484;0.5217391304347826;1.0;0.0;0.0;0.0;0.0;0
2016;1;26;7;0;0;0;0.0;1.0;0.5;0.8387096774193549;0.30434782608695654;0.0;0.0;0.0;0.0;0.0;0
2016;1;12;20;0;1;0;0.0;1.0;0.5;0.3870967741935484;0.8695652173913043;0.0;0.012345679012345678;0.0;0.0;0.0;0
2016;1;3;17;30;0;0;0.0;1.0;0.5;0.0967741935483871;0.7391304347826086;1.0;0.0;0.0;0.0;0.0;0
2016;1;20;7;0;0;0;0.0;1.0;0.5;0.6451612903225806;0.30434782608695654;0.0;0.0;0.0;0.0;0.0;0
2016;1;11;8;0;3;0;0.0;1.0;0.5;0.3548387096774194;0.34782608695652173;0.0;0.037037037037037035;0.0;0.0;0.0;0
2016;1;28;22;30;0;0;0.0;1.0;0.5;0.9032258064516129;0.9565217391304348;1.0;0.0;0.0;0.0;0.0;0
2016;1;26;8;0;1;0;0.0;1.0;0.5;0.8387096774193549;0.34782608695652173;0.0;0.012345679012345678;0.0;0.0;0.0;0
2016;1;14;19;30;0;0;0.0;1.0;0.5;0.45161290322580644;0.8260869565217391;1.0;0.0;0.0;0.0;0.0;0
2016;1;28;16;0;1;0;0.0;1.0;0.5;0.9032258064516129;0.6956521739130435;0.0;0.012345679012345678;0.0;0.0;0.0;0
2016;1;16;13;0;0;0;0.0;1.0;0.5;0.5161290322580645;0.5652173913043478;0.0;0.0;0.0;0.0;0.0;0
2016;1;4;20;0;1;0;0.0;1.0;0.5;0.12903225806451613;0.8695652173913043;0.0;0.012345679012345678;0.0;0.0;0.0;0
2016;1;24;7;30;0;0;0.0;1.0;0.5;0.7741935483870968;0.30434782608695654;1.0;0.0;0.0;0.0;6.3;1
2016;1;30;5;0;0;0;0.0;1.0;0.5;0.967741935483871;0.21739130434782608;0.0;0.0;0.0;0.0;0.0;0
2016;1;15;6;0;0;0;0.0;1.0;0.5;0.4838709677419355;0.2608695652173913;0.0;0.0;0.0;0.0;0.0;0
2016;1;8;8;30;2;0;0.0;1.0;0.5;0.25806451612903225;0.34782608695652173;1.0;0.024691358024691357;0.0;0.0;0.0;0
2016;1;11;18;30;0;0;0.0;1.0;0.5;0.3548387096774194;0.782608695652174;1.0;0.0;0.0;0.0;0.0;0
2016;1;4;11;0;0;0;0.0;1.0;0.5;0.12903225806451613;0.4782608695652174;0.0;0.0;0.0;0.0;0.0;0
2016;1;29;20;30;1;0;0.0;1.0;0.5;0.9354838709677419;0.8695652173913043;1.0;0.012345679012345678;0.0;0.0;0.0;0
2016;1;18;4;30;0;0;0.0;1.0;0.5;0.5806451612903226;0.17391304347826086;1.0;0.0;0.0;0.0;0.0;0
2016;1;1;9;30;0;0;0.0;1.0;0.5;0.03225806451612903;0.391304347826087;1.0;0.0;0.0;0.0;0.0;0
2016;1;5;18;0;2;0;0.0;1.0;0.5;0.16129032258064516;0.782608695652174;0.0;0.024691358024691357;0.0;0.0;0.0;0
2016;1;2;21;0;0;0;0.0;1.0;0.5;0.06451612903225806;0.9130434782608695;0.0;0.0;0.0;0.0;0.0;0
2016;1;2;18;30;0;0;0.0;1.0;0.5;0.06451612903225806;0.782608695652174;1.0;0.0;0.0;0.0;0.2;0
2016;1;28;15;30;4;0;0.0;1.0;0.5;0.9032258064516129;0.6521739130434783;1.0;0.04938271604938271;0.0;0.0;0.0;0
2016;1;15;9;30;0;0;0.0;1.0;0.5;0.4838709677419355;0.391304347826087;1.0;0.0;0.0;0.0;0.0;0
2016;1;15;6;30;0;0;0.0;1.0;0.5;0.4838709677419355;0.2608695652173913;1.0;0.0;0.0;0.0;0.0;0
2016;1;14;14;30;0;0;0.0;1.0;0.5;0.45161290322580644;0.6086956521739131;1.0;0.0;0.0;0.0;0.0;0
2016;1;18;9;30;0;0;0.0;1.0;0.5;0.5806451612903226;0.391304347826087;1.0;0.0;0.0;0.0;0.0;0
2016;1;11;1;0;1;0;0.0;1.0;0.5;0.3548387096774194;0.043478260869565216;0.0;0.012345679012345678;0.0;0.0;0.0;0
2016;1;8;20;0;2;0;0.0;1.0;0.5;0.25806451612903225;0.8695652173913043;0.0;0.024691358024691357;0.0;0.0;0.0;0
2016;1;30;4;30;0;0;0.0;1.0;0.5;0.967741935483871;0.17391304347826086;1.0;0.0;0.0;0.0;0.0;0
2016;1;31;16;30;3;0;0.0;1.0;0.5;1.0;0.6956521739130435;1.0;0.037037037037037035;0.0;0.0;0.0;0
2016;1;17;10;30;2;0;0.0;1.0;0.5;0.5483870967741935;0.43478260869565216;1.0;0.024691358024691357;0.0;0.0;0.0;0
2016;1;21;21;0;0;0;0.0;1.0;0.5;0.6774193548387096;0.9130434782608695;0.0;0.0;0.0;0.0;0.0;0
2016;1;3;20;0;0;0;0.0;1.0;0.5;0.0967741935483871;0.8695652173913043;0.0;0.0;0.0;0.0;0.0;0
2016;1;27;9;0;2;0;0.0;1.0;0.5;0.8709677419354839;0.391304347826087;0.0;0.024691358024691357;0.0;0.0;0.0;0
2016;1;28;10;0;1;0;0.0;1.0;0.5;0.9032258064516129;0.43478260869565216;0.0;0.012345679012345678;0.0;0.0;0.0;0
2016;1;23;11;30;3;0;0.0;1.0;0.5;0.7419354838709677;0.4782608695652174;1.0;0.037037037037037035;0.0;0.0;0.0;0
2016;1;2;2;0;0;0;0.0;1.0;0.5;0.06451612903225806;0.08695652173913043;0.0;0.0;0.0;0.0;0.0;0
2016;1;8;18;0;1;0;0.0;1.0;0.5;0.25806451612903225;0.782608695652174;0.0;0.012345679012345678;0.0;0.0;0.0;0
2016;1;29;9;0;0;0;0.0;1.0;0.5;0.9354838709677419;0.391304347826087;0.0;0.0;0.0;0.0;0.0;0
2016;1;5;12;30;1;0;0.0;1.0;0.5;0.16129032258064516;0.5217391304347826;1.0;0.012345679012345678;0.0;0.0;0.0;0
2016;1;14;10;30;1;0;0.0;1.0;0.5;0.45161290322580644;0.43478260869565216;1.0;0.012345679012345678;0.0;0.0;0.0;0
2016;1;25;20;30;0;0;0.0;1.0;0.5;0.8064516129032258;0.8695652173913043;1.0;0.0;0.0;0.0;0.0;0
2016;1;31;23;30;0;0;0.0;1.0;0.5;1.0;1.0;1.0;0.0;0.0;0.0;0.0;0
2016;1;16;16;30;1;0;0.0;1.0;0.5;0.5161290322580645;0.6956521739130435;1.0;0.012345679012345678;0.0;0.0;0.0;0
2016;1;24;7;0;0;0;0.0;1.0;0.5;0.7741935483870968;0.30434782608695654;0.0;0.0;0.0;0.0;0.0;0
2016;1;7;20;30;2;0;0.0;1.0;0.5;0.22580645161290322;0.8695652173913043;1.0;0.024691358024691357;0.0;0.0;0.0;0
2016;1;9;7;0;0;0;0.0;1.0;0.5;0.2903225806451613;0.30434782608695654;0.0;0.0;0.0;0.0;0.0;0
2016;1;15;21;0;1;0;0.0;1.0;0.5;0.4838709677419355;0.9130434782608695;0.0;0.012345679012345678;0.0;0.0;0.0;0
2016;1;9;7;30;0;0;0.0;1.0;0.5;0.2903225806451613;0.30434782608695654;1.0;0.0;0.0;0.0;0.0;0
2016;1;10;17;30;0;0;0.0;1.0;0.5;0.3225806451612903;0.7391304347826086;1.0;0.0;0.0;0.0;0.0;0
2016;1;16;10;30;3;0;0.0;1.0;0.5;0.5161290322580645;0.43478260869565216;1.0;0.037037037037037035;0.0;0.0;0.0;0
2016;1;10;6;0;0;0;0.0;1.0;0.5;0.3225806451612903;0.2608695652173913;0.0;0.0;0.0;0.0;0.0;0
2016;1;12;3;30;0;0;0.0;1.0;0.5;0.3870967741935484;0.13043478260869565;1.0;0.0;0.0;0.0;0.0;0
2016;1;9;17;30;0;0;0.0;1.0;0.5;0.2903225806451613;0.7391304347826086;1.0;0.0;0.0;0.0;0.0;0
2016;1;10;9;0;1;0;0.0;1.0;0.5;0.3225806451612903;0.391304347826087;0.0;0.012345679012345678;0.0;0.0;0.0;0
2016;1;23;20;30;2;0;0.0;1.0;0.5;0.7419354838709677;0.8695652173913043;1.0;0.024691358024691357;0.0;0.0;0.0;0
2016;1;23;18;30;1;0;0.0;1.0;0.5;0.7419354838709677;0.782608695652174;1.0;0.012345679012345678;0.0;0.0;0.0;0
2016;1;18;13;0;2;0;0.0;1.0;0.5;0.5806451612903226;0.5652173913043478;0.0;0.024691358024691357;0.0;0.0;0.0;0
2016;1;27;8;0;0;0;0.0;1.0;0.5;0.8709677419354839;0.34782608695652173;0.0;0.0;0.0;0.0;0.0;0
